0	44.0	-18.0	83.0	-32.0	-27.0	30.0	-20.0	9.0	163.23
1	30.0	-28.0	23.0	39.0	-13.0	-16.0	108.0	6.0	165.31
2	-1.0	-2.0	4.0	-5.0	90.0	-40.0	78.0	87.0	168.4
3	-34.0	-56.0	31.0	-36.0	-44.0	-128.0	60.0	72.0	157.2
4	-40.0	-12.0	-11.0	-10.0	-16.0	-13.0	-33.0	23.0	158.85
5	8.0	-45.0	-11.0	-10.0	4.0	35.0	56.0	-84.0	159.98
6	14.0	-3.0	-26.0	44.0	32.0	-32.0	-90.0	43.0	147.95
7	-104.0	125.0	-17.0	-94.0	-90.0	-85.0	-35.0	-42.0	143.08
8	-41.0	30.0	-16.0	-6.0	15.0	126.0	4.0	-96.0	153.25
9	38.0	1.0	-7.0	-1.0	-32.0	106.0	-24.0	48.0	157.2
10	-36.0	69.0	-7.0	8.0	127.0	65.0	9.0	-29.0	156.0
11	35.0	14.0	4.0	-108.0	35.0	-112.0	77.0	48.0	141.38
12	-30.0	3.0	23.0	-39.0	-7.0	-26.0	-12.0	0.0	150.34
13	68.0	11.0	61.0	-12.0	67.0	57.0	-23.0	18.0	138.27
14	-77.0	5.0	16.0	104.0	-37.0	-85.0	50.0	52.0	152.53
15	46.0	0.0	-48.0	9.0	23.0	-77.0	33.0	0.0	145.05
16	36.0	-18.0	60.0	64.0	23.0	94.0	-73.0	-41.0	152.53
17	-102.0	-58.0	-4.0	61.0	-56.0	127.0	-79.0	53.0	156.0
18	12.0	11.0	-45.0	-83.0	-22.0	49.0	-4.0	-37.0	146.1
19	21.0	-8.0	-23.0	37.0	32.0	-102.0	32.0	18.0	150.77
20	26.0	2.0	-33.0	-10.0	20.0	-96.0	111.0	-9.0	147.95
21	9.0	18.0	-15.0	38.0	-30.0	111.0	6.0	-4.0	140.12
22	-16.0	-16.0	2.0	16.0	-24.0	84.0	-43.0	117.0	136.67
23	47.0	5.0	9.0	-22.0	12.0	29.0	118.0	-84.0	134.22
24	23.0	1.0	21.0	8.0	-46.0	37.0	8.0	-5.0	143.08
25	-32.0	5.0	-13.0	9.0	-20.0	95.0	-10.0	82.0	136.67
26	-37.0	-12.0	26.0	-99.0	-25.0	3.0	127.0	-92.0	131.2
27	-55.0	-23.0	-19.0	3.0	106.0	-78.0	-37.0	58.0	114.62
28	56.0	19.0	-23.0	-62.0	-40.0	-10.0	-30.0	-72.0	119.71
29	5.0	5.0	-6.0	-6.0	86.0	127.0	48.0	-5.0	110.55
30	-16.0	23.0	14.0	-45.0	-60.0	-113.0	-71.0	81.0	104.99
31	-46.0	-2.0	-8.0	-1.0	-110.0	-74.0	38.0	-11.0	98.28
32	31.0	-66.0	-36.0	37.0	18.0	75.0	-40.0	19.0	94.89
33	41.0	6.0	27.0	-44.0	-42.0	-22.0	-97.0	21.0	89.0
34	6.0	-1.0	-26.0	49.0	75.0	-128.0	22.0	-128.0	89.0
35	-44.0	25.0	19.0	29.0	-7.0	27.0	-117.0	-22.0	89.63
36	89.0	18.0	11.0	3.0	-25.0	101.0	23.0	27.0	89.27
37	-93.0	-10.0	13.0	-6.0	-2.0	-69.0	28.0	20.0	89.74
38	-2.0	18.0	10.0	-17.0	-128.0	-5.0	69.0	37.0	103.66
39	-6.0	-4.0	-43.0	19.0	-72.0	70.0	-50.0	84.0	91.63
40	30.0	24.0	-22.0	-90.0	26.0	127.0	-128.0	-51.0	98.62
41	28.0	31.0	-6.0	-8.0	32.0	-14.0	30.0	68.0	94.89
42	-53.0	-35.0	12.0	-54.0	49.0	-83.0	17.0	-85.0	89.63
43	3.0	-16.0	46.0	-18.0	-90.0	83.0	21.0	86.0	89.33
44	41.0	-27.0	-7.0	8.0	127.0	21.0	-52.0	-40.0	90.78
45	-2.0	-17.0	6.0	54.0	-44.0	-64.0	-91.0	46.0	90.78
46	14.0	-25.0	-5.0	44.0	-24.0	27.0	38.0	-16.0	92.32
47	31.0	-10.0	-18.0	-24.0	-86.0	48.0	10.0	-105.0	96.68
48	6.0	23.0	98.0	5.0	47.0	-33.0	-52.0	-46.0	101.57
49	-29.0	-28.0	9.0	65.0	5.0	-5.0	-18.0	26.0	109.97
50	-114.0	4.0	-16.0	-17.0	-19.0	-50.0	-1.0	26.0	124.45
51	55.0	12.0	-9.0	-14.0	22.0	116.0	125.0	-81.0	115.57
52	-11.0	-20.0	10.0	-49.0	27.0	29.0	-114.0	67.0	115.57
53	-40.0	88.0	-5.0	-5.0	-22.0	-38.0	27.0	-116.0	109.97
54	-48.0	-4.0	-9.0	47.0	8.0	16.0	46.0	15.0	106.29
55	-1.0	-10.0	-9.0	6.0	7.0	-5.0	20.0	83.0	112.69
56	58.0	-38.0	-27.0	21.0	127.0	29.0	83.0	-128.0	103.66
57	6.0	-60.0	-2.0	15.0	36.0	-58.0	-1.0	36.0	96.68
58	9.0	-29.0	-60.0	5.0	-34.0	-24.0	-25.0	-12.0	101.57
59	-19.0	11.0	16.0	-37.0	-16.0	84.0	10.0	-77.0	124.45
60	-77.0	0.0	31.0	-34.0	-40.0	-37.0	59.0	36.0	128.87
61	40.0	31.0	-11.0	7.0	4.0	-15.0	83.0	-62.0	131.2
62	58.0	-10.0	17.0	40.0	-53.0	-100.0	-46.0	11.0	133.36
63	-108.0	25.0	-9.0	-25.0	111.0	14.0	14.0	100.0	138.27
64	75.0	8.0	-11.0	-8.0	76.0	56.0	16.0	-39.0	150.77
65	-22.0	-27.0	18.0	-16.0	30.0	-23.0	8.0	-50.0	154.48
66	63.0	-12.0	-55.0	4.0	25.0	15.0	-71.0	-30.0	159.98
67	-14.0	-29.0	-7.0	18.0	-18.0	81.0	11.0	-12.0	163.77
68	-20.0	-62.0	-3.0	-6.0	40.0	-23.0	-31.0	-72.0	168.78
69	10.0	-20.0	-5.0	-42.0	-6.0	127.0	-79.0	-32.0	168.55
70	-20.0	-27.0	-18.0	45.0	50.0	89.0	-16.0	-27.0	169.5
71	19.0	38.0	23.0	-45.0	127.0	-42.0	118.0	42.0	168.35
72	48.0	59.0	27.0	-28.0	-9.0	127.0	119.0	43.0	166.68
73	79.0	-39.0	-24.0	112.0	-128.0	85.0	-78.0	-24.0	168.35
74	30.0	64.0	31.0	-4.0	-48.0	83.0	-87.0	-31.0	167.93
75	108.0	-26.0	6.0	45.0	127.0	39.0	33.0	51.0	168.88
76	-10.0	-14.0	9.0	2.0	-53.0	-26.0	-8.0	61.0	168.28
77	127.0	-1.0	-24.0	18.0	-97.0	-18.0	-64.0	-119.0	165.31
78	-19.0	-39.0	-70.0	105.0	-29.0	49.0	35.0	-82.0	169.5
79	31.0	-15.0	-2.0	-101.0	18.0	4.0	84.0	81.0	170.07
80	-18.0	-10.0	-17.0	-21.0	7.0	-98.0	-23.0	0.0	169.71
81	27.0	13.0	-72.0	31.0	-70.0	-67.0	-90.0	127.0	168.88
82	-7.0	12.0	-18.0	-30.0	42.0	19.0	33.0	42.0	168.4
83	-64.0	-5.0	-20.0	97.0	103.0	-76.0	35.0	41.0	163.77
84	-25.0	25.0	-43.0	-48.0	46.0	-8.0	17.0	75.0	166.74
85	15.0	34.0	-1.0	-19.0	-92.0	85.0	-14.0	11.0	160.51
86	5.0	-16.0	-25.0	41.0	-74.0	-76.0	-5.0	-23.0	167.93
