0	69.0	0.0	-8.0	3.0	74.0	-57.0	55.0	-85.0	147.06
1	15.0	-49.0	4.0	-115.0	-7.0	-29.0	-97.0	29.0	151.11
2	-3.0	12.0	6.0	37.0	35.0	-128.0	16.0	-8.0	140.21
3	-40.0	4.0	-60.0	-20.0	-28.0	-77.0	-91.0	24.0	147.7
4	-4.0	49.0	37.0	9.0	56.0	98.0	40.0	7.0	161.22
5	51.0	0.0	13.0	50.0	72.0	127.0	99.0	-1.0	159.83
6	63.0	16.0	-40.0	53.0	-52.0	127.0	109.0	12.0	155.45
7	17.0	9.0	0.0	-44.0	63.0	0.0	-57.0	24.0	143.73
8	-51.0	-4.0	-30.0	45.0	-95.0	-29.0	77.0	-12.0	159.83
9	-11.0	12.0	5.0	-127.0	127.0	55.0	68.0	35.0	161.22
10	0.0	18.0	7.0	-99.0	74.0	9.0	-73.0	33.0	157.4
11	97.0	-15.0	17.0	-41.0	127.0	-100.0	-92.0	-71.0	139.42
12	2.0	55.0	101.0	-42.0	-96.0	-123.0	-49.0	17.0	151.11
13	4.0	31.0	52.0	66.0	-89.0	-42.0	-80.0	-118.0	153.42
14	-42.0	27.0	-22.0	7.0	48.0	12.0	-57.0	54.0	153.52
15	29.0	28.0	73.0	-19.0	-21.0	127.0	-90.0	73.0	143.73
16	66.0	-21.0	-48.0	7.0	23.0	87.0	-48.0	-93.0	138.02
17	7.0	-23.0	15.0	-47.0	-111.0	-25.0	77.0	-47.0	142.15
18	-6.0	-11.0	-36.0	-1.0	7.0	22.0	-13.0	-1.0	155.3
19	-10.0	-1.0	-32.0	53.0	113.0	107.0	20.0	-74.0	152.52
20	29.0	10.0	-23.0	-52.0	125.0	-42.0	-4.0	-53.0	155.45
21	-55.0	-10.0	14.0	2.0	5.0	90.0	-5.0	49.0	164.28
22	-24.0	-41.0	29.0	40.0	-66.0	-78.0	-48.0	44.0	168.19
23	-11.0	-6.0	-34.0	-90.0	-53.0	-8.0	33.0	-10.0	168.19
24	3.0	-11.0	-12.0	-10.0	19.0	67.0	63.0	25.0	164.46
25	-21.0	10.0	-6.0	-15.0	-13.0	127.0	-45.0	20.0	167.04
26	-3.0	-9.0	55.0	50.0	28.0	-120.0	-26.0	-14.0	167.7
27	5.0	-27.0	-37.0	23.0	4.0	97.0	-17.0	-5.0	168.02
28	-10.0	48.0	-31.0	-37.0	-120.0	89.0	-12.0	-9.0	167.77
29	5.0	-11.0	-37.0	7.0	-11.0	-85.0	-73.0	-34.0	167.04
30	-14.0	8.0	52.0	-3.0	31.0	76.0	61.0	5.0	166.62
31	-16.0	24.0	1.0	-32.0	-20.0	2.0	23.0	64.0	167.97
32	-51.0	-21.0	-32.0	-17.0	112.0	-61.0	2.0	-15.0	165.61
33	48.0	0.0	-13.0	-30.0	-67.0	-54.0	9.0	38.0	166.62
34	-83.0	9.0	49.0	-51.0	8.0	127.0	-76.0	-76.0	158.28
35	15.0	-27.0	87.0	-30.0	-110.0	-3.0	59.0	-1.0	162.13
36	-33.0	27.0	33.0	47.0	-24.0	-123.0	25.0	127.0	164.28
37	19.0	-21.0	11.0	2.0	10.0	-13.0	-43.0	33.0	150.91
38	19.0	-10.0	-113.0	3.0	-35.0	-29.0	-40.0	-54.0	145.28
39	24.0	-13.0	-34.0	-33.0	-15.0	127.0	-60.0	48.0	150.91
40	21.0	33.0	-59.0	43.0	-128.0	-67.0	-91.0	24.0	137.55
41	-33.0	33.0	25.0	-32.0	-7.0	-57.0	78.0	43.0	138.02
42	-111.0	10.0	28.0	-94.0	-10.0	-19.0	101.0	-17.0	135.57
43	-75.0	-26.0	2.0	53.0	44.0	-45.0	36.0	-112.0	135.57
44	10.0	-34.0	19.0	-111.0	-80.0	127.0	59.0	-33.0	131.69
45	26.0	11.0	0.0	93.0	-38.0	-29.0	32.0	-41.0	126.98
46	-44.0	-6.0	80.0	-36.0	15.0	55.0	-12.0	73.0	129.68
47	68.0	24.0	67.0	-50.0	63.0	-53.0	-63.0	-22.0	131.45
48	-1.0	-2.0	-34.0	-46.0	63.0	103.0	91.0	-33.0	127.47
49	2.0	38.0	-41.0	-40.0	113.0	-123.0	4.0	-6.0	125.13
50	50.0	-2.0	14.0	-35.0	15.0	47.0	88.0	-7.0	121.6
51	68.0	-14.0	23.0	47.0	13.0	110.0	-8.0	113.0	122.61
52	16.0	7.0	-1.0	18.0	-106.0	-27.0	6.0	19.0	115.67
53	3.0	-4.0	-18.0	53.0	70.0	59.0	54.0	57.0	118.82
54	24.0	9.0	-59.0	-51.0	-38.0	-63.0	-90.0	14.0	108.13
55	-59.0	-14.0	101.0	53.0	-3.0	-77.0	21.0	-22.0	99.55
56	93.0	-7.0	20.0	39.0	55.0	90.0	35.0	-3.0	98.16
57	35.0	-14.0	-1.0	-28.0	39.0	-85.0	-30.0	72.0	99.79
58	79.0	3.0	-13.0	10.0	16.0	3.0	-78.0	-15.0	98.61
59	-11.0	6.0	-8.0	-32.0	25.0	59.0	-74.0	-22.0	97.73
60	-23.0	55.0	6.0	-5.0	49.0	-89.0	-28.0	-104.0	97.73
61	20.0	-12.0	29.0	20.0	-8.0	55.0	-32.0	64.0	99.79
62	-74.0	-5.0	-9.0	-21.0	-37.0	82.0	-76.0	-41.0	111.48
63	18.0	4.0	-47.0	-110.0	-38.0	74.0	110.0	43.0	108.13
64	-14.0	-2.0	-77.0	-4.0	12.0	127.0	44.0	-14.0	99.41
65	-15.0	-34.0	5.0	-62.0	96.0	-21.0	-72.0	12.0	101.54
66	26.0	5.0	-50.0	46.0	-41.0	19.0	78.0	-117.0	115.36
67	-8.0	-40.0	-28.0	-15.0	30.0	124.0	-21.0	-41.0	104.85
68	-9.0	-5.0	82.0	-53.0	-40.0	-98.0	80.0	63.0	97.82
69	57.0	-10.0	-67.0	10.0	-124.0	1.0	-61.0	-40.0	97.22
70	-14.0	-13.0	13.0	16.0	-78.0	-80.0	-13.0	-30.0	101.54
71	-18.0	5.0	-53.0	31.0	70.0	101.0	-16.0	55.0	125.13
72	-6.0	3.0	-8.0	-22.0	49.0	-26.0	-57.0	4.0	115.67
73	28.0	46.0	-17.0	-35.0	-118.0	98.0	-4.0	-54.0	115.36
74	-20.0	15.0	60.0	-15.0	-23.0	127.0	9.0	-32.0	98.14
75	51.0	-5.0	23.0	69.0	-20.0	-58.0	-82.0	101.0	94.02
76	-20.0	-21.0	5.0	21.0	-1.0	-90.0	4.0	19.0	98.14
77	36.0	-33.0	-14.0	-13.0	89.0	-16.0	87.0	16.0	126.98
78	-7.0	-22.0	-25.0	-15.0	-19.0	91.0	-5.0	-46.0	133.03
79	-25.0	2.0	61.0	76.0	56.0	-54.0	35.0	-1.0	133.03
80	17.0	51.0	-60.0	18.0	-15.0	-23.0	20.0	84.0	129.68
81	-42.0	-27.0	78.0	-42.0	15.0	-77.0	-21.0	-87.0	134.44
82	22.0	3.0	7.0	52.0	-80.0	-19.0	15.0	-6.0	136.22
83	-6.0	-12.0	52.0	-43.0	-14.0	49.0	12.0	-59.0	136.22
84	-37.0	42.0	69.0	42.0	13.0	13.0	73.0	-36.0	145.28
