0	-1.0	-11.0	-22.0	-45.0	0.0	32.0	-21.0	-97.0	130.75
1	71.0	-6.0	-1.0	-8.0	-66.0	-128.0	47.0	16.0	129.0
2	-42.0	-1.0	18.0	-88.0	60.0	127.0	89.0	-100.0	125.33
3	0.0	0.0	-60.0	0.0	-52.0	96.0	-128.0	-3.0	123.97
4	-19.0	-18.0	32.0	61.0	127.0	6.0	-63.0	52.0	126.5
5	-25.0	33.0	-64.0	-19.0	-60.0	-10.0	-14.0	60.0	133.48
6	60.0	-2.0	18.0	18.0	5.0	57.0	79.0	-44.0	137.46
7	5.0	5.0	11.0	14.0	24.0	-70.0	-51.0	86.0	138.11
8	-36.0	-17.0	-19.0	10.0	0.0	112.0	-56.0	104.0	137.46
9	-1.0	-6.0	44.0	61.0	-27.0	28.0	-21.0	-25.0	142.74
10	58.0	-14.0	121.0	-40.0	-27.0	30.0	1.0	-61.0	145.52
11	-4.0	-5.0	-14.0	-29.0	-126.0	84.0	7.0	44.0	145.4
12	0.0	3.0	-21.0	0.0	26.0	127.0	1.0	-23.0	142.74
13	43.0	-17.0	16.0	127.0	78.0	-66.0	86.0	16.0	152.98
14	-58.0	5.0	70.0	-30.0	-105.0	106.0	-13.0	-24.0	161.36
15	-53.0	-2.0	7.0	8.0	-14.0	113.0	28.0	-29.0	156.88
16	-58.0	33.0	-7.0	38.0	-79.0	-122.0	46.0	26.0	163.13
17	-38.0	-5.0	-22.0	20.0	-9.0	9.0	69.0	-33.0	168.72
18	4.0	16.0	-102.0	-100.0	109.0	106.0	88.0	109.0	169.16
19	12.0	6.0	17.0	-13.0	98.0	-66.0	74.0	-64.0	167.25
20	51.0	-1.0	26.0	-68.0	127.0	127.0	-65.0	99.0	169.16
21	-6.0	29.0	-15.0	-28.0	34.0	53.0	11.0	1.0	170.56
22	-115.0	-5.0	-15.0	-30.0	76.0	64.0	13.0	-8.0	170.47
23	62.0	-26.0	38.0	22.0	42.0	-95.0	-39.0	71.0	169.62
24	16.0	-10.0	-17.0	5.0	20.0	-72.0	-90.0	-103.0	170.64
25	7.0	-6.0	18.0	5.0	65.0	57.0	37.0	-14.0	170.3
26	-1.0	-1.0	78.0	-23.0	38.0	60.0	-83.0	-19.0	170.14
27	13.0	10.0	11.0	59.0	91.0	-18.0	-33.0	-107.0	170.3
28	13.0	-26.0	8.0	28.0	-10.0	-20.0	-22.0	31.0	170.64
29	11.0	-27.0	5.0	61.0	-23.0	-70.0	-45.0	43.0	170.0
30	62.0	-49.0	-19.0	72.0	3.0	41.0	-22.0	92.0	169.62
31	-60.0	17.0	-45.0	-124.0	49.0	-42.0	127.0	-45.0	167.82
32	3.0	8.0	-59.0	16.0	-87.0	-72.0	66.0	55.0	164.99
33	-25.0	16.0	-52.0	-66.0	-32.0	-26.0	23.0	-7.0	164.99
34	-13.0	38.0	16.0	36.0	-61.0	31.0	-70.0	24.0	163.13
35	-58.0	-19.0	13.0	3.0	12.0	56.0	-5.0	29.0	161.13
36	0.0	2.0	-2.0	24.0	-64.0	127.0	-111.0	-54.0	154.4
37	-80.0	-17.0	51.0	-17.0	90.0	-5.0	11.0	-12.0	159.58
38	-42.0	6.0	56.0	-90.0	-28.0	127.0	-24.0	48.0	153.53
39	1.0	-34.0	53.0	-45.0	22.0	94.0	46.0	38.0	155.2
40	21.0	-14.0	-13.0	5.0	10.0	-128.0	-11.0	-45.0	153.53
41	-119.0	-10.0	-115.0	87.0	-90.0	-128.0	109.0	69.0	161.91
42	127.0	2.0	-11.0	-33.0	-104.0	21.0	76.0	41.0	162.74
43	-3.0	19.0	-25.0	-47.0	38.0	2.0	-65.0	-91.0	148.25
44	-17.0	-5.0	-64.0	6.0	-50.0	-109.0	-111.0	41.0	143.74
45	72.0	8.0	112.0	13.0	-10.0	-72.0	29.0	-24.0	151.82
46	33.0	6.0	-4.0	-43.0	-4.0	21.0	-43.0	27.0	156.88
47	-18.0	-20.0	2.0	-27.0	30.0	126.0	-125.0	-10.0	161.13
48	-52.0	43.0	-128.0	-31.0	43.0	-55.0	-30.0	1.0	154.4
49	-45.0	19.0	-16.0	6.0	43.0	127.0	1.0	-9.0	150.24
50	36.0	-78.0	16.0	0.0	-40.0	65.0	-20.0	57.0	148.25
51	-36.0	61.0	5.0	-17.0	33.0	104.0	11.0	75.0	148.47
52	-5.0	2.0	6.0	5.0	127.0	42.0	81.0	-3.0	148.47
53	-3.0	-57.0	12.0	43.0	12.0	43.0	73.0	-63.0	141.6
54	8.0	-27.0	40.0	-44.0	-1.0	58.0	6.0	2.0	136.63
55	-19.0	14.0	33.0	21.0	60.0	75.0	96.0	-18.0	129.0
56	-8.0	4.0	-22.0	35.0	-117.0	2.0	-90.0	-5.0	123.97
57	-21.0	9.0	37.0	11.0	-12.0	28.0	-68.0	104.0	121.71
58	58.0	116.0	-6.0	20.0	-65.0	-128.0	62.0	-97.0	119.66
59	-68.0	7.0	-19.0	43.0	65.0	-5.0	81.0	-108.0	116.33
60	-40.0	-37.0	92.0	-8.0	51.0	3.0	17.0	-116.0	114.91
61	93.0	5.0	23.0	-15.0	127.0	-16.0	55.0	86.0	113.54
62	6.0	3.0	-27.0	-54.0	87.0	-68.0	10.0	-56.0	108.94
63	41.0	2.0	-17.0	5.0	65.0	-95.0	-16.0	71.0	103.28
64	38.0	7.0	39.0	-27.0	127.0	-98.0	-9.0	-14.0	103.28
65	-64.0	7.0	-65.0	-5.0	20.0	-107.0	58.0	84.0	102.2
66	30.0	-7.0	21.0	36.0	60.0	75.0	-79.0	127.0	102.2
67	21.0	46.0	-4.0	6.0	-28.0	112.0	-109.0	-84.0	101.98
68	5.0	-9.0	-63.0	-40.0	-104.0	-128.0	62.0	-8.0	114.91
69	33.0	-15.0	-16.0	75.0	-23.0	127.0	-80.0	6.0	102.35
70	24.0	10.0	0.0	4.0	-52.0	22.0	-10.0	59.0	101.27
71	1.0	4.0	32.0	-42.0	32.0	31.0	-29.0	67.0	101.98
72	19.0	9.0	-16.0	-18.0	24.0	57.0	1.0	29.0	101.53
73	106.0	-18.0	1.0	48.0	32.0	-73.0	63.0	-3.0	101.12
74	-10.0	6.0	12.0	-4.0	-5.0	-51.0	-93.0	-119.0	100.91
75	-13.0	37.0	73.0	61.0	-8.0	-86.0	-74.0	-68.0	101.53
76	127.0	-5.0	56.0	117.0	127.0	-20.0	2.0	106.0	100.91
77	27.0	19.0	-2.0	-28.0	82.0	16.0	-83.0	-63.0	101.06
78	-16.0	-34.0	-3.0	-23.0	-66.0	17.0	-35.0	-56.0	102.8
79	-13.0	-68.0	-65.0	-49.0	77.0	115.0	-91.0	-128.0	116.33
80	36.0	3.0	-55.0	-26.0	7.0	-68.0	-40.0	7.0	118.0
81	25.0	14.0	0.0	25.0	0.0	-128.0	15.0	39.0	121.71
82	-20.0	11.0	41.0	-41.0	-28.0	-98.0	15.0	22.0	132.69
83	16.0	-5.0	54.0	100.0	60.0	24.0	11.0	-94.0	132.69
84	2.0	57.0	47.0	7.0	-82.0	-72.0	-68.0	69.0	143.74
85	-71.0	-17.0	-4.0	-3.0	-105.0	-100.0	127.0	108.0	140.02
86	62.0	-19.0	34.0	9.0	-2.0	51.0	13.0	-95.0	138.11
