0	80.0	4.0	126.0	77.0	-103.0	39.0	125.0	39.0	121.2
1	28.0	37.0	1.0	-30.0	-54.0	127.0	96.0	127.0	111.83
2	-49.0	6.0	26.0	-12.0	18.0	-55.0	-128.0	-13.0	110.91
3	40.0	1.0	-17.0	-49.0	-28.0	-90.0	24.0	-45.0	138.78
4	45.0	-2.0	25.0	-22.0	-59.0	-107.0	-54.0	-74.0	141.89
5	12.0	44.0	-3.0	-2.0	43.0	-1.0	117.0	-35.0	144.19
6	-10.0	-4.0	26.0	-1.0	90.0	18.0	64.0	120.0	144.19
7	38.0	13.0	-44.0	-56.0	-3.0	-127.0	-23.0	127.0	147.77
8	-8.0	46.0	12.0	-123.0	8.0	-122.0	117.0	-91.0	150.11
9	-1.0	13.0	0.0	-52.0	77.0	95.0	-15.0	-64.0	152.54
10	127.0	-64.0	-7.0	18.0	54.0	2.0	-123.0	41.0	156.07
11	6.0	3.0	36.0	-20.0	9.0	127.0	-66.0	0.0	164.76
12	5.0	12.0	124.0	-14.0	-15.0	37.0	102.0	-22.0	167.75
13	38.0	37.0	0.0	22.0	64.0	48.0	-24.0	-128.0	161.44
14	-32.0	-37.0	127.0	127.0	18.0	-128.0	35.0	-107.0	163.63
15	-4.0	24.0	21.0	101.0	-9.0	-18.0	26.0	-57.0	163.23
16	41.0	-4.0	10.0	101.0	-12.0	12.0	44.0	54.0	160.3
17	12.0	-15.0	27.0	127.0	-74.0	-62.0	-2.0	25.0	163.99
18	0.0	-16.0	-7.0	-44.0	-23.0	-95.0	-103.0	63.0	155.18
19	65.0	-71.0	-9.0	-2.0	-107.0	60.0	21.0	127.0	157.37
20	16.0	87.0	5.0	-99.0	127.0	63.0	-91.0	-39.0	167.4
21	5.0	-54.0	-14.0	-17.0	110.0	-90.0	-9.0	-36.0	164.7
22	104.0	14.0	15.0	101.0	-54.0	22.0	-105.0	-7.0	165.34
23	-112.0	11.0	-37.0	-28.0	-128.0	-104.0	105.0	-96.0	167.75
24	-118.0	-7.0	-11.0	62.0	34.0	67.0	1.0	32.0	167.99
25	-81.0	7.0	-10.0	8.0	-10.0	63.0	-15.0	65.0	167.4
26	36.0	-2.0	29.0	-107.0	-128.0	93.0	14.0	127.0	168.62
27	127.0	-14.0	10.0	-20.0	-116.0	99.0	-102.0	118.0	168.82
28	27.0	17.0	-11.0	115.0	-81.0	123.0	127.0	41.0	167.3
29	16.0	54.0	-5.0	78.0	79.0	-34.0	60.0	-128.0	168.72
30	-3.0	-35.0	4.0	23.0	112.0	127.0	67.0	2.0	160.3
31	15.0	26.0	-4.0	85.0	106.0	95.0	-11.0	-128.0	156.07
32	5.0	53.0	-9.0	4.0	-26.0	12.0	13.0	-128.0	166.14
33	-27.0	-6.0	15.0	19.0	-62.0	2.0	-54.0	-45.0	168.73
34	-2.0	-8.0	8.0	46.0	-51.0	-106.0	28.0	29.0	168.73
35	-11.0	39.0	-24.0	19.0	-11.0	-104.0	44.0	-68.0	167.4
36	-16.0	-64.0	-11.0	-29.0	2.0	-78.0	48.0	-52.0	163.23
37	17.0	11.0	14.0	-20.0	-31.0	19.0	-128.0	99.0	157.91
38	-44.0	-14.0	30.0	-52.0	78.0	34.0	-23.0	96.0	157.37
39	38.0	51.0	-19.0	-56.0	119.0	-128.0	127.0	-43.0	164.76
40	5.0	37.0	-9.0	35.0	127.0	-17.0	57.0	-128.0	163.9
41	-57.0	-11.0	10.0	0.0	36.0	-14.0	-34.0	3.0	168.72
42	-25.0	-2.0	-6.0	-30.0	-128.0	86.0	-79.0	80.0	167.3
43	25.0	127.0	-22.0	77.0	32.0	-23.0	43.0	41.0	161.44
44	84.0	12.0	-25.0	78.0	85.0	57.0	-48.0	-112.0	166.21
45	23.0	27.0	18.0	-7.0	42.0	-101.0	-37.0	104.0	164.7
46	127.0	11.0	-14.0	20.0	53.0	41.0	-113.0	61.0	150.11
47	38.0	43.0	9.0	62.0	127.0	93.0	110.0	80.0	152.52
48	22.0	33.0	-8.0	-9.0	-128.0	18.0	127.0	-95.0	152.54
49	-21.0	21.0	-3.0	-40.0	36.0	-128.0	49.0	6.0	161.28
50	31.0	95.0	-48.0	4.0	-28.0	-55.0	39.0	42.0	149.51
51	-36.0	-1.0	34.0	30.0	-71.0	45.0	-24.0	-112.0	144.66
52	41.0	-25.0	-7.0	-16.0	-71.0	69.0	70.0	89.0	146.54
53	0.0	2.0	36.0	91.0	-4.0	127.0	55.0	-64.0	144.66
54	83.0	-15.0	19.0	26.0	-36.0	44.0	67.0	100.0	144.13
55	41.0	104.0	7.0	6.0	-8.0	22.0	-8.0	-95.0	141.89
56	16.0	6.0	59.0	5.0	127.0	35.0	-23.0	-107.0	144.13
57	28.0	109.0	3.0	-20.0	23.0	113.0	39.0	-61.0	141.39
58	53.0	44.0	-14.0	-27.0	-62.0	67.0	10.0	34.0	138.78
59	9.0	8.0	45.0	-66.0	21.0	124.0	-123.0	32.0	140.12
60	-44.0	-1.0	5.0	54.0	42.0	30.0	-128.0	76.0	134.97
61	-47.0	-1.0	36.0	-123.0	127.0	102.0	39.0	58.0	133.35
62	-18.0	35.0	-1.0	-6.0	66.0	127.0	42.0	-85.0	140.12
63	40.0	12.0	14.0	-84.0	127.0	13.0	31.0	-98.0	139.44
64	10.0	-14.0	59.0	1.0	-44.0	-109.0	-86.0	52.0	124.34
65	-81.0	-31.0	27.0	-19.0	-35.0	-114.0	127.0	-33.0	123.03
66	-38.0	21.0	-10.0	9.0	22.0	127.0	127.0	74.0	113.23
67	23.0	-17.0	-17.0	-7.0	32.0	92.0	66.0	-63.0	127.1
68	16.0	-30.0	29.0	101.0	-87.0	-107.0	70.0	-49.0	139.58
69	-36.0	-13.0	-8.0	19.0	-44.0	-72.0	-42.0	65.0	134.97
70	53.0	-11.0	-5.0	9.0	28.0	127.0	-54.0	50.0	138.09
71	-44.0	-5.0	-19.0	-40.0	-20.0	27.0	-20.0	-12.0	110.92
72	-18.0	27.0	34.0	-107.0	43.0	-128.0	-48.0	-54.0	111.3
73	-118.0	3.0	127.0	-24.0	31.0	6.0	-128.0	-67.0	114.09
74	38.0	-28.0	-37.0	12.0	127.0	78.0	24.0	42.0	122.89
75	23.0	-6.0	19.0	-8.0	28.0	67.0	101.0	98.0	126.0
76	-63.0	-15.0	27.0	-4.0	89.0	127.0	122.0	71.0	127.1
77	-11.0	-9.0	-1.0	-6.0	-57.0	122.0	49.0	-29.0	126.0
78	-26.0	-21.0	-36.0	22.0	80.0	127.0	22.0	-64.0	122.89
79	17.0	32.0	14.0	6.0	31.0	-51.0	127.0	42.0	110.91
80	59.0	8.0	-10.0	-19.0	-29.0	-31.0	47.0	-128.0	110.24
81	-14.0	-50.0	-7.0	-18.0	23.0	17.0	-52.0	-17.0	110.64
82	40.0	54.0	-3.0	5.0	7.0	125.0	-25.0	95.0	110.08
83	83.0	87.0	9.0	85.0	-116.0	-72.0	31.0	-34.0	110.63
84	-12.0	25.0	13.0	36.0	59.0	125.0	127.0	-12.0	110.08
85	-58.0	33.0	-39.0	50.0	-6.0	11.0	117.0	41.0	111.83
86	127.0	10.0	11.0	27.0	-95.0	-128.0	127.0	118.0	113.23
