0	-23.0	-7.0	-12.0	6.0	124.0	91.0	-128.0	-86.0	169.42
1	6.0	18.0	80.0	-31.0	52.0	-65.0	-60.0	-26.0	168.27
2	-3.0	16.0	9.0	-10.0	15.0	2.0	18.0	-33.0	165.9
3	-83.0	18.0	-104.0	4.0	73.0	11.0	-61.0	-3.0	163.28
4	10.0	-31.0	15.0	-55.0	-76.0	-19.0	-93.0	127.0	163.22
5	7.0	-33.0	14.0	82.0	-4.0	-57.0	-4.0	22.0	159.86
6	-1.0	57.0	-27.0	-26.0	-32.0	-62.0	-61.0	-62.0	155.87
7	46.0	-22.0	-49.0	-53.0	80.0	127.0	-31.0	51.0	163.28
8	0.0	-30.0	4.0	4.0	-4.0	-124.0	-13.0	49.0	147.81
9	15.0	5.0	-47.0	-31.0	-52.0	-54.0	-20.0	37.0	120.65
10	14.0	63.0	-39.0	51.0	-21.0	-115.0	-12.0	40.0	134.57
11	65.0	-51.0	-47.0	-6.0	4.0	24.0	-101.0	61.0	152.52
12	-53.0	-59.0	13.0	-35.0	28.0	127.0	41.0	7.0	139.22
13	-10.0	-3.0	-8.0	124.0	10.0	82.0	-117.0	-100.0	147.41
14	3.0	0.0	-30.0	-1.0	46.0	21.0	47.0	46.0	144.53
15	29.0	84.0	-30.0	-100.0	22.0	-128.0	120.0	18.0	152.18
16	3.0	-14.0	-10.0	11.0	80.0	-75.0	53.0	44.0	131.03
17	37.0	-7.0	-3.0	44.0	78.0	89.0	-127.0	-8.0	140.15
18	-16.0	52.0	-37.0	-23.0	-58.0	76.0	29.0	-47.0	160.72
19	26.0	36.0	6.0	34.0	14.0	-46.0	-57.0	-44.0	104.5
20	17.0	-31.0	0.0	6.0	-7.0	-84.0	34.0	-52.0	124.28
21	-32.0	79.0	22.0	30.0	-53.0	-128.0	-17.0	-5.0	108.69
22	-30.0	-4.0	44.0	8.0	-80.0	109.0	-128.0	86.0	102.85
23	29.0	-35.0	-4.0	-128.0	-126.0	16.0	64.0	63.0	115.16
24	-23.0	-10.0	0.0	23.0	33.0	31.0	10.0	-40.0	120.65
25	-19.0	-56.0	58.0	-42.0	51.0	103.0	-105.0	-32.0	138.77
26	-45.0	33.0	-3.0	12.0	5.0	-34.0	-16.0	-105.0	134.97
27	31.0	0.0	-12.0	-31.0	20.0	127.0	25.0	21.0	135.98
28	-41.0	-91.0	-10.0	-2.0	10.0	-31.0	-40.0	-102.0	108.69
29	22.0	-19.0	-1.0	127.0	-15.0	29.0	-110.0	-84.0	101.03
30	-1.0	-91.0	-17.0	23.0	-17.0	127.0	-114.0	60.0	102.21
31	-18.0	-53.0	-11.0	-1.0	-103.0	-23.0	-32.0	32.0	104.5
32	30.0	-23.0	12.0	-100.0	-71.0	14.0	51.0	15.0	102.85
33	15.0	-4.0	-30.0	27.0	95.0	-56.0	41.0	25.0	100.61
34	56.0	46.0	-41.0	-35.0	20.0	127.0	-59.0	41.0	91.41
35	18.0	-90.0	7.0	-9.0	113.0	126.0	9.0	2.0	91.47
36	-94.0	0.0	-10.0	-17.0	71.0	-74.0	-6.0	-53.0	91.41
37	61.0	-3.0	-6.0	-8.0	-41.0	-6.0	-22.0	-101.0	89.95
38	-21.0	-42.0	5.0	-36.0	90.0	-104.0	-69.0	127.0	89.06
39	15.0	-2.0	-4.0	14.0	25.0	-34.0	98.0	4.0	89.3
40	-19.0	-1.0	19.0	-20.0	28.0	46.0	-48.0	-4.0	89.44
41	-8.0	-4.0	2.0	-16.0	4.0	60.0	8.0	0.0	89.3
42	0.0	-7.0	6.0	23.0	-98.0	-65.0	7.0	60.0	89.95
43	-42.0	-20.0	38.0	14.0	32.0	-100.0	-28.0	-63.0	92.62
44	-56.0	-98.0	-52.0	37.0	-125.0	59.0	-12.0	-44.0	92.62
45	-15.0	61.0	97.0	20.0	-124.0	101.0	12.0	-35.0	102.21
46	0.0	-7.0	-7.0	-40.0	-13.0	16.0	-26.0	52.0	102.31
47	-14.0	2.0	-88.0	10.0	-13.0	50.0	-47.0	-35.0	120.33
48	-20.0	4.0	10.0	-7.0	119.0	-26.0	11.0	-45.0	127.62
49	-91.0	7.0	-4.0	-125.0	-14.0	114.0	-59.0	-22.0	126.04
50	35.0	28.0	20.0	-36.0	-83.0	-21.0	1.0	-66.0	116.94
51	8.0	-7.0	-73.0	15.0	61.0	-40.0	15.0	4.0	125.09
52	7.0	-36.0	-6.0	3.0	88.0	108.0	12.0	-67.0	127.62
53	13.0	-83.0	1.0	5.0	127.0	84.0	84.0	-21.0	124.28
54	25.0	53.0	7.0	21.0	84.0	-17.0	77.0	32.0	131.03
55	-3.0	9.0	-10.0	-48.0	-115.0	44.0	82.0	-35.0	134.57
56	-39.0	-60.0	-5.0	34.0	125.0	-128.0	9.0	127.0	139.97
57	89.0	45.0	-37.0	-120.0	12.0	-12.0	16.0	-61.0	147.81
58	0.0	-48.0	-36.0	22.0	81.0	82.0	69.0	16.0	153.24
59	-17.0	-68.0	-11.0	11.0	41.0	60.0	-36.0	10.0	156.18
60	53.0	-22.0	-52.0	-115.0	-44.0	-93.0	11.0	-71.0	143.01
61	19.0	-23.0	-8.0	0.0	65.0	15.0	34.0	-2.0	144.53
62	71.0	8.0	39.0	-1.0	-15.0	6.0	-51.0	-33.0	156.18
63	4.0	-10.0	-3.0	-20.0	48.0	16.0	-26.0	-47.0	153.24
64	-19.0	-19.0	-14.0	0.0	-40.0	1.0	-10.0	-18.0	139.22
65	5.0	0.0	-18.0	72.0	9.0	71.0	-8.0	-26.0	150.54
66	14.0	-22.0	-88.0	-17.0	46.0	41.0	-47.0	-12.0	160.72
67	-68.0	27.0	6.0	-48.0	-45.0	127.0	-99.0	-31.0	164.47
68	27.0	-11.0	5.0	-46.0	4.0	70.0	-11.0	-8.0	164.47
69	80.0	-37.0	-60.0	25.0	-17.0	17.0	-15.0	-42.0	165.74
70	-6.0	65.0	-24.0	-40.0	-70.0	127.0	-63.0	16.0	165.07
71	-31.0	25.0	-4.0	59.0	123.0	88.0	60.0	97.0	165.9
72	16.0	3.0	2.0	-8.0	64.0	45.0	-17.0	-3.0	166.04
73	18.0	1.0	7.0	-2.0	3.0	-4.0	6.0	49.0	170.52
74	33.0	-17.0	-14.0	13.0	18.0	-24.0	-22.0	-88.0	170.02
75	19.0	-58.0	0.0	-53.0	36.0	13.0	18.0	46.0	168.11
76	38.0	-33.0	-25.0	69.0	9.0	-5.0	-5.0	8.0	168.11
77	-51.0	-99.0	-12.0	-8.0	-14.0	8.0	40.0	37.0	170.52
78	-128.0	-59.0	21.0	-2.0	25.0	110.0	-21.0	7.0	171.26
79	12.0	-2.0	24.0	23.0	95.0	-128.0	64.0	-14.0	171.37
80	5.0	-1.0	-6.0	-35.0	81.0	11.0	-23.0	-25.0	171.49
81	30.0	-63.0	-45.0	10.0	37.0	51.0	110.0	-86.0	171.49
82	-18.0	5.0	80.0	53.0	-17.0	10.0	88.0	14.0	171.35
83	54.0	-25.0	-20.0	-39.0	38.0	84.0	-34.0	7.0	171.31
84	3.0	-5.0	-20.0	-80.0	16.0	-10.0	42.0	-27.0	171.31
85	-5.0	0.0	37.0	34.0	-76.0	-77.0	83.0	28.0	171.2
86	-6.0	-51.0	-37.0	-20.0	33.0	55.0	56.0	-10.0	170.02
87	-34.0	29.0	12.0	53.0	20.0	-71.0	-12.0	-53.0	171.26
88	0.0	66.0	26.0	-35.0	2.0	51.0	12.0	66.0	171.05
