0	23.0	7.0	43.0	32.0	-34.0	39.0	6.0	40.0	103.44
1	104.0	78.0	8.0	-29.0	-12.0	-79.0	-46.0	-44.0	107.69
2	-28.0	-10.0	-92.0	29.0	-69.0	-72.0	-25.0	-10.0	107.84
3	46.0	70.0	-1.0	-50.0	88.0	-90.0	62.0	-15.0	109.06
4	-16.0	-32.0	19.0	24.0	18.0	-128.0	2.0	-49.0	108.91
5	28.0	53.0	15.0	9.0	11.0	-119.0	-74.0	51.0	125.09
6	-10.0	-18.0	-8.0	-54.0	19.0	-39.0	-80.0	17.0	111.82
7	11.0	8.0	5.0	-4.0	21.0	127.0	-14.0	-41.0	125.0
8	7.0	-9.0	-18.0	-17.0	-64.0	-7.0	39.0	29.0	125.09
9	-27.0	-14.0	-3.0	20.0	-22.0	-56.0	-67.0	-38.0	129.31
10	-64.0	-45.0	-21.0	-23.0	-69.0	127.0	49.0	-2.0	134.7
11	-32.0	16.0	13.0	-8.0	-109.0	110.0	101.0	-29.0	116.98
12	-70.0	-62.0	81.0	-9.0	25.0	5.0	40.0	16.0	130.07
13	10.0	-4.0	-59.0	42.0	38.0	-31.0	31.0	-101.0	131.03
14	-16.0	20.0	-18.0	-4.0	127.0	110.0	23.0	-88.0	135.12
15	56.0	-4.0	46.0	-24.0	29.0	-68.0	37.0	40.0	145.64
16	5.0	-2.0	7.0	40.0	55.0	-83.0	-51.0	42.0	138.81
17	-23.0	-5.0	28.0	-13.0	-25.0	-41.0	29.0	17.0	130.07
18	-8.0	-4.0	-1.0	-64.0	16.0	-105.0	-28.0	-43.0	121.52
19	-15.0	-4.0	-20.0	-14.0	-35.0	-71.0	-113.0	-3.0	107.84
20	16.0	99.0	-3.0	-15.0	20.0	-45.0	-32.0	22.0	104.39
21	-20.0	3.0	-68.0	127.0	-40.0	27.0	-84.0	-8.0	108.9
22	127.0	25.0	26.0	-17.0	-128.0	127.0	2.0	-39.0	111.82
23	14.0	37.0	-27.0	-98.0	38.0	-30.0	-75.0	22.0	121.24
24	-20.0	-22.0	-29.0	106.0	-42.0	82.0	-24.0	-112.0	122.92
25	-128.0	-24.0	109.0	-10.0	55.0	-11.0	-48.0	18.0	114.62
26	-20.0	3.0	-25.0	-4.0	17.0	-30.0	76.0	9.0	122.92
27	-23.0	4.0	15.0	-99.0	29.0	-69.0	-70.0	14.0	134.7
28	12.0	-2.0	-19.0	-68.0	49.0	40.0	96.0	-38.0	138.49
29	46.0	-25.0	40.0	77.0	-31.0	89.0	25.0	39.0	138.49
30	-44.0	-27.0	-3.0	-13.0	82.0	68.0	-28.0	31.0	147.17
31	-4.0	76.0	21.0	-15.0	14.0	72.0	32.0	-36.0	152.23
32	-6.0	-15.0	20.0	113.0	101.0	-83.0	31.0	68.0	152.23
33	109.0	-44.0	28.0	-14.0	-4.0	44.0	-64.0	-47.0	149.68
34	5.0	-16.0	7.0	9.0	28.0	57.0	-116.0	-92.0	157.99
35	39.0	-25.0	-21.0	-35.0	12.0	-15.0	48.0	-49.0	162.3
36	-20.0	1.0	-5.0	-1.0	-21.0	-32.0	39.0	19.0	164.25
37	56.0	115.0	-3.0	47.0	-26.0	48.0	-11.0	39.0	156.27
38	-40.0	-75.0	-10.0	19.0	-59.0	-22.0	-58.0	-57.0	160.56
39	12.0	-1.0	-37.0	-49.0	29.0	7.0	-13.0	-43.0	153.93
40	2.0	-10.0	5.0	-23.0	-102.0	-8.0	-40.0	31.0	164.25
41	-27.0	87.0	38.0	72.0	18.0	59.0	-98.0	127.0	167.31
42	-27.0	27.0	1.0	-85.0	18.0	84.0	-128.0	-68.0	167.91
43	14.0	-7.0	-27.0	19.0	13.0	52.0	-5.0	83.0	166.16
44	13.0	15.0	-16.0	-60.0	-73.0	90.0	93.0	74.0	168.14
45	-52.0	24.0	-7.0	29.0	-4.0	110.0	-13.0	-15.0	168.64
46	-33.0	-6.0	91.0	72.0	101.0	95.0	51.0	-96.0	168.51
47	40.0	-56.0	-61.0	-43.0	-44.0	82.0	-32.0	33.0	168.66
48	5.0	3.0	-11.0	-3.0	53.0	72.0	-92.0	-26.0	167.91
49	-51.0	-27.0	39.0	18.0	21.0	-128.0	12.0	-16.0	168.14
50	47.0	37.0	39.0	-33.0	3.0	111.0	-56.0	-18.0	167.17
51	-31.0	-37.0	80.0	-15.0	47.0	-128.0	-35.0	-48.0	165.01
52	16.0	-25.0	-29.0	4.0	-31.0	-15.0	-31.0	40.0	168.51
53	-17.0	-1.0	19.0	5.0	-36.0	45.0	-58.0	-89.0	168.38
54	36.0	46.0	7.0	13.0	-52.0	55.0	-69.0	4.0	168.64
55	29.0	-21.0	-39.0	-19.0	-23.0	-37.0	-55.0	-72.0	168.35
56	-4.0	15.0	-3.0	113.0	-47.0	102.0	-83.0	114.0	166.11
57	-10.0	7.0	-26.0	15.0	60.0	88.0	18.0	9.0	165.01
58	-47.0	3.0	-15.0	22.0	15.0	-71.0	70.0	-16.0	162.3
59	-28.0	-23.0	-18.0	17.0	-1.0	31.0	-116.0	14.0	163.7
60	-73.0	-58.0	6.0	72.0	57.0	-97.0	66.0	-104.0	155.92
61	6.0	-7.0	-6.0	-18.0	72.0	51.0	55.0	94.0	148.66
62	3.0	-8.0	-36.0	-88.0	16.0	76.0	-93.0	17.0	160.56
63	46.0	-9.0	-2.0	-52.0	-29.0	102.0	-65.0	-26.0	163.27
64	3.0	1.0	23.0	19.0	68.0	127.0	-36.0	-12.0	152.97
65	11.0	-11.0	1.0	-6.0	-85.0	20.0	28.0	-61.0	151.0
66	27.0	4.0	18.0	-41.0	93.0	67.0	11.0	-2.0	144.23
67	-35.0	-1.0	-56.0	54.0	-52.0	88.0	94.0	-52.0	144.23
68	-42.0	-14.0	51.0	7.0	23.0	55.0	92.0	-56.0	135.39
69	92.0	16.0	67.0	-17.0	-114.0	-128.0	-15.0	20.0	142.7
70	-17.0	46.0	-39.0	120.0	10.0	86.0	-44.0	39.0	151.0
71	-12.0	-21.0	-32.0	-43.0	23.0	-108.0	22.0	-22.0	149.68
72	-4.0	-33.0	80.0	78.0	-128.0	51.0	27.0	-58.0	143.48
73	8.0	33.0	1.0	-46.0	-48.0	-57.0	-55.0	45.0	137.16
74	-11.0	27.0	-1.0	-17.0	-14.0	-16.0	58.0	-44.0	143.48
75	-75.0	-1.0	-18.0	-9.0	-35.0	-56.0	-2.0	-57.0	131.78
76	11.0	-2.0	-9.0	-63.0	-16.0	-57.0	-2.0	-7.0	128.86
77	-25.0	-17.0	9.0	48.0	13.0	48.0	-23.0	23.0	131.78
78	6.0	-5.0	-12.0	15.0	105.0	9.0	94.0	42.0	124.98
79	9.0	-23.0	-46.0	-85.0	2.0	54.0	-15.0	8.0	121.52
80	2.0	-18.0	13.0	-28.0	3.0	-72.0	89.0	-112.0	118.77
81	-68.0	6.0	13.0	93.0	40.0	117.0	25.0	27.0	117.21
82	25.0	-1.0	-43.0	100.0	4.0	-61.0	11.0	-39.0	107.69
83	-49.0	19.0	-36.0	-10.0	-2.0	33.0	-100.0	-88.0	103.66
84	-49.0	-69.0	-17.0	-17.0	13.0	17.0	9.0	43.0	103.44
