0	127.0	4.0	6.0	58.0	40.0	-128.0	19.0	-52.0	125.28
1	-6.0	4.0	3.0	-19.0	94.0	71.0	-9.0	-80.0	122.3
2	4.0	-11.0	3.0	29.0	54.0	-6.0	-8.0	-12.0	117.0
3	-14.0	5.0	-4.0	-128.0	86.0	84.0	0.0	47.0	115.02
4	45.0	-90.0	28.0	55.0	-106.0	120.0	-22.0	107.0	113.18
5	-3.0	-14.0	-2.0	-14.0	61.0	65.0	-3.0	90.0	113.08
6	4.0	9.0	-2.0	-40.0	-76.0	20.0	103.0	-39.0	113.18
7	-73.0	15.0	-8.0	-11.0	-18.0	-81.0	127.0	12.0	118.4
8	-14.0	-20.0	35.0	63.0	119.0	-128.0	2.0	18.0	130.71
9	-18.0	-9.0	-9.0	8.0	-9.0	102.0	81.0	127.0	133.31
10	20.0	37.0	-24.0	-45.0	-35.0	-80.0	56.0	-8.0	139.42
11	20.0	-24.0	-44.0	127.0	8.0	-67.0	-93.0	40.0	133.31
12	113.0	22.0	-10.0	-11.0	-52.0	16.0	-36.0	-54.0	132.36
13	-107.0	-5.0	12.0	-14.0	-5.0	70.0	-62.0	-58.0	126.72
14	7.0	14.0	127.0	-2.0	-20.0	-100.0	69.0	-52.0	112.54
15	4.0	41.0	14.0	35.0	-73.0	-5.0	82.0	-121.0	119.99
16	-60.0	7.0	19.0	21.0	64.0	87.0	35.0	15.0	115.02
17	31.0	-4.0	7.0	-29.0	62.0	70.0	15.0	81.0	111.32
18	51.0	-9.0	14.0	45.0	-128.0	81.0	21.0	3.0	115.77
19	25.0	-98.0	4.0	39.0	7.0	71.0	-52.0	54.0	111.18
20	8.0	1.0	-33.0	0.0	-10.0	-10.0	82.0	-19.0	111.13
21	28.0	16.0	-24.0	52.0	26.0	97.0	127.0	-42.0	111.18
22	-18.0	-14.0	29.0	12.0	77.0	-128.0	21.0	-14.0	111.32
23	-22.0	11.0	-21.0	-21.0	-5.0	-128.0	-26.0	-12.0	118.6
24	7.0	2.0	7.0	73.0	-128.0	-26.0	-26.0	86.0	130.71
25	77.0	-30.0	4.0	34.0	96.0	-84.0	18.0	127.0	141.97
26	4.0	-15.0	-15.0	84.0	-18.0	66.0	35.0	52.0	141.97
27	48.0	29.0	-22.0	42.0	-93.0	31.0	6.0	81.0	145.27
28	-32.0	-24.0	44.0	28.0	-81.0	-40.0	55.0	15.0	148.08
29	-56.0	-9.0	-6.0	-26.0	60.0	-128.0	48.0	-86.0	149.98
30	-58.0	16.0	19.0	-25.0	79.0	-35.0	-3.0	17.0	154.37
31	11.0	-10.0	17.0	-11.0	127.0	66.0	14.0	86.0	152.96
32	77.0	-51.0	-26.0	-76.0	58.0	-83.0	100.0	-76.0	160.04
33	-9.0	15.0	5.0	51.0	-17.0	-11.0	44.0	-122.0	162.92
34	4.0	-21.0	-44.0	-59.0	-64.0	-118.0	26.0	36.0	166.81
35	46.0	9.0	11.0	7.0	-67.0	127.0	13.0	102.0	166.48
36	25.0	13.0	25.0	-8.0	-124.0	-8.0	59.0	43.0	161.72
37	-28.0	28.0	10.0	-40.0	-128.0	70.0	35.0	-68.0	160.16
38	18.0	21.0	-28.0	36.0	-66.0	70.0	-44.0	-22.0	158.51
39	7.0	11.0	45.0	34.0	-20.0	9.0	-116.0	103.0	166.47
40	-64.0	-14.0	-65.0	15.0	-29.0	85.0	-36.0	-25.0	164.76
41	5.0	127.0	10.0	-15.0	-91.0	127.0	-70.0	7.0	165.9
42	20.0	13.0	3.0	35.0	29.0	43.0	33.0	-25.0	166.92
43	21.0	12.0	1.0	1.0	-34.0	-104.0	56.0	-20.0	166.9
44	9.0	18.0	6.0	66.0	91.0	108.0	-128.0	-52.0	166.47
45	-87.0	13.0	27.0	-14.0	127.0	31.0	-102.0	27.0	166.48
46	123.0	8.0	-9.0	-33.0	64.0	124.0	-62.0	15.0	164.51
47	-29.0	-2.0	-6.0	33.0	-18.0	-57.0	21.0	40.0	161.28
48	-60.0	5.0	7.0	-21.0	25.0	-17.0	-36.0	-3.0	162.92
49	47.0	-2.0	-10.0	11.0	-96.0	50.0	-44.0	15.0	162.67
50	26.0	17.0	-13.0	119.0	-28.0	-29.0	72.0	-18.0	159.25
51	-14.0	13.0	-79.0	-67.0	86.0	-30.0	-8.0	-54.0	158.51
52	48.0	-29.0	-13.0	29.0	127.0	85.0	-52.0	127.0	160.16
53	30.0	3.0	8.0	4.0	-21.0	127.0	-128.0	-102.0	149.98
54	-80.0	9.0	-12.0	-59.0	82.0	92.0	-40.0	-118.0	152.11
55	127.0	16.0	9.0	-29.0	43.0	89.0	15.0	37.0	158.48
56	44.0	-6.0	4.0	-62.0	1.0	31.0	-108.0	-6.0	157.31
57	36.0	-30.0	16.0	-79.0	-4.0	-48.0	127.0	-5.0	162.67
58	-7.0	43.0	2.0	7.0	119.0	-111.0	-28.0	-45.0	154.37
59	8.0	22.0	17.0	-6.0	4.0	-26.0	30.0	9.0	164.17
60	108.0	-5.0	-28.0	33.0	-36.0	66.0	-3.0	-27.0	166.9
61	16.0	-128.0	23.0	42.0	71.0	-8.0	15.0	83.0	165.89
62	24.0	-8.0	-24.0	-10.0	15.0	127.0	-36.0	48.0	164.76
63	-56.0	-74.0	-28.0	-8.0	-108.0	104.0	44.0	15.0	160.04
64	28.0	127.0	-7.0	26.0	58.0	-121.0	127.0	-40.0	156.53
65	-119.0	-6.0	-21.0	-77.0	0.0	60.0	-51.0	-23.0	154.39
66	-15.0	-7.0	-9.0	15.0	111.0	-22.0	127.0	1.0	151.64
67	40.0	33.0	-21.0	-25.0	93.0	1.0	-79.0	86.0	156.34
68	19.0	52.0	-22.0	-32.0	62.0	93.0	114.0	91.0	154.39
69	38.0	-7.0	28.0	-14.0	23.0	122.0	103.0	-108.0	150.02
70	42.0	97.0	2.0	-6.0	43.0	20.0	71.0	127.0	149.59
71	19.0	-48.0	16.0	-38.0	-18.0	-115.0	-55.0	-25.0	148.08
72	-98.0	-54.0	-10.0	80.0	-38.0	-37.0	-116.0	125.0	148.0
73	-114.0	-36.0	127.0	18.0	-7.0	-8.0	-63.0	-58.0	148.0
74	-6.0	-29.0	31.0	-2.0	50.0	100.0	36.0	-5.0	145.04
75	7.0	-6.0	-24.0	36.0	127.0	34.0	4.0	3.0	143.75
76	-14.0	33.0	7.0	73.0	19.0	127.0	-85.0	3.0	143.49
77	47.0	-8.0	3.0	20.0	91.0	-16.0	-39.0	23.0	143.49
78	-15.0	-33.0	-16.0	-13.0	73.0	99.0	-11.0	50.0	133.85
79	-83.0	26.0	3.0	-33.0	1.0	-128.0	127.0	40.0	125.28
80	-66.0	-65.0	12.0	-67.0	90.0	-84.0	31.0	-34.0	118.4
81	31.0	88.0	-4.0	68.0	-19.0	-5.0	72.0	-122.0	120.89
82	-44.0	-5.0	24.0	-94.0	68.0	86.0	-24.0	-113.0	139.42
83	-116.0	-12.0	10.0	33.0	103.0	20.0	-29.0	127.0	138.22
84	31.0	-10.0	-21.0	-1.0	26.0	-52.0	23.0	-80.0	123.16
85	29.0	18.0	-1.0	100.0	-128.0	-83.0	86.0	-22.0	120.89
