0	13.0	28.0	43.0	-123.0	84.0	-118.0	-2.0	-97.0	88.94
1	-24.0	-18.0	15.0	-55.0	-48.0	26.0	-96.0	57.0	90.24
2	-10.0	-71.0	5.0	11.0	-83.0	43.0	-29.0	70.0	88.8
3	28.0	31.0	-10.0	-1.0	-127.0	-16.0	7.0	12.0	95.87
4	3.0	-49.0	12.0	-46.0	0.0	-12.0	-36.0	3.0	108.56
5	30.0	-3.0	11.0	20.0	83.0	-70.0	118.0	-8.0	104.86
6	61.0	-3.0	-7.0	-11.0	41.0	-39.0	-11.0	-22.0	118.78
7	62.0	15.0	-4.0	44.0	127.0	16.0	-78.0	92.0	113.73
8	-20.0	7.0	7.0	11.0	6.0	127.0	2.0	9.0	106.51
9	13.0	-58.0	-7.0	-4.0	127.0	-11.0	91.0	-49.0	128.08
10	-69.0	-38.0	-83.0	16.0	123.0	-98.0	-65.0	27.0	108.56
11	28.0	-22.0	-7.0	93.0	-48.0	-2.0	-13.0	-44.0	104.86
12	13.0	-16.0	-18.0	92.0	76.0	17.0	-54.0	-2.0	131.34
13	-115.0	0.0	3.0	-1.0	-108.0	127.0	-31.0	-27.0	130.93
14	40.0	-58.0	7.0	-87.0	52.0	93.0	7.0	-27.0	131.46
15	-52.0	-20.0	22.0	45.0	9.0	-28.0	29.0	119.0	135.12
16	-16.0	36.0	-18.0	-13.0	-29.0	5.0	-20.0	-66.0	146.15
17	24.0	-71.0	51.0	-9.0	83.0	-70.0	38.0	44.0	146.15
18	-26.0	-42.0	-2.0	-61.0	-89.0	89.0	-35.0	-31.0	146.04
19	1.0	-10.0	7.0	71.0	-124.0	-86.0	-31.0	20.0	156.51
20	-44.0	12.0	-7.0	100.0	89.0	8.0	9.0	92.0	135.12
21	-9.0	-14.0	-20.0	10.0	-27.0	-119.0	-11.0	23.0	138.46
22	-3.0	17.0	-11.0	-14.0	-128.0	-128.0	-6.0	-83.0	143.31
23	-55.0	-41.0	1.0	33.0	78.0	71.0	103.0	15.0	134.29
24	-34.0	3.0	-3.0	20.0	101.0	79.0	-101.0	61.0	133.5
25	-87.0	-3.0	-9.0	-1.0	-79.0	86.0	89.0	45.0	138.46
26	-33.0	-33.0	-7.0	-37.0	-4.0	-70.0	99.0	-77.0	152.81
27	-10.0	-6.0	3.0	-9.0	45.0	-26.0	-57.0	55.0	139.56
28	-12.0	-12.0	73.0	13.0	-32.0	103.0	-22.0	26.0	157.78
29	62.0	-8.0	-15.0	-21.0	127.0	109.0	-54.0	-1.0	159.88
30	-128.0	17.0	-56.0	5.0	-28.0	-128.0	72.0	127.0	165.03
31	62.0	14.0	3.0	-8.0	-97.0	-82.0	9.0	-128.0	169.04
32	9.0	21.0	-10.0	18.0	-51.0	124.0	-115.0	-29.0	169.16
33	16.0	28.0	-50.0	37.0	-12.0	-7.0	32.0	-2.0	164.11
34	4.0	52.0	76.0	-24.0	84.0	80.0	-9.0	20.0	165.03
35	-14.0	-8.0	-3.0	-49.0	-81.0	-107.0	32.0	39.0	159.88
36	-9.0	1.0	81.0	86.0	127.0	-128.0	51.0	-2.0	155.75
37	59.0	39.0	81.0	-63.0	127.0	127.0	-7.0	99.0	146.04
38	6.0	-42.0	-2.0	-114.0	39.0	-52.0	-49.0	-43.0	158.75
39	-103.0	-3.0	8.0	-7.0	-79.0	-7.0	69.0	-110.0	157.78
40	22.0	-6.0	26.0	60.0	-1.0	-21.0	-74.0	55.0	159.37
41	6.0	-37.0	7.0	-11.0	127.0	35.0	32.0	108.0	150.96
42	4.0	-4.0	-50.0	-7.0	-52.0	111.0	4.0	72.0	153.15
43	33.0	5.0	-9.0	103.0	2.0	-42.0	19.0	-23.0	164.11
44	-62.0	-15.0	8.0	12.0	-14.0	-102.0	92.0	-98.0	168.02
45	-56.0	4.0	-1.0	-3.0	127.0	72.0	-62.0	98.0	169.26
46	-73.0	-91.0	-10.0	27.0	-2.0	-42.0	36.0	-98.0	169.04
47	33.0	31.0	-15.0	-8.0	-55.0	67.0	-118.0	-23.0	166.98
48	17.0	-14.0	-12.0	12.0	-48.0	-23.0	7.0	21.0	162.0
49	58.0	-18.0	-7.0	59.0	-117.0	124.0	56.0	-17.0	169.11
50	-3.0	27.0	-2.0	113.0	27.0	111.0	7.0	-57.0	169.16
51	-24.0	-2.0	-61.0	3.0	19.0	-126.0	-34.0	51.0	168.86
52	-91.0	34.0	4.0	-1.0	-41.0	-108.0	-59.0	-11.0	169.29
53	57.0	-18.0	0.0	-4.0	29.0	-12.0	-15.0	25.0	170.11
54	-52.0	-21.0	11.0	-19.0	-28.0	-92.0	12.0	45.0	169.91
55	-80.0	7.0	-5.0	86.0	89.0	61.0	-12.0	-15.0	168.02
56	-3.0	19.0	-55.0	13.0	-104.0	14.0	-71.0	62.0	169.26
57	3.0	12.0	-23.0	-4.0	9.0	-58.0	43.0	99.0	161.33
58	23.0	6.0	33.0	0.0	51.0	63.0	-13.0	-125.0	166.6
59	-5.0	15.0	-16.0	40.0	15.0	126.0	44.0	25.0	153.15
60	-27.0	20.0	18.0	38.0	-18.0	-39.0	-51.0	-14.0	148.58
61	23.0	0.0	-23.0	9.0	4.0	104.0	29.0	-118.0	147.38
62	-34.0	-2.0	-22.0	-32.0	3.0	107.0	-64.0	-45.0	135.71
63	16.0	-55.0	-28.0	71.0	33.0	-98.0	-37.0	100.0	132.33
64	81.0	71.0	16.0	27.0	-46.0	25.0	-76.0	90.0	125.48
65	6.0	-13.0	13.0	-40.0	-108.0	17.0	50.0	-2.0	98.37
66	-14.0	30.0	-18.0	-2.0	18.0	-23.0	57.0	-11.0	93.79
67	16.0	-6.0	-6.0	-125.0	73.0	-102.0	-31.0	-34.0	91.86
68	90.0	16.0	6.0	-46.0	127.0	25.0	-39.0	-6.0	88.94
69	23.0	54.0	-5.0	-21.0	-128.0	76.0	16.0	51.0	91.86
70	-106.0	8.0	8.0	43.0	-11.0	-67.0	56.0	-19.0	121.74
71	13.0	-47.0	4.0	-32.0	-2.0	-57.0	-24.0	-18.0	128.08
72	73.0	1.0	4.0	-74.0	-24.0	13.0	108.0	-30.0	125.48
73	25.0	-5.0	-4.0	-46.0	-81.0	-128.0	103.0	-3.0	103.39
74	13.0	-9.0	-50.0	56.0	76.0	64.0	36.0	49.0	97.42
75	26.0	-68.0	38.0	16.0	78.0	-102.0	-90.0	-28.0	94.0
76	33.0	-12.0	-21.0	-33.0	27.0	-8.0	32.0	-68.0	97.25
77	14.0	14.0	-23.0	113.0	-101.0	-29.0	-37.0	-37.0	112.92
78	-23.0	-20.0	8.0	-19.0	-12.0	47.0	27.0	-40.0	112.05
79	0.0	13.0	-23.0	-40.0	75.0	-61.0	-30.0	3.0	98.37
80	-12.0	34.0	-26.0	18.0	23.0	127.0	20.0	-11.0	95.87
81	90.0	20.0	-25.0	-1.0	-127.0	-13.0	45.0	-8.0	112.05
82	80.0	110.0	-31.0	34.0	-3.0	127.0	71.0	100.0	89.5
