0	0.0	13.0	-13.0	-15.0	17.0	23.0	127.0	9.0	99.44
1	25.0	-47.0	1.0	-5.0	6.0	109.0	68.0	57.0	99.44
2	-32.0	-98.0	-28.0	-67.0	51.0	90.0	46.0	45.0	95.31
3	46.0	-4.0	-27.0	35.0	12.0	-2.0	2.0	-118.0	106.69
4	-20.0	-9.0	30.0	-14.0	-49.0	88.0	36.0	47.0	95.31
5	2.0	-11.0	-38.0	-62.0	18.0	24.0	108.0	-3.0	95.57
6	64.0	-22.0	9.0	6.0	46.0	-28.0	-114.0	44.0	94.34
7	-18.0	37.0	20.0	42.0	103.0	-66.0	-19.0	-14.0	94.34
8	50.0	-98.0	3.0	29.0	-16.0	19.0	67.0	16.0	99.47
9	-46.0	-80.0	-37.0	-23.0	116.0	-51.0	-95.0	-51.0	114.66
10	-5.0	-60.0	-1.0	-42.0	53.0	77.0	27.0	44.0	104.17
11	14.0	-33.0	15.0	11.0	-86.0	75.0	13.0	-72.0	111.32
12	-4.0	-125.0	6.0	-58.0	-36.0	-79.0	-44.0	31.0	114.66
13	100.0	32.0	11.0	3.0	48.0	99.0	124.0	11.0	117.32
14	-31.0	-37.0	9.0	29.0	46.0	48.0	91.0	-21.0	122.55
15	13.0	-2.0	-5.0	72.0	-56.0	81.0	-33.0	-125.0	118.87
16	20.0	47.0	-37.0	64.0	35.0	0.0	-29.0	-64.0	122.55
17	19.0	39.0	-9.0	39.0	33.0	86.0	-108.0	-50.0	123.08
18	67.0	-2.0	17.0	39.0	-94.0	48.0	-109.0	-11.0	138.67
19	-5.0	20.0	-7.0	6.0	46.0	-87.0	-38.0	35.0	131.7
20	55.0	-43.0	13.0	42.0	79.0	66.0	112.0	23.0	126.61
21	22.0	23.0	-13.0	-24.0	-115.0	7.0	-24.0	-52.0	135.71
22	-32.0	-11.0	-3.0	-1.0	117.0	26.0	95.0	-34.0	137.59
23	-14.0	-16.0	5.0	-19.0	91.0	90.0	-43.0	88.0	127.05
24	41.0	62.0	-8.0	-10.0	0.0	116.0	-72.0	127.0	140.65
25	-98.0	-27.0	10.0	-13.0	-80.0	75.0	-92.0	-6.0	150.6
26	63.0	17.0	-19.0	-34.0	3.0	-116.0	40.0	-2.0	152.22
27	37.0	-3.0	52.0	-2.0	-24.0	11.0	-91.0	31.0	142.8
28	-3.0	3.0	-1.0	70.0	-128.0	-53.0	-103.0	4.0	145.21
29	-4.0	0.0	-14.0	10.0	127.0	87.0	47.0	-50.0	146.44
30	9.0	3.0	64.0	-9.0	51.0	94.0	13.0	-35.0	150.6
31	21.0	-1.0	-17.0	-36.0	-21.0	-121.0	-33.0	-15.0	154.44
32	-5.0	-16.0	52.0	41.0	127.0	49.0	86.0	-74.0	162.2
33	-128.0	-25.0	-3.0	-10.0	67.0	17.0	-125.0	93.0	155.37
34	32.0	-46.0	5.0	-20.0	-18.0	-58.0	-23.0	88.0	154.44
35	-47.0	33.0	22.0	-10.0	-60.0	57.0	86.0	80.0	156.6
36	73.0	8.0	33.0	-47.0	60.0	3.0	-9.0	66.0	164.4
37	13.0	-36.0	-10.0	66.0	33.0	110.0	-14.0	-29.0	167.6
38	25.0	7.0	34.0	-6.0	-13.0	86.0	31.0	37.0	168.92
39	97.0	3.0	-12.0	-10.0	-35.0	77.0	0.0	-52.0	168.48
40	-68.0	4.0	-9.0	-20.0	-29.0	61.0	10.0	-28.0	167.6
41	68.0	-20.0	1.0	-5.0	-85.0	-49.0	22.0	92.0	165.41
42	17.0	-22.0	2.0	-29.0	44.0	-14.0	71.0	12.0	166.23
43	-33.0	-27.0	-3.0	11.0	95.0	57.0	77.0	-24.0	168.53
44	101.0	-21.0	34.0	4.0	-1.0	62.0	-13.0	53.0	169.14
45	43.0	-24.0	-47.0	41.0	76.0	127.0	82.0	-45.0	171.94
46	14.0	17.0	20.0	4.0	86.0	25.0	-21.0	4.0	171.09
47	-33.0	-29.0	-13.0	120.0	44.0	-106.0	-72.0	57.0	170.0
48	37.0	35.0	11.0	-23.0	-110.0	127.0	8.0	120.0	170.0
49	15.0	5.0	45.0	18.0	0.0	-128.0	87.0	-26.0	171.94
50	-104.0	18.0	-17.0	24.0	-36.0	35.0	-85.0	28.0	173.29
51	-5.0	-33.0	-9.0	-35.0	7.0	3.0	71.0	-5.0	174.3
52	14.0	23.0	-5.0	24.0	3.0	127.0	21.0	-28.0	169.3
53	-96.0	-30.0	-10.0	-4.0	-2.0	49.0	21.0	127.0	174.3
54	17.0	11.0	9.0	-1.0	-9.0	91.0	75.0	-120.0	170.07
55	-31.0	-50.0	9.0	5.0	75.0	118.0	-38.0	32.0	170.07
56	-42.0	-34.0	9.0	-34.0	-128.0	-81.0	3.0	-107.0	168.92
57	-18.0	17.0	-65.0	78.0	127.0	85.0	27.0	68.0	161.78
58	-18.0	-49.0	-26.0	-42.0	-42.0	127.0	72.0	17.0	162.2
59	52.0	-78.0	29.0	0.0	-45.0	23.0	0.0	58.0	167.12
60	-72.0	2.0	-14.0	-1.0	67.0	39.0	-68.0	-11.0	158.75
61	-32.0	-2.0	0.0	-66.0	9.0	69.0	83.0	30.0	165.41
62	52.0	-26.0	19.0	-14.0	-128.0	-79.0	-23.0	-102.0	156.6
63	100.0	15.0	-24.0	48.0	-18.0	-128.0	-3.0	8.0	155.37
64	-59.0	51.0	29.0	9.0	0.0	-68.0	-20.0	-80.0	146.44
65	17.0	-49.0	-16.0	-26.0	28.0	49.0	-48.0	102.0	164.4
66	31.0	-38.0	-18.0	-18.0	46.0	127.0	-27.0	-1.0	158.24
67	3.0	-71.0	5.0	4.0	35.0	87.0	-14.0	-49.0	156.37
68	17.0	22.0	-25.0	-42.0	-20.0	-46.0	-51.0	-116.0	150.49
69	31.0	27.0	-13.0	-27.0	-88.0	-41.0	68.0	44.0	145.21
70	0.0	14.0	-54.0	-26.0	60.0	-42.0	-77.0	-31.0	141.44
71	-29.0	0.0	-4.0	14.0	-31.0	35.0	-13.0	-12.0	144.36
72	-3.0	-1.0	6.0	24.0	-31.0	41.0	47.0	-3.0	147.06
73	94.0	18.0	6.0	-17.0	0.0	-39.0	59.0	114.0	142.8
74	-47.0	-2.0	-53.0	6.0	-45.0	10.0	24.0	-25.0	135.71
75	-6.0	110.0	24.0	29.0	87.0	-41.0	-76.0	32.0	126.61
76	8.0	-14.0	20.0	-1.0	46.0	127.0	-19.0	73.0	119.22
77	-14.0	34.0	-10.0	-73.0	-8.0	45.0	21.0	-13.0	125.18
78	0.0	-7.0	5.0	5.0	127.0	111.0	18.0	18.0	123.08
79	-7.0	-118.0	14.0	66.0	13.0	124.0	61.0	30.0	119.22
80	21.0	3.0	-65.0	-37.0	44.0	34.0	9.0	-104.0	121.12
81	14.0	44.0	-83.0	-12.0	-36.0	-58.0	-32.0	-33.0	114.95
82	88.0	27.0	-19.0	-27.0	28.0	93.0	-14.0	57.0	114.95
83	25.0	-9.0	106.0	-19.0	-36.0	-32.0	17.0	-94.0	100.78
84	-44.0	-78.0	-9.0	-38.0	-103.0	-124.0	98.0	-39.0	98.73
85	-35.0	27.0	-58.0	-19.0	114.0	127.0	95.0	-92.0	104.17
86	22.0	-17.0	4.0	4.0	30.0	86.0	-14.0	-9.0	106.65
87	-23.0	47.0	-18.0	-14.0	-31.0	-128.0	-2.0	92.0	111.32
