0	-27.0	-97.0	-10.0	-10.0	-29.0	72.0	-19.0	-37.0	148.98
1	2.0	-39.0	-49.0	-1.0	-63.0	127.0	-58.0	44.0	151.91
2	-6.0	21.0	4.0	19.0	127.0	127.0	75.0	32.0	153.07
3	-39.0	108.0	-71.0	127.0	-16.0	-112.0	69.0	44.0	158.71
4	74.0	33.0	-10.0	-10.0	53.0	14.0	-59.0	47.0	148.98
5	-46.0	80.0	-18.0	-99.0	59.0	120.0	-50.0	27.0	159.01
6	-87.0	41.0	13.0	-3.0	104.0	-10.0	82.0	30.0	150.73
7	127.0	12.0	127.0	-42.0	5.0	60.0	69.0	58.0	141.59
8	127.0	-23.0	9.0	3.0	109.0	-77.0	127.0	-27.0	139.95
9	62.0	-97.0	11.0	-19.0	127.0	127.0	-59.0	88.0	141.34
10	127.0	14.0	127.0	83.0	75.0	25.0	65.0	66.0	132.64
11	-1.0	7.0	4.0	-11.0	127.0	-108.0	24.0	29.0	127.74
12	15.0	18.0	14.0	2.0	-23.0	-93.0	-128.0	-15.0	122.1
13	26.0	-3.0	-28.0	24.0	-10.0	-65.0	67.0	-11.0	118.56
14	-120.0	-16.0	-16.0	-6.0	-5.0	61.0	-44.0	-109.0	112.62
15	15.0	29.0	4.0	5.0	-40.0	-48.0	54.0	-53.0	120.33
16	-11.0	127.0	25.0	18.0	23.0	116.0	-50.0	127.0	100.63
17	15.0	82.0	-41.0	-32.0	58.0	93.0	24.0	-77.0	96.92
18	-23.0	101.0	21.0	-2.0	127.0	-79.0	6.0	-7.0	93.21
19	-108.0	6.0	117.0	-7.0	-5.0	127.0	-30.0	32.0	93.63
20	-108.0	-3.0	7.0	3.0	-35.0	92.0	-57.0	-27.0	94.26
21	-14.0	5.0	0.0	-9.0	5.0	-3.0	-96.0	102.0	98.22
22	18.0	42.0	-15.0	31.0	-29.0	80.0	32.0	0.0	112.91
23	36.0	-21.0	-11.0	-7.0	118.0	25.0	29.0	-27.0	98.22
24	47.0	-19.0	-1.0	-4.0	118.0	-111.0	127.0	-110.0	93.63
25	29.0	-35.0	-28.0	118.0	11.0	89.0	59.0	-10.0	100.63
26	47.0	-75.0	-16.0	24.0	-22.0	-32.0	-103.0	-118.0	122.1
27	34.0	14.0	0.0	-29.0	-17.0	80.0	107.0	-20.0	128.95
28	-6.0	-28.0	-33.0	-4.0	94.0	-13.0	85.0	-20.0	117.53
29	-2.0	-8.0	-26.0	24.0	49.0	11.0	-63.0	-1.0	99.62
30	34.0	32.0	6.0	-23.0	94.0	109.0	-32.0	105.0	100.27
31	-87.0	-1.0	89.0	127.0	-39.0	-13.0	2.0	93.0	99.85
32	15.0	33.0	-5.0	40.0	-33.0	127.0	50.0	-17.0	99.85
33	27.0	-1.0	-20.0	-25.0	-16.0	-55.0	-80.0	50.0	112.62
34	0.0	0.0	-64.0	9.0	127.0	-16.0	43.0	-32.0	117.53
35	27.0	-14.0	-18.0	-32.0	-101.0	116.0	-25.0	21.0	101.05
36	17.0	-54.0	73.0	3.0	14.0	-59.0	-88.0	81.0	125.88
37	97.0	-62.0	9.0	-78.0	25.0	127.0	-52.0	46.0	126.03
38	49.0	-9.0	25.0	13.0	-1.0	14.0	88.0	32.0	124.42
39	-6.0	-69.0	18.0	-29.0	31.0	75.0	0.0	-33.0	129.03
40	8.0	-9.0	-8.0	-12.0	96.0	-128.0	-46.0	-127.0	126.03
41	21.0	14.0	27.0	-1.0	-40.0	127.0	119.0	-103.0	132.64
42	-97.0	82.0	-21.0	71.0	-91.0	25.0	58.0	32.0	146.9
43	57.0	82.0	-24.0	-37.0	-1.0	-48.0	-30.0	58.0	150.73
44	27.0	37.0	-9.0	1.0	-33.0	100.0	-120.0	32.0	151.07
45	0.0	-4.0	-15.0	-4.0	-116.0	3.0	10.0	-13.0	141.59
46	-7.0	6.0	-2.0	-37.0	-15.0	-128.0	-25.0	-10.0	136.93
47	74.0	18.0	18.0	-11.0	-68.0	127.0	85.0	89.0	144.21
48	16.0	-56.0	14.0	9.0	0.0	127.0	21.0	22.0	156.12
49	13.0	5.0	116.0	-29.0	7.0	-65.0	75.0	-28.0	156.01
50	-7.0	12.0	14.0	12.0	11.0	-75.0	20.0	-27.0	159.01
51	-31.0	0.0	82.0	-59.0	89.0	-14.0	-34.0	-1.0	162.62
52	0.0	-1.0	13.0	102.0	-103.0	-111.0	-68.0	-13.0	163.89
53	-6.0	-14.0	24.0	-3.0	-34.0	126.0	-63.0	127.0	164.11
54	4.0	32.0	-8.0	127.0	-128.0	6.0	-72.0	-35.0	164.86
55	-4.0	97.0	-20.0	46.0	13.0	127.0	14.0	-112.0	167.06
56	-2.0	-3.0	-38.0	19.0	-15.0	-7.0	119.0	0.0	166.7
57	8.0	-1.0	-24.0	86.0	66.0	87.0	9.0	24.0	167.5
58	-35.0	-15.0	4.0	2.0	99.0	87.0	-44.0	30.0	166.39
59	-111.0	14.0	-5.0	81.0	1.0	127.0	-100.0	32.0	167.03
60	21.0	15.0	-12.0	-25.0	-6.0	122.0	63.0	88.0	167.49
61	80.0	0.0	14.0	-12.0	121.0	127.0	31.0	29.0	166.43
62	-23.0	27.0	5.0	12.0	-97.0	-26.0	-46.0	88.0	167.03
63	-2.0	-4.0	39.0	-31.0	127.0	-14.0	0.0	-35.0	166.6
64	-39.0	6.0	3.0	-29.0	127.0	28.0	122.0	-50.0	165.23
65	-6.0	15.0	-18.0	-37.0	127.0	-54.0	-11.0	-116.0	166.19
66	9.0	6.0	6.0	56.0	53.0	-40.0	78.0	24.0	164.86
67	41.0	6.0	14.0	55.0	127.0	92.0	-17.0	-33.0	166.19
68	9.0	-40.0	13.0	77.0	-29.0	-10.0	6.0	47.0	167.5
69	-7.0	-14.0	-9.0	28.0	13.0	-2.0	127.0	-40.0	165.21
70	-10.0	-62.0	-23.0	-3.0	5.0	-7.0	-19.0	77.0	163.79
71	61.0	30.0	-64.0	3.0	89.0	13.0	86.0	-4.0	160.85
72	2.0	0.0	-2.0	68.0	-103.0	93.0	-52.0	0.0	154.26
73	-5.0	-3.0	82.0	127.0	24.0	-117.0	69.0	-4.0	163.89
74	-17.0	7.0	22.0	-2.0	35.0	13.0	20.0	13.0	163.66
75	0.0	-6.0	3.0	10.0	0.0	-75.0	64.0	-43.0	158.71
76	127.0	-14.0	-8.0	-109.0	127.0	48.0	-55.0	-109.0	163.66
77	18.0	-14.0	48.0	-4.0	51.0	-47.0	86.0	-15.0	162.53
78	84.0	-25.0	-12.0	-10.0	71.0	56.0	-96.0	37.0	154.26
79	68.0	27.0	14.0	40.0	66.0	-118.0	-25.0	-17.0	143.91
80	86.0	-70.0	0.0	-52.0	-62.0	-54.0	-114.0	24.0	138.09
