0	-88.0	1.0	24.0	-76.0	28.0	74.0	14.0	-58.0	101.51
1	-13.0	76.0	13.0	-22.0	-67.0	-77.0	-22.0	127.0	119.98
2	-5.0	-30.0	-47.0	39.0	-53.0	117.0	127.0	38.0	122.1
3	-12.0	-44.0	-27.0	-18.0	51.0	-72.0	-12.0	-88.0	132.58
4	29.0	0.0	-41.0	49.0	-30.0	40.0	-20.0	54.0	135.94
5	-74.0	-8.0	-12.0	64.0	-79.0	-99.0	16.0	-128.0	135.47
6	58.0	6.0	6.0	-16.0	-50.0	6.0	-88.0	-115.0	137.44
7	-45.0	114.0	15.0	-41.0	71.0	-91.0	-128.0	52.0	138.98
8	-18.0	-92.0	-3.0	-19.0	62.0	90.0	-13.0	89.0	139.07
9	60.0	-14.0	1.0	-12.0	-32.0	-10.0	94.0	-39.0	145.89
10	-37.0	9.0	7.0	-48.0	81.0	37.0	81.0	-16.0	142.88
11	3.0	-108.0	-11.0	-92.0	4.0	4.0	33.0	-31.0	150.96
12	50.0	2.0	9.0	0.0	-26.0	-99.0	-64.0	106.0	155.0
13	8.0	-11.0	-5.0	-24.0	86.0	97.0	-30.0	-18.0	140.65
14	66.0	117.0	-12.0	33.0	15.0	-10.0	-25.0	105.0	158.61
15	18.0	-4.0	66.0	12.0	-54.0	-36.0	0.0	75.0	153.79
16	44.0	-102.0	-31.0	-5.0	-97.0	76.0	-28.0	-59.0	143.64
17	63.0	38.0	4.0	33.0	-34.0	-26.0	6.0	-5.0	139.22
18	13.0	53.0	-56.0	-13.0	19.0	-88.0	-88.0	-83.0	152.73
19	-45.0	-77.0	-58.0	18.0	-34.0	-74.0	-10.0	66.0	164.73
20	-17.0	-8.0	10.0	30.0	127.0	-128.0	-32.0	-10.0	161.56
21	-33.0	27.0	-36.0	-21.0	48.0	68.0	-80.0	8.0	164.36
22	-26.0	76.0	-8.0	2.0	91.0	127.0	38.0	39.0	167.85
23	-18.0	-61.0	-31.0	37.0	-92.0	8.0	85.0	-65.0	168.16
24	78.0	-10.0	-21.0	33.0	-5.0	85.0	19.0	-2.0	167.75
25	41.0	-44.0	88.0	30.0	12.0	-5.0	-31.0	12.0	167.59
26	-25.0	14.0	-14.0	-56.0	2.0	127.0	-26.0	8.0	165.81
27	-21.0	6.0	-30.0	46.0	-22.0	37.0	73.0	20.0	161.12
28	-16.0	-19.0	26.0	-50.0	-34.0	-83.0	-26.0	-79.0	151.87
29	-13.0	-12.0	-6.0	4.0	-55.0	79.0	-30.0	35.0	143.64
30	13.0	4.0	-4.0	-13.0	43.0	37.0	26.0	38.0	155.0
31	-109.0	71.0	-50.0	-20.0	17.0	107.0	64.0	38.0	158.55
32	-8.0	34.0	-5.0	44.0	3.0	127.0	5.0	-2.0	155.34
33	-4.0	3.0	-1.0	22.0	-46.0	68.0	41.0	4.0	161.12
34	-11.0	5.0	-12.0	-12.0	-54.0	68.0	99.0	-55.0	164.36
35	-36.0	9.0	-16.0	-22.0	127.0	65.0	-25.0	55.0	166.69
36	-6.0	-18.0	69.0	-63.0	-79.0	108.0	-4.0	-19.0	167.73
37	34.0	-13.0	-85.0	73.0	-57.0	78.0	39.0	-59.0	168.45
38	-11.0	10.0	-8.0	-34.0	56.0	-89.0	127.0	72.0	167.75
39	21.0	-30.0	23.0	-59.0	20.0	127.0	15.0	-84.0	166.58
40	-19.0	-9.0	14.0	11.0	-6.0	-98.0	-50.0	1.0	163.35
41	39.0	-61.0	-8.0	-10.0	-108.0	-62.0	-16.0	35.0	167.4
42	59.0	63.0	-19.0	16.0	123.0	-28.0	16.0	-37.0	167.73
43	-72.0	21.0	1.0	30.0	-128.0	115.0	-128.0	77.0	168.16
44	-36.0	45.0	-36.0	-20.0	-121.0	101.0	85.0	110.0	168.16
45	-12.0	55.0	-82.0	-62.0	112.0	50.0	-119.0	0.0	168.16
46	11.0	105.0	22.0	-24.0	1.0	4.0	10.0	25.0	167.4
47	-117.0	-68.0	24.0	78.0	43.0	90.0	1.0	-11.0	168.06
48	-117.0	-16.0	-39.0	13.0	-29.0	85.0	-28.0	-45.0	164.73
49	127.0	20.0	-20.0	-13.0	-23.0	-59.0	17.0	38.0	155.34
50	77.0	-29.0	-58.0	-65.0	127.0	24.0	-65.0	-65.0	150.96
51	-30.0	-92.0	-9.0	-10.0	-39.0	80.0	68.0	-1.0	146.56
52	15.0	-3.0	53.0	-16.0	127.0	-39.0	-56.0	-81.0	139.98
53	26.0	-1.0	10.0	-45.0	112.0	90.0	-117.0	50.0	139.22
54	41.0	47.0	-1.0	13.0	105.0	127.0	-10.0	15.0	151.87
55	-116.0	-42.0	-3.0	50.0	43.0	67.0	80.0	-11.0	139.07
56	46.0	1.0	-11.0	4.0	12.0	-57.0	115.0	-67.0	138.98
57	54.0	19.0	-44.0	-49.0	114.0	-16.0	115.0	81.0	137.44
58	-74.0	-59.0	-44.0	-1.0	-58.0	124.0	-71.0	127.0	132.58
59	-15.0	12.0	-10.0	88.0	-37.0	20.0	-48.0	-89.0	133.74
60	-88.0	117.0	-20.0	-55.0	103.0	32.0	-46.0	-33.0	135.03
61	7.0	28.0	76.0	-11.0	64.0	53.0	73.0	-1.0	133.74
62	80.0	-57.0	106.0	-39.0	-61.0	-109.0	-29.0	-46.0	128.54
63	-3.0	-88.0	-41.0	-13.0	95.0	-122.0	-128.0	4.0	115.36
64	44.0	33.0	27.0	50.0	103.0	-26.0	63.0	2.0	110.29
65	-33.0	-74.0	29.0	-112.0	2.0	-39.0	7.0	15.0	111.33
66	-44.0	-60.0	106.0	-88.0	-128.0	-106.0	46.0	23.0	124.67
67	38.0	57.0	12.0	-17.0	127.0	12.0	33.0	-15.0	124.83
68	-81.0	88.0	9.0	100.0	-50.0	127.0	-9.0	28.0	129.17
69	62.0	-45.0	-64.0	113.0	-83.0	-40.0	-35.0	48.0	131.47
70	-92.0	21.0	-6.0	-68.0	127.0	-73.0	-16.0	-52.0	124.83
71	-67.0	-11.0	-5.0	48.0	51.0	127.0	-51.0	-31.0	115.36
72	37.0	35.0	-60.0	-55.0	-75.0	-128.0	-28.0	-26.0	124.67
73	-28.0	-32.0	16.0	-1.0	20.0	118.0	16.0	-20.0	115.06
74	76.0	-23.0	59.0	38.0	112.0	111.0	127.0	56.0	105.47
75	-6.0	3.0	5.0	-128.0	42.0	127.0	-35.0	-10.0	111.33
76	8.0	-82.0	-41.0	9.0	-128.0	88.0	-39.0	-9.0	105.47
77	-65.0	-36.0	22.0	16.0	-10.0	-109.0	44.0	-1.0	100.31
78	-27.0	6.0	-18.0	74.0	91.0	67.0	-52.0	-16.0	97.86
79	-18.0	-2.0	3.0	-40.0	-62.0	-93.0	77.0	-23.0	100.31
80	-53.0	-52.0	3.0	84.0	-51.0	-121.0	103.0	53.0	99.1
81	3.0	-8.0	-49.0	12.0	127.0	41.0	108.0	23.0	101.79
82	48.0	-88.0	-50.0	-26.0	-8.0	34.0	64.0	-11.0	98.21
83	53.0	-64.0	-7.0	1.0	127.0	85.0	-71.0	-90.0	97.55
84	76.0	-9.0	-6.0	35.0	-62.0	-96.0	113.0	18.0	97.42
85	127.0	-34.0	6.0	1.0	50.0	-57.0	7.0	23.0	97.42
86	-11.0	24.0	-16.0	1.0	-73.0	127.0	37.0	-112.0	98.21
