0	-12.0	-58.0	4.0	127.0	40.0	-128.0	76.0	-63.0	151.33
1	3.0	-107.0	-6.0	45.0	-75.0	-89.0	-60.0	52.0	156.09
2	14.0	-8.0	-9.0	122.0	-39.0	110.0	-4.0	78.0	153.76
3	28.0	21.0	-17.0	94.0	62.0	64.0	49.0	22.0	153.41
4	44.0	49.0	-20.0	-71.0	71.0	-36.0	127.0	-107.0	152.71
5	-19.0	46.0	42.0	1.0	-20.0	27.0	0.0	-14.0	155.35
6	71.0	6.0	-28.0	64.0	46.0	-2.0	-61.0	103.0	158.79
7	27.0	2.0	27.0	11.0	127.0	34.0	-47.0	-18.0	160.06
8	-4.0	36.0	-2.0	63.0	69.0	80.0	9.0	10.0	160.67
9	-69.0	-5.0	-8.0	-7.0	3.0	-7.0	-102.0	6.0	165.1
10	33.0	13.0	-6.0	-5.0	127.0	-23.0	127.0	-2.0	166.91
11	48.0	22.0	-6.0	-10.0	-108.0	19.0	74.0	-128.0	167.98
12	11.0	26.0	2.0	28.0	-51.0	-21.0	111.0	-85.0	167.67
13	29.0	12.0	12.0	-37.0	-64.0	-54.0	-61.0	48.0	166.45
14	-8.0	34.0	-3.0	35.0	65.0	62.0	66.0	70.0	167.75
15	18.0	1.0	-9.0	4.0	-38.0	-81.0	-110.0	-3.0	167.98
16	12.0	21.0	2.0	18.0	69.0	-23.0	3.0	22.0	166.89
17	35.0	12.0	5.0	127.0	74.0	127.0	-4.0	-14.0	167.51
18	16.0	-2.0	17.0	15.0	-38.0	28.0	-111.0	31.0	167.02
19	-28.0	16.0	-2.0	3.0	-57.0	127.0	127.0	18.0	165.1
20	127.0	-2.0	37.0	-25.0	72.0	-72.0	67.0	127.0	166.45
21	68.0	31.0	29.0	20.0	-128.0	-128.0	10.0	50.0	167.51
22	56.0	49.0	-16.0	1.0	-106.0	-81.0	-66.0	-128.0	166.89
23	-2.0	-71.0	2.0	18.0	-26.0	81.0	-12.0	-36.0	166.87
24	-29.0	127.0	-14.0	11.0	26.0	127.0	50.0	-125.0	166.94
25	-80.0	-1.0	7.0	-7.0	-42.0	64.0	16.0	58.0	167.02
26	-49.0	127.0	-11.0	-13.0	127.0	105.0	-99.0	-16.0	167.07
27	-18.0	22.0	8.0	-99.0	-20.0	127.0	78.0	90.0	160.98
28	22.0	-25.0	-13.0	21.0	27.0	127.0	1.0	7.0	158.79
29	-25.0	-25.0	-2.0	15.0	33.0	53.0	123.0	99.0	157.43
30	-76.0	-27.0	-78.0	111.0	-74.0	110.0	-4.0	-73.0	163.2
31	-16.0	-48.0	-3.0	9.0	79.0	59.0	-39.0	1.0	163.87
32	31.0	8.0	-17.0	1.0	-106.0	-53.0	35.0	34.0	160.67
33	18.0	-20.0	-26.0	17.0	120.0	67.0	-6.0	90.0	160.98
34	125.0	-24.0	-3.0	-15.0	-59.0	-9.0	68.0	50.0	161.9
35	118.0	-20.0	27.0	12.0	52.0	69.0	127.0	63.0	161.39
36	17.0	-7.0	-27.0	-2.0	6.0	42.0	127.0	-16.0	159.44
37	-35.0	-37.0	5.0	-46.0	-128.0	91.0	-60.0	46.0	162.4
38	-80.0	-27.0	4.0	-100.0	-34.0	79.0	-82.0	50.0	163.87
39	7.0	-27.0	33.0	127.0	127.0	-20.0	-4.0	-20.0	165.42
40	12.0	36.0	-11.0	9.0	105.0	127.0	-85.0	-106.0	166.34
41	3.0	-36.0	10.0	53.0	11.0	-94.0	67.0	-128.0	156.09
42	50.0	9.0	-9.0	-37.0	105.0	23.0	3.0	-17.0	153.41
43	14.0	-48.0	-16.0	-116.0	-11.0	-89.0	66.0	52.0	151.33
44	33.0	-21.0	-10.0	26.0	-64.0	127.0	14.0	127.0	146.95
45	-19.0	-25.0	28.0	-103.0	127.0	13.0	22.0	6.0	137.11
46	-35.0	-9.0	-28.0	7.0	13.0	127.0	2.0	2.0	144.97
47	11.0	28.0	127.0	-6.0	127.0	11.0	123.0	24.0	149.27
48	7.0	31.0	7.0	54.0	46.0	-65.0	9.0	11.0	149.27
49	92.0	16.0	55.0	18.0	-119.0	-10.0	-26.0	-33.0	146.68
50	-95.0	1.0	-3.0	67.0	40.0	40.0	-110.0	59.0	145.76
51	68.0	17.0	1.0	-8.0	88.0	40.0	-93.0	-16.0	144.46
52	-89.0	67.0	5.0	127.0	12.0	-128.0	127.0	0.0	134.78
53	-35.0	88.0	33.0	21.0	-36.0	23.0	58.0	-111.0	110.22
54	36.0	5.0	76.0	-15.0	8.0	-89.0	12.0	-89.0	110.19
55	16.0	127.0	-12.0	-41.0	-126.0	127.0	111.0	6.0	108.13
56	-128.0	-36.0	4.0	-70.0	127.0	-118.0	-4.0	93.0	111.97
57	-15.0	-25.0	29.0	-6.0	-13.0	34.0	-40.0	72.0	133.91
58	-49.0	-23.0	16.0	4.0	91.0	127.0	3.0	127.0	142.75
59	17.0	17.0	-11.0	97.0	-11.0	127.0	-2.0	-16.0	121.81
60	18.0	-26.0	-14.0	35.0	-11.0	117.0	-10.0	-3.0	110.22
61	28.0	0.0	-3.0	12.0	127.0	13.0	96.0	0.0	116.27
62	57.0	34.0	6.0	48.0	127.0	-42.0	76.0	-9.0	116.64
63	16.0	-32.0	11.0	43.0	40.0	-6.0	-50.0	-59.0	116.64
64	42.0	-10.0	13.0	-60.0	-128.0	-21.0	47.0	1.0	133.91
65	61.0	-11.0	8.0	-5.0	-67.0	-6.0	0.0	127.0	118.0
66	-56.0	0.0	7.0	-33.0	-128.0	-21.0	36.0	-128.0	116.31
67	127.0	8.0	-4.0	-103.0	26.0	-84.0	36.0	-37.0	143.92
68	-36.0	-3.0	117.0	28.0	23.0	127.0	127.0	-2.0	148.25
69	50.0	42.0	42.0	3.0	-26.0	91.0	-4.0	42.0	116.92
70	45.0	28.0	12.0	-32.0	-76.0	59.0	55.0	82.0	144.46
71	-45.0	-22.0	6.0	44.0	117.0	127.0	-35.0	-14.0	141.1
72	-2.0	28.0	8.0	15.0	127.0	-23.0	-35.0	79.0	108.47
73	27.0	8.0	-50.0	23.0	10.0	-128.0	-45.0	-111.0	116.23
74	61.0	21.0	-3.0	-69.0	71.0	70.0	57.0	63.0	116.23
75	28.0	33.0	15.0	-100.0	127.0	42.0	-19.0	79.0	108.47
76	50.0	-19.0	18.0	-19.0	-119.0	105.0	127.0	-3.0	108.13
77	30.0	-11.0	124.0	-41.0	-60.0	52.0	39.0	37.0	137.11
78	127.0	11.0	-41.0	-114.0	57.0	34.0	-50.0	36.0	145.3
79	58.0	8.0	127.0	15.0	33.0	-128.0	101.0	5.0	145.99
80	3.0	39.0	-12.0	53.0	60.0	127.0	-8.0	-106.0	140.61
81	-128.0	8.0	-13.0	12.0	96.0	119.0	-4.0	43.0	146.68
82	4.0	36.0	2.0	111.0	79.0	5.0	-84.0	-128.0	146.95
83	16.0	127.0	-4.0	-26.0	22.0	109.0	32.0	127.0	150.99
84	-9.0	15.0	-15.0	15.0	0.0	5.0	51.0	-58.0	145.99
