0	21.0	18.0	102.0	-26.0	127.0	102.0	-79.0	3.0	129.7
1	-43.0	-2.0	-2.0	-13.0	-40.0	62.0	58.0	-99.0	135.39
2	-3.0	-17.0	-36.0	-4.0	122.0	-94.0	4.0	115.0	131.03
3	-73.0	-12.0	36.0	15.0	-19.0	-48.0	-16.0	-30.0	129.97
4	-71.0	-23.0	0.0	39.0	57.0	125.0	0.0	-126.0	136.44
5	41.0	17.0	18.0	0.0	111.0	8.0	-13.0	14.0	131.75
6	30.0	8.0	46.0	20.0	-85.0	-73.0	74.0	4.0	135.98
7	-107.0	33.0	-5.0	96.0	123.0	-90.0	-72.0	45.0	129.08
8	127.0	-6.0	46.0	65.0	127.0	-86.0	24.0	-110.0	131.75
9	35.0	-5.0	19.0	20.0	-128.0	-94.0	-53.0	98.0	149.5
10	42.0	101.0	4.0	-13.0	-61.0	-21.0	107.0	-83.0	149.5
11	38.0	11.0	-29.0	-68.0	127.0	67.0	-20.0	-112.0	129.97
12	127.0	-3.0	-25.0	-11.0	52.0	-19.0	-36.0	-5.0	133.29
13	24.0	7.0	0.0	0.0	3.0	127.0	-81.0	-99.0	135.39
14	71.0	41.0	-36.0	-16.0	127.0	72.0	127.0	-15.0	136.12
15	10.0	54.0	-8.0	-24.0	20.0	127.0	87.0	79.0	138.66
16	-83.0	1.0	-25.0	67.0	4.0	127.0	-17.0	-6.0	142.03
17	22.0	20.0	98.0	-15.0	123.0	79.0	48.0	87.0	135.54
18	17.0	50.0	4.0	25.0	-75.0	-88.0	85.0	15.0	139.17
19	-36.0	12.0	-12.0	114.0	-77.0	127.0	-79.0	35.0	154.13
20	24.0	92.0	10.0	105.0	84.0	-21.0	127.0	105.0	162.59
21	22.0	-83.0	105.0	77.0	-96.0	-118.0	97.0	5.0	152.9
22	29.0	-62.0	1.0	28.0	-87.0	42.0	-64.0	-8.0	139.17
23	51.0	9.0	-20.0	3.0	-61.0	127.0	59.0	-74.0	149.64
24	-17.0	-83.0	127.0	-25.0	14.0	-128.0	-25.0	100.0	154.7
25	-42.0	-81.0	-4.0	-36.0	52.0	106.0	97.0	-33.0	154.48
26	-43.0	7.0	-5.0	-39.0	13.0	126.0	105.0	-27.0	168.34
27	127.0	82.0	100.0	-13.0	-59.0	40.0	-32.0	97.0	168.35
28	-29.0	7.0	6.0	-3.0	-81.0	127.0	-22.0	50.0	168.07
29	-31.0	26.0	17.0	10.0	-4.0	127.0	-124.0	127.0	166.46
30	123.0	56.0	4.0	-11.0	30.0	-118.0	-11.0	-128.0	165.61
31	58.0	79.0	1.0	10.0	40.0	-88.0	-11.0	-10.0	170.59
32	-47.0	-14.0	10.0	111.0	-100.0	30.0	-20.0	-44.0	168.71
33	9.0	22.0	113.0	-36.0	95.0	75.0	42.0	-8.0	172.43
34	127.0	32.0	-3.0	-10.0	64.0	-104.0	86.0	92.0	168.35
35	9.0	-9.0	10.0	-26.0	-112.0	73.0	28.0	23.0	169.38
36	41.0	66.0	11.0	-101.0	54.0	-58.0	10.0	127.0	172.68
37	53.0	-12.0	23.0	77.0	-40.0	-87.0	21.0	-105.0	172.96
38	127.0	-20.0	-8.0	-13.0	84.0	104.0	-22.0	127.0	173.57
39	40.0	37.0	-1.0	-29.0	-21.0	50.0	103.0	-102.0	173.09
40	30.0	-7.0	13.0	28.0	-75.0	27.0	127.0	-110.0	173.48
41	20.0	-9.0	25.0	73.0	-3.0	126.0	33.0	67.0	173.18
42	-105.0	9.0	3.0	-22.0	63.0	-106.0	4.0	36.0	173.09
43	51.0	66.0	66.0	69.0	-77.0	-99.0	39.0	92.0	172.96
44	-24.0	-55.0	7.0	-33.0	9.0	62.0	-103.0	35.0	171.27
45	24.0	-31.0	45.0	19.0	61.0	91.0	127.0	40.0	170.52
46	55.0	27.0	-14.0	0.0	127.0	-47.0	28.0	37.0	168.71
47	-2.0	-13.0	-30.0	-78.0	-89.0	103.0	-25.0	-40.0	170.59
48	-61.0	-81.0	-21.0	16.0	64.0	21.0	14.0	-7.0	172.43
49	-15.0	-26.0	-32.0	21.0	127.0	-24.0	-25.0	127.0	169.38
50	24.0	21.0	45.0	16.0	-16.0	120.0	29.0	77.0	166.46
51	16.0	-12.0	7.0	-68.0	98.0	127.0	-94.0	63.0	155.22
52	-37.0	-54.0	-46.0	15.0	-49.0	-128.0	0.0	92.0	168.18
53	13.0	-40.0	-9.0	14.0	-44.0	83.0	-103.0	116.0	164.32
54	6.0	-84.0	4.0	-25.0	127.0	124.0	-31.0	72.0	165.61
55	-73.0	42.0	-29.0	-44.0	14.0	-104.0	-2.0	-105.0	163.68
56	58.0	-30.0	7.0	122.0	14.0	-5.0	-4.0	-15.0	162.67
57	-100.0	-5.0	6.0	0.0	-128.0	-4.0	10.0	98.0	154.7
58	19.0	-26.0	-28.0	82.0	40.0	-70.0	-16.0	-12.0	162.59
59	125.0	-38.0	30.0	27.0	-73.0	56.0	-81.0	10.0	144.46
60	-47.0	54.0	109.0	57.0	72.0	-42.0	-11.0	63.0	138.77
61	-3.0	-1.0	-3.0	71.0	104.0	-49.0	47.0	-27.0	152.9
62	51.0	-23.0	4.0	0.0	-108.0	-72.0	63.0	-13.0	142.71
63	11.0	-3.0	-5.0	127.0	-127.0	33.0	2.0	-6.0	142.03
64	29.0	-9.0	1.0	-94.0	-49.0	30.0	-22.0	-63.0	138.77
65	-14.0	14.0	-19.0	-52.0	83.0	65.0	51.0	-24.0	133.29
66	-83.0	20.0	-12.0	127.0	-120.0	127.0	7.0	53.0	112.37
67	106.0	17.0	-8.0	22.0	-62.0	34.0	24.0	127.0	110.79
68	-33.0	16.0	-39.0	-27.0	107.0	84.0	4.0	127.0	108.18
69	-20.0	25.0	-4.0	115.0	12.0	-42.0	58.0	92.0	108.49
70	-3.0	-9.0	-39.0	60.0	72.0	-14.0	-9.0	-44.0	110.63
71	19.0	-42.0	-29.0	-56.0	74.0	-118.0	101.0	8.0	111.99
72	34.0	104.0	23.0	17.0	127.0	8.0	-36.0	12.0	106.18
73	-42.0	-6.0	90.0	-26.0	44.0	48.0	-122.0	46.0	106.89
74	-75.0	2.0	7.0	-69.0	116.0	-99.0	42.0	2.0	109.42
75	11.0	-13.0	-39.0	102.0	-73.0	-30.0	-13.0	34.0	108.33
76	-55.0	0.0	20.0	42.0	-101.0	4.0	-33.0	86.0	109.42
77	-24.0	-41.0	-15.0	-42.0	-117.0	24.0	14.0	-128.0	108.49
78	-41.0	35.0	0.0	-17.0	-32.0	-103.0	-18.0	-6.0	108.98
79	56.0	127.0	1.0	-95.0	-34.0	-24.0	50.0	20.0	106.18
80	8.0	-6.0	2.0	109.0	39.0	84.0	12.0	-64.0	116.38
81	30.0	101.0	5.0	105.0	63.0	-83.0	2.0	54.0	130.29
82	29.0	-10.0	-3.0	-47.0	106.0	79.0	-128.0	-14.0	112.55
83	22.0	46.0	40.0	0.0	-24.0	35.0	-9.0	24.0	111.99
84	15.0	88.0	-4.0	28.0	114.0	-107.0	-74.0	127.0	110.79
