0	36.0	32.0	7.0	0.0	110.0	127.0	10.0	6.0	168.67
1	2.0	15.0	-17.0	-91.0	-50.0	49.0	101.0	-128.0	162.43
2	-12.0	10.0	-29.0	36.0	80.0	72.0	-99.0	14.0	166.45
3	-26.0	-4.0	-10.0	46.0	-90.0	54.0	-61.0	64.0	154.42
4	2.0	17.0	-8.0	8.0	-48.0	-31.0	-90.0	-51.0	168.41
5	13.0	5.0	-24.0	19.0	46.0	107.0	15.0	89.0	159.69
6	21.0	-36.0	8.0	25.0	23.0	40.0	49.0	-42.0	162.14
7	-70.0	24.0	39.0	3.0	82.0	68.0	106.0	-14.0	164.31
8	-29.0	-17.0	54.0	-26.0	31.0	90.0	34.0	-81.0	150.0
9	44.0	-9.0	-54.0	-2.0	33.0	120.0	-59.0	30.0	154.42
10	-27.0	14.0	-39.0	13.0	-88.0	-16.0	32.0	27.0	162.14
11	47.0	-3.0	-5.0	-62.0	-42.0	87.0	-29.0	8.0	162.43
12	-50.0	14.0	10.0	124.0	5.0	-113.0	-68.0	-8.0	150.0
13	89.0	-1.0	-21.0	-5.0	73.0	61.0	84.0	-58.0	156.09
14	-59.0	0.0	7.0	4.0	47.0	-97.0	-14.0	-16.0	164.31
15	-37.0	-4.0	40.0	4.0	12.0	-86.0	37.0	-16.0	167.56
16	56.0	-20.0	-18.0	31.0	48.0	34.0	120.0	8.0	151.09
17	110.0	-55.0	39.0	67.0	127.0	107.0	6.0	9.0	156.85
18	56.0	29.0	2.0	0.0	-12.0	127.0	42.0	64.0	156.09
19	-43.0	10.0	-40.0	-58.0	3.0	71.0	-54.0	-46.0	140.66
20	-46.0	5.0	-30.0	14.0	-21.0	-89.0	39.0	-48.0	130.49
21	40.0	36.0	-6.0	16.0	127.0	5.0	-45.0	111.0	132.24
22	32.0	-51.0	4.0	23.0	-14.0	-52.0	115.0	103.0	130.49
23	-26.0	-12.0	31.0	-42.0	6.0	-70.0	68.0	-59.0	137.31
24	-19.0	99.0	82.0	-75.0	-112.0	127.0	62.0	-21.0	132.24
25	-75.0	-28.0	39.0	-8.0	-39.0	-79.0	23.0	-14.0	132.99
26	29.0	-13.0	-2.0	-39.0	19.0	3.0	10.0	-89.0	140.66
27	25.0	40.0	-96.0	103.0	-100.0	1.0	-65.0	127.0	135.02
28	-47.0	11.0	65.0	15.0	111.0	-73.0	96.0	16.0	128.62
29	29.0	-24.0	2.0	-7.0	-64.0	-122.0	55.0	-51.0	111.51
30	-9.0	-6.0	-100.0	63.0	-20.0	26.0	-59.0	-19.0	100.54
31	-13.0	21.0	-45.0	18.0	17.0	-3.0	79.0	-87.0	100.67
32	24.0	-2.0	30.0	-48.0	105.0	8.0	-80.0	78.0	101.37
33	49.0	-20.0	7.0	-41.0	24.0	127.0	26.0	123.0	102.61
34	40.0	17.0	-106.0	-25.0	67.0	26.0	-91.0	-15.0	102.69
35	57.0	-6.0	66.0	17.0	-63.0	127.0	-40.0	-62.0	116.09
36	37.0	-27.0	-10.0	66.0	113.0	-118.0	39.0	67.0	120.93
37	6.0	11.0	-51.0	-41.0	71.0	-3.0	-14.0	-93.0	101.37
38	-80.0	-7.0	14.0	8.0	105.0	-73.0	-10.0	-113.0	126.91
39	-6.0	9.0	39.0	-127.0	119.0	120.0	33.0	52.0	129.07
40	-59.0	0.0	4.0	5.0	-128.0	100.0	48.0	-32.0	124.03
41	-4.0	-2.0	-110.0	32.0	31.0	69.0	11.0	-93.0	129.07
42	42.0	26.0	-40.0	27.0	-5.0	13.0	52.0	80.0	116.09
43	-55.0	4.0	7.0	49.0	-68.0	-25.0	-91.0	64.0	109.23
44	39.0	7.0	3.0	-12.0	-123.0	22.0	-128.0	2.0	126.19
45	-49.0	-19.0	-7.0	-6.0	-26.0	-93.0	84.0	39.0	116.34
46	29.0	-16.0	49.0	-14.0	41.0	127.0	-111.0	19.0	102.61
47	-19.0	0.0	11.0	19.0	-69.0	-52.0	73.0	-57.0	104.82
48	10.0	8.0	-29.0	-50.0	106.0	-11.0	72.0	-51.0	107.53
49	8.0	2.0	48.0	59.0	-72.0	59.0	13.0	-116.0	111.51
50	6.0	16.0	-31.0	20.0	55.0	-87.0	59.0	-91.0	100.68
51	-42.0	-24.0	4.0	-14.0	-36.0	-18.0	52.0	-128.0	100.54
52	37.0	-36.0	16.0	-55.0	-48.0	127.0	45.0	55.0	124.03
53	61.0	21.0	-16.0	19.0	-17.0	62.0	5.0	-116.0	104.82
54	-2.0	-24.0	-64.0	19.0	3.0	-3.0	-55.0	-41.0	126.91
55	50.0	-30.0	31.0	-55.0	42.0	67.0	20.0	-24.0	133.87
56	-45.0	-2.0	-80.0	-9.0	97.0	36.0	-38.0	101.0	125.24
57	-14.0	0.0	-11.0	29.0	-128.0	127.0	94.0	54.0	143.11
58	36.0	-12.0	-9.0	-23.0	-108.0	-22.0	-41.0	22.0	140.62
59	8.0	2.0	20.0	62.0	40.0	48.0	-65.0	127.0	144.24
60	-19.0	110.0	-42.0	-25.0	-117.0	-25.0	-3.0	-73.0	143.11
61	40.0	24.0	126.0	39.0	16.0	127.0	4.0	100.0	135.02
62	-6.0	16.0	53.0	-31.0	-15.0	-74.0	-25.0	-70.0	132.34
63	-55.0	20.0	27.0	23.0	-69.0	9.0	-9.0	-87.0	137.83
64	-66.0	10.0	6.0	-20.0	42.0	8.0	93.0	34.0	147.25
65	31.0	-17.0	36.0	17.0	75.0	20.0	127.0	-30.0	147.76
66	25.0	-11.0	-11.0	22.0	76.0	-51.0	73.0	-65.0	144.24
67	43.0	-24.0	-42.0	0.0	127.0	55.0	-124.0	-119.0	145.41
68	-19.0	-50.0	127.0	-5.0	-33.0	-128.0	-96.0	11.0	151.08
69	-14.0	16.0	-9.0	83.0	24.0	-89.0	4.0	62.0	164.59
70	-4.0	24.0	-44.0	-2.0	80.0	106.0	120.0	56.0	168.67
71	53.0	-2.0	-20.0	-69.0	-103.0	59.0	54.0	15.0	169.55
72	-50.0	10.0	-1.0	98.0	24.0	116.0	-18.0	-18.0	173.26
73	-3.0	-16.0	0.0	-104.0	2.0	-104.0	2.0	55.0	171.94
74	50.0	33.0	56.0	-15.0	-22.0	-83.0	-4.0	-6.0	172.73
75	67.0	4.0	-13.0	-28.0	-20.0	57.0	10.0	57.0	170.28
76	11.0	-8.0	-20.0	-31.0	2.0	127.0	26.0	6.0	170.28
77	-61.0	19.0	28.0	103.0	73.0	-35.0	10.0	59.0	172.22
78	-47.0	-6.0	28.0	51.0	127.0	81.0	-43.0	39.0	173.7
79	-15.0	-1.0	-4.0	2.0	-21.0	-61.0	-23.0	37.0	173.34
80	-43.0	-53.0	-62.0	-15.0	9.0	127.0	-87.0	48.0	173.12
81	-45.0	45.0	20.0	63.0	-34.0	-2.0	-8.0	-17.0	171.06
82	30.0	-1.0	7.0	-1.0	-119.0	-128.0	44.0	-2.0	173.7
83	-75.0	-6.0	35.0	44.0	-20.0	5.0	127.0	6.0	173.12
84	-64.0	-53.0	-61.0	-62.0	-60.0	-108.0	-102.0	23.0	172.73
85	11.0	-12.0	46.0	-82.0	70.0	-61.0	-76.0	-91.0	169.72
86	6.0	-1.0	-11.0	4.0	30.0	4.0	-31.0	-70.0	169.55
