0	12.0	-4.0	15.0	-34.0	-3.0	-127.0	-90.0	63.0	147.24
1	50.0	-30.0	11.0	-48.0	127.0	-9.0	-13.0	13.0	158.57
2	-26.0	-4.0	7.0	51.0	-68.0	-38.0	-82.0	-26.0	142.25
3	46.0	9.0	16.0	78.0	-52.0	105.0	71.0	-19.0	153.75
4	38.0	23.0	-25.0	-33.0	4.0	-73.0	73.0	-21.0	146.15
5	-11.0	3.0	35.0	-49.0	-81.0	70.0	-46.0	-34.0	155.36
6	-29.0	-7.0	-55.0	7.0	122.0	-8.0	20.0	64.0	162.82
7	12.0	24.0	-20.0	-19.0	25.0	23.0	3.0	0.0	147.24
8	-47.0	-14.0	75.0	2.0	57.0	-14.0	105.0	-40.0	137.25
9	50.0	81.0	13.0	-7.0	-55.0	69.0	-97.0	70.0	138.59
10	-12.0	14.0	3.0	-32.0	107.0	38.0	46.0	70.0	134.25
11	5.0	23.0	-19.0	56.0	-84.0	127.0	28.0	127.0	135.87
12	-27.0	-36.0	-24.0	-7.0	54.0	105.0	-50.0	13.0	130.18
13	-66.0	-49.0	25.0	5.0	-18.0	-9.0	48.0	-26.0	121.82
14	-4.0	-9.0	4.0	8.0	-105.0	6.0	-81.0	-12.0	131.76
15	18.0	-30.0	15.0	-82.0	-22.0	11.0	-56.0	-19.0	132.44
16	10.0	-12.0	-13.0	-107.0	35.0	-36.0	36.0	55.0	132.44
17	-49.0	-29.0	-7.0	51.0	84.0	127.0	54.0	47.0	135.87
18	67.0	-1.0	22.0	63.0	33.0	-36.0	-61.0	17.0	132.87
19	-17.0	-10.0	-5.0	1.0	-46.0	86.0	-9.0	-66.0	151.31
20	26.0	-15.0	18.0	-64.0	-98.0	-5.0	34.0	-4.0	146.15
21	-11.0	2.0	49.0	-79.0	-23.0	-72.0	-55.0	-113.0	132.87
22	12.0	16.0	-15.0	101.0	127.0	-59.0	-49.0	-64.0	132.8
23	23.0	34.0	-34.0	3.0	127.0	-36.0	-21.0	55.0	126.57
24	-70.0	-34.0	7.0	-27.0	126.0	-25.0	4.0	-6.0	84.83
25	-13.0	-68.0	11.0	73.0	-127.0	46.0	-25.0	-93.0	84.19
26	17.0	-1.0	9.0	-100.0	-128.0	65.0	79.0	83.0	83.62
27	-49.0	32.0	-15.0	-17.0	-9.0	-103.0	60.0	30.0	82.9
28	-36.0	31.0	-12.0	47.0	2.0	-66.0	-14.0	76.0	82.78
29	-30.0	16.0	-28.0	24.0	127.0	-122.0	-7.0	18.0	103.85
30	15.0	-5.0	23.0	-6.0	127.0	109.0	30.0	-20.0	118.28
31	-22.0	-8.0	-23.0	-13.0	-39.0	-87.0	-16.0	-32.0	126.57
32	17.0	-12.0	28.0	-85.0	127.0	39.0	-18.0	22.0	121.82
33	-12.0	-16.0	12.0	3.0	9.0	-109.0	34.0	-7.0	119.82
34	48.0	21.0	7.0	-23.0	69.0	18.0	8.0	-42.0	106.93
35	-8.0	34.0	-5.0	32.0	-9.0	-69.0	2.0	21.0	84.19
36	-36.0	-43.0	-16.0	115.0	-94.0	-64.0	-15.0	-68.0	82.9
37	3.0	-32.0	9.0	-9.0	37.0	111.0	-13.0	-113.0	106.93
38	7.0	34.0	-9.0	-29.0	41.0	96.0	13.0	-45.0	118.28
39	-26.0	10.0	8.0	25.0	122.0	-81.0	-48.0	14.0	123.76
40	8.0	-12.0	-2.0	14.0	-82.0	23.0	-9.0	35.0	145.69
41	-67.0	-13.0	50.0	11.0	-45.0	59.0	-50.0	30.0	141.0
42	9.0	5.0	-38.0	80.0	40.0	22.0	29.0	23.0	149.01
43	-3.0	3.0	1.0	-29.0	74.0	9.0	-26.0	18.0	152.42
44	10.0	19.0	-28.0	-34.0	-14.0	-76.0	19.0	65.0	164.91
45	-31.0	-11.0	-14.0	-42.0	2.0	37.0	-18.0	40.0	161.85
46	34.0	31.0	-23.0	46.0	49.0	-56.0	118.0	62.0	164.0
47	-18.0	17.0	14.0	-72.0	33.0	-26.0	-19.0	50.0	160.52
48	36.0	-24.0	-16.0	-25.0	-8.0	47.0	15.0	-33.0	160.52
49	8.0	31.0	-16.0	-18.0	69.0	19.0	-15.0	-50.0	168.04
50	-44.0	-23.0	19.0	-97.0	-22.0	23.0	32.0	-20.0	174.27
51	-19.0	-34.0	-18.0	-23.0	-42.0	-118.0	-43.0	-46.0	175.61
52	-33.0	-30.0	20.0	-34.0	-3.0	21.0	-50.0	-9.0	170.23
53	82.0	-23.0	12.0	7.0	-79.0	80.0	-38.0	13.0	169.41
54	-5.0	20.0	19.0	13.0	-111.0	40.0	-35.0	-6.0	174.08
55	60.0	-1.0	9.0	-38.0	56.0	77.0	80.0	-19.0	174.41
56	-11.0	64.0	30.0	83.0	-28.0	53.0	-29.0	-26.0	174.71
57	23.0	-33.0	-19.0	-67.0	9.0	18.0	-75.0	-90.0	175.61
58	-83.0	-9.0	-29.0	127.0	-100.0	-94.0	-128.0	-16.0	176.19
59	-60.0	9.0	3.0	36.0	62.0	-94.0	-7.0	-8.0	174.2
60	67.0	-20.0	-21.0	1.0	93.0	124.0	-21.0	-17.0	167.34
61	21.0	3.0	24.0	77.0	-24.0	-49.0	46.0	-20.0	168.04
62	-44.0	-24.0	-12.0	101.0	81.0	104.0	28.0	110.0	175.4
63	-12.0	26.0	-5.0	-35.0	74.0	-37.0	5.0	-11.0	177.83
64	24.0	-1.0	-5.0	-15.0	52.0	-24.0	-19.0	-71.0	176.27
65	-10.0	16.0	-18.0	61.0	-5.0	-39.0	-14.0	25.0	179.73
66	14.0	0.0	44.0	16.0	127.0	9.0	25.0	24.0	176.27
67	28.0	5.0	1.0	-18.0	21.0	127.0	25.0	62.0	176.19
68	-11.0	-3.0	-14.0	-38.0	49.0	42.0	75.0	43.0	177.83
69	36.0	20.0	7.0	11.0	-2.0	-91.0	-38.0	-9.0	174.54
70	-11.0	28.0	1.0	-13.0	-90.0	15.0	72.0	41.0	170.23
71	25.0	-24.0	-14.0	124.0	-100.0	127.0	36.0	127.0	174.71
72	35.0	49.0	42.0	-49.0	-8.0	104.0	38.0	-111.0	172.87
73	-30.0	-13.0	-20.0	-11.0	12.0	63.0	123.0	-20.0	166.5
74	-31.0	-14.0	11.0	-62.0	-43.0	-72.0	61.0	-47.0	158.09
75	-5.0	-19.0	9.0	31.0	-62.0	4.0	-14.0	-20.0	166.5
76	15.0	11.0	-4.0	15.0	-95.0	-46.0	-39.0	-23.0	164.91
77	-55.0	-4.0	-19.0	8.0	-103.0	-14.0	-4.0	0.0	141.0
78	19.0	-20.0	17.0	-25.0	-122.0	90.0	6.0	-38.0	145.26
79	30.0	-14.0	-20.0	-14.0	91.0	65.0	-95.0	-118.0	155.33
80	34.0	-15.0	-7.0	-64.0	-18.0	-44.0	-128.0	58.0	151.31
81	13.0	-13.0	-11.0	10.0	-2.0	122.0	32.0	121.0	153.75
82	-15.0	-28.0	-49.0	-8.0	-67.0	105.0	-108.0	-65.0	161.85
83	12.0	11.0	-7.0	127.0	112.0	75.0	24.0	-14.0	152.56
84	27.0	13.0	-15.0	17.0	-77.0	20.0	-33.0	-108.0	149.39
85	-33.0	-9.0	-5.0	-38.0	117.0	15.0	86.0	3.0	155.33
