0	32.0	-5.0	3.0	-47.0	-106.0	-116.0	-128.0	-35.0	159.92
1	-104.0	-79.0	-26.0	101.0	127.0	51.0	-46.0	79.0	156.0
2	2.0	-12.0	-53.0	41.0	-81.0	-30.0	117.0	1.0	145.15
3	-37.0	11.0	3.0	67.0	9.0	89.0	-10.0	83.0	149.54
4	17.0	-6.0	-2.0	6.0	9.0	-71.0	-46.0	2.0	149.54
5	-49.0	-11.0	12.0	31.0	-96.0	-23.0	-25.0	50.0	152.82
6	-8.0	-3.0	15.0	40.0	-62.0	51.0	-3.0	50.0	150.5
7	12.0	-14.0	-11.0	-123.0	105.0	127.0	72.0	-88.0	143.56
8	90.0	12.0	50.0	-7.0	-18.0	127.0	29.0	127.0	141.15
9	6.0	18.0	-6.0	-128.0	99.0	-30.0	109.0	-89.0	124.12
10	35.0	12.0	-3.0	-83.0	47.0	-89.0	24.0	20.0	122.23
11	15.0	-2.0	127.0	127.0	125.0	-128.0	-98.0	18.0	130.39
12	-1.0	-6.0	4.0	4.0	127.0	-23.0	92.0	4.0	136.63
13	74.0	18.0	-10.0	55.0	127.0	-69.0	127.0	-38.0	141.15
14	127.0	-39.0	-3.0	29.0	-10.0	88.0	69.0	61.0	123.29
15	-5.0	-3.0	37.0	19.0	85.0	69.0	110.0	-21.0	122.23
16	68.0	10.0	12.0	127.0	24.0	32.0	-76.0	0.0	120.54
17	16.0	23.0	3.0	-3.0	8.0	71.0	-12.0	103.0	118.16
18	56.0	-10.0	-6.0	-1.0	-119.0	116.0	105.0	45.0	117.94
19	6.0	127.0	10.0	-88.0	16.0	-61.0	26.0	68.0	134.1
20	127.0	-10.0	3.0	58.0	-128.0	-128.0	-3.0	1.0	142.37
21	-31.0	95.0	117.0	40.0	-30.0	-51.0	54.0	35.0	135.0
22	40.0	12.0	-4.0	30.0	127.0	31.0	82.0	11.0	134.1
23	21.0	127.0	121.0	45.0	42.0	77.0	-12.0	117.0	117.94
24	-5.0	-26.0	-10.0	16.0	107.0	77.0	100.0	62.0	110.29
25	38.0	28.0	-25.0	4.0	-59.0	-56.0	100.0	83.0	119.81
26	68.0	-7.0	23.0	48.0	10.0	-67.0	-18.0	53.0	128.37
27	37.0	-13.0	26.0	-76.0	22.0	96.0	127.0	-63.0	140.74
28	4.0	15.0	-6.0	44.0	-124.0	120.0	-18.0	22.0	143.84
29	70.0	-10.0	6.0	23.0	107.0	89.0	-8.0	53.0	142.99
30	-21.0	-12.0	-21.0	-87.0	-42.0	127.0	25.0	-13.0	141.95
31	-51.0	-5.0	19.0	-66.0	90.0	97.0	74.0	-9.0	136.63
32	46.0	37.0	2.0	8.0	22.0	127.0	-105.0	-103.0	125.05
33	24.0	-29.0	7.0	48.0	-13.0	-110.0	-50.0	-29.0	124.12
34	48.0	3.0	124.0	-11.0	115.0	70.0	77.0	98.0	143.56
35	-26.0	37.0	12.0	5.0	-112.0	60.0	41.0	0.0	144.05
36	-71.0	-10.0	127.0	127.0	-92.0	-128.0	94.0	119.0	150.5
37	-37.0	-10.0	6.0	120.0	115.0	127.0	34.0	33.0	158.37
38	-9.0	3.0	-15.0	-105.0	0.0	35.0	97.0	85.0	154.6
39	127.0	-15.0	-29.0	31.0	-103.0	72.0	-65.0	11.0	142.23
40	-60.0	-14.0	119.0	127.0	60.0	106.0	63.0	120.0	120.54
41	28.0	2.0	-21.0	-35.0	127.0	15.0	-60.0	18.0	141.95
42	19.0	58.0	22.0	10.0	-11.0	39.0	127.0	13.0	160.89
43	-9.0	-50.0	24.0	-2.0	-124.0	-71.0	-57.0	9.0	162.81
44	-5.0	12.0	-24.0	-25.0	89.0	-119.0	0.0	-62.0	165.03
45	39.0	-14.0	-6.0	127.0	-5.0	-14.0	-39.0	-109.0	159.92
46	-9.0	30.0	-7.0	104.0	100.0	22.0	127.0	17.0	152.49
47	21.0	-9.0	-4.0	81.0	127.0	127.0	63.0	-6.0	156.0
48	-88.0	-30.0	6.0	74.0	89.0	-37.0	-44.0	33.0	154.6
49	117.0	19.0	-5.0	-21.0	74.0	-60.0	120.0	54.0	163.86
50	36.0	-16.0	-33.0	58.0	98.0	31.0	84.0	52.0	165.26
51	28.0	-25.0	-45.0	34.0	-5.0	77.0	-8.0	-89.0	156.34
52	7.0	127.0	-25.0	-1.0	13.0	127.0	127.0	116.0	164.84
53	11.0	12.0	-1.0	-6.0	118.0	0.0	0.0	127.0	165.25
54	35.0	-27.0	-21.0	5.0	-110.0	-69.0	-19.0	47.0	166.03
55	107.0	-43.0	-4.0	-25.0	-106.0	127.0	-11.0	73.0	166.09
56	47.0	-42.0	-29.0	107.0	83.0	54.0	69.0	48.0	166.42
57	17.0	123.0	27.0	127.0	14.0	30.0	0.0	-54.0	165.71
58	3.0	58.0	-16.0	-123.0	75.0	127.0	63.0	14.0	166.03
59	-83.0	-50.0	-1.0	-61.0	-124.0	-7.0	30.0	113.0	164.82
60	-43.0	0.0	4.0	-29.0	42.0	-128.0	-32.0	-30.0	165.84
61	39.0	-103.0	-22.0	6.0	58.0	-21.0	101.0	-7.0	165.33
62	10.0	13.0	1.0	-84.0	127.0	127.0	23.0	-30.0	163.52
63	40.0	5.0	107.0	22.0	24.0	36.0	49.0	6.0	164.76
64	-26.0	-20.0	127.0	71.0	-4.0	38.0	-128.0	13.0	164.82
65	12.0	13.0	3.0	41.0	127.0	110.0	-37.0	60.0	161.6
66	127.0	-24.0	85.0	54.0	49.0	42.0	-110.0	57.0	164.29
67	26.0	27.0	-14.0	54.0	24.0	-57.0	-18.0	-84.0	164.72
68	-18.0	118.0	3.0	30.0	68.0	92.0	84.0	-63.0	165.92
69	17.0	17.0	-10.0	24.0	-99.0	-117.0	115.0	69.0	165.66
70	46.0	-16.0	-13.0	-66.0	80.0	-16.0	77.0	-111.0	165.33
71	14.0	-27.0	3.0	99.0	95.0	-76.0	-128.0	-1.0	165.52
72	50.0	33.0	8.0	119.0	0.0	-116.0	24.0	-103.0	165.92
73	0.0	18.0	-22.0	52.0	10.0	127.0	-63.0	73.0	166.0
74	-86.0	31.0	7.0	-47.0	92.0	84.0	-8.0	-57.0	165.53
75	-1.0	123.0	22.0	61.0	127.0	-6.0	127.0	-123.0	165.25
76	-1.0	30.0	-3.0	-48.0	81.0	52.0	-113.0	-2.0	165.4
77	24.0	120.0	-23.0	6.0	13.0	39.0	113.0	-59.0	165.27
78	-56.0	52.0	-11.0	4.0	42.0	103.0	36.0	-43.0	165.84
79	50.0	-7.0	-10.0	28.0	-120.0	-116.0	-39.0	-6.0	165.66
80	-63.0	13.0	17.0	41.0	-119.0	127.0	-16.0	45.0	163.86
81	62.0	-4.0	-6.0	3.0	102.0	-60.0	-36.0	-18.0	165.26
82	7.0	4.0	13.0	4.0	-19.0	87.0	62.0	-31.0	161.6
83	2.0	80.0	6.0	127.0	-63.0	1.0	44.0	-29.0	164.38
