0	-20.0	-34.0	0.0	121.0	-29.0	-4.0	-30.0	36.0	146.39
1	53.0	-10.0	0.0	-17.0	-67.0	22.0	-1.0	-45.0	120.71
2	27.0	-12.0	-27.0	7.0	38.0	-53.0	13.0	16.0	127.61
3	28.0	-2.0	4.0	29.0	127.0	-10.0	25.0	104.0	113.83
4	30.0	-1.0	-15.0	34.0	-65.0	127.0	-48.0	-64.0	128.88
5	-9.0	28.0	18.0	-20.0	-7.0	-69.0	17.0	-3.0	103.96
6	-120.0	12.0	-43.0	-21.0	-69.0	59.0	-106.0	50.0	97.77
7	-22.0	-1.0	-18.0	33.0	12.0	45.0	53.0	-30.0	93.99
8	22.0	13.0	-25.0	-40.0	-87.0	3.0	7.0	-20.0	92.8
9	-79.0	-17.0	-10.0	5.0	-112.0	42.0	65.0	-79.0	93.89
10	67.0	15.0	-4.0	-55.0	9.0	7.0	-82.0	-4.0	95.96
11	-34.0	70.0	-16.0	-25.0	100.0	90.0	-49.0	27.0	93.99
12	11.0	-3.0	28.0	-24.0	-107.0	-10.0	-96.0	53.0	93.62
13	-12.0	-14.0	11.0	-18.0	6.0	83.0	-27.0	-125.0	93.62
14	-9.0	-41.0	-32.0	34.0	-2.0	-11.0	67.0	-51.0	92.79
15	18.0	-12.0	6.0	-90.0	67.0	-117.0	-10.0	91.0	93.02
16	-16.0	-13.0	-2.0	8.0	-74.0	41.0	57.0	7.0	92.79
17	77.0	-47.0	29.0	81.0	-103.0	-71.0	33.0	-112.0	100.95
18	87.0	4.0	9.0	-31.0	-108.0	-3.0	-5.0	-108.0	100.95
19	17.0	-20.0	-15.0	7.0	-75.0	41.0	-38.0	90.0	97.69
20	-71.0	-5.0	1.0	-27.0	-103.0	32.0	63.0	87.0	97.77
21	36.0	29.0	-10.0	-2.0	0.0	99.0	-33.0	27.0	101.76
22	-17.0	-14.0	-8.0	-30.0	51.0	61.0	-41.0	38.0	107.42
23	57.0	28.0	-1.0	-2.0	-20.0	-32.0	38.0	-45.0	116.05
24	46.0	5.0	-14.0	-4.0	31.0	-47.0	-51.0	-113.0	133.29
25	-19.0	13.0	3.0	-11.0	-12.0	-128.0	-65.0	31.0	128.88
26	54.0	37.0	5.0	52.0	20.0	-74.0	-71.0	-59.0	110.33
27	-68.0	-6.0	-8.0	3.0	-93.0	34.0	48.0	23.0	134.48
28	-52.0	19.0	-35.0	-8.0	90.0	90.0	53.0	58.0	149.84
29	6.0	-40.0	-6.0	-15.0	127.0	-105.0	19.0	-72.0	151.48
30	-60.0	-24.0	8.0	-72.0	-104.0	-53.0	-44.0	28.0	151.65
31	-13.0	22.0	52.0	17.0	-16.0	5.0	-119.0	-13.0	153.77
32	-1.0	-24.0	-5.0	-34.0	94.0	-116.0	26.0	-36.0	156.34
33	74.0	29.0	53.0	-10.0	-26.0	7.0	15.0	47.0	155.17
34	5.0	37.0	-2.0	93.0	24.0	-128.0	77.0	-12.0	156.34
35	-7.0	-80.0	-23.0	48.0	-54.0	-29.0	-60.0	115.0	157.31
36	-17.0	11.0	-22.0	-11.0	50.0	127.0	-68.0	-17.0	158.24
37	111.0	68.0	-8.0	-15.0	63.0	-95.0	-6.0	17.0	160.94
38	-48.0	11.0	24.0	-2.0	121.0	80.0	-3.0	-24.0	159.99
39	-20.0	-20.0	51.0	29.0	56.0	42.0	-1.0	24.0	162.68
40	-26.0	18.0	-2.0	-48.0	93.0	22.0	42.0	17.0	165.87
41	14.0	40.0	1.0	13.0	-73.0	-60.0	22.0	-21.0	166.61
42	16.0	-2.0	-6.0	35.0	-31.0	96.0	49.0	26.0	166.61
43	-14.0	19.0	-8.0	35.0	-37.0	-52.0	-2.0	-53.0	163.66
44	-14.0	-11.0	8.0	-19.0	9.0	-55.0	-75.0	-22.0	165.87
45	-25.0	35.0	-19.0	-104.0	5.0	127.0	-73.0	-5.0	165.7
46	12.0	-13.0	-10.0	55.0	-8.0	-4.0	-48.0	-13.0	165.76
47	10.0	18.0	4.0	-16.0	42.0	1.0	-23.0	-41.0	167.43
48	31.0	19.0	-11.0	-42.0	22.0	-127.0	36.0	55.0	168.16
49	-49.0	-11.0	43.0	-29.0	-3.0	-1.0	90.0	-11.0	163.56
50	-96.0	-8.0	25.0	44.0	-107.0	5.0	20.0	-45.0	163.56
51	40.0	12.0	-14.0	-13.0	-13.0	79.0	15.0	74.0	161.76
52	-19.0	5.0	-22.0	79.0	-18.0	14.0	-5.0	-25.0	162.29
53	55.0	-37.0	0.0	2.0	102.0	-56.0	-71.0	90.0	165.06
54	11.0	-15.0	37.0	4.0	3.0	87.0	30.0	-39.0	162.89
55	2.0	-97.0	-46.0	-15.0	-40.0	64.0	107.0	119.0	162.68
56	-24.0	3.0	-9.0	-14.0	72.0	-31.0	-80.0	40.0	165.82
57	-2.0	19.0	22.0	6.0	54.0	-62.0	-11.0	1.0	164.69
58	84.0	-3.0	1.0	13.0	-7.0	-25.0	31.0	-62.0	164.47
59	-38.0	-28.0	0.0	-25.0	3.0	-92.0	-5.0	-14.0	168.16
60	46.0	18.0	-7.0	-9.0	-52.0	80.0	-71.0	-16.0	164.47
61	15.0	70.0	-4.0	0.0	46.0	127.0	121.0	49.0	162.29
62	4.0	52.0	10.0	-12.0	-128.0	-81.0	-42.0	17.0	159.99
63	7.0	-35.0	19.0	-16.0	-104.0	91.0	2.0	-91.0	158.92
64	-3.0	-8.0	12.0	-80.0	66.0	2.0	118.0	20.0	151.65
65	-75.0	-1.0	10.0	-1.0	16.0	40.0	-105.0	15.0	147.91
66	-15.0	16.0	-6.0	4.0	-39.0	-49.0	-17.0	91.0	136.53
67	30.0	3.0	-1.0	-12.0	76.0	-128.0	1.0	6.0	146.93
68	-12.0	-14.0	-5.0	4.0	52.0	46.0	-3.0	46.0	140.65
69	25.0	-2.0	2.0	101.0	-70.0	127.0	45.0	-35.0	124.7
70	-33.0	17.0	-44.0	11.0	-128.0	-83.0	-109.0	19.0	140.65
71	-14.0	-14.0	-47.0	9.0	-25.0	-18.0	-35.0	32.0	131.49
72	49.0	-18.0	-11.0	8.0	127.0	127.0	-128.0	-128.0	133.29
73	-19.0	16.0	8.0	-5.0	50.0	-26.0	4.0	-53.0	144.28
74	118.0	-12.0	22.0	-14.0	-37.0	-76.0	-36.0	65.0	141.14
75	-21.0	-8.0	-24.0	-38.0	6.0	-11.0	58.0	67.0	120.71
76	9.0	-37.0	-30.0	-2.0	26.0	104.0	70.0	110.0	103.06
77	-5.0	-34.0	25.0	29.0	9.0	-87.0	-21.0	-76.0	113.83
78	-48.0	-4.0	5.0	-4.0	17.0	82.0	-41.0	-128.0	141.14
79	-27.0	0.0	-2.0	51.0	34.0	12.0	-32.0	-32.0	151.48
80	16.0	14.0	-9.0	0.0	21.0	-85.0	70.0	46.0	148.22
81	-47.0	50.0	-6.0	-53.0	54.0	14.0	-58.0	5.0	131.46
82	-9.0	-23.0	15.0	-10.0	-3.0	42.0	-102.0	-128.0	121.62
83	4.0	31.0	-7.0	-23.0	-43.0	-60.0	-9.0	-64.0	146.93
