0	57.0	5.0	116.0	127.0	96.0	-77.0	6.0	-118.0	158.71
1	-35.0	30.0	22.0	-25.0	-29.0	-40.0	24.0	-32.0	156.01
2	127.0	33.0	-9.0	-3.0	5.0	-32.0	65.0	-43.0	151.91
3	61.0	7.0	73.0	-12.0	7.0	-54.0	88.0	66.0	148.98
4	2.0	6.0	13.0	-25.0	-91.0	25.0	69.0	-50.0	138.09
5	74.0	-35.0	25.0	102.0	-97.0	120.0	-30.0	30.0	136.93
6	-111.0	-14.0	4.0	-32.0	23.0	6.0	-52.0	0.0	132.64
7	-7.0	-1.0	7.0	-1.0	-15.0	14.0	-120.0	105.0	141.34
8	27.0	0.0	127.0	-2.0	127.0	-16.0	-44.0	-1.0	120.33
9	-120.0	-1.0	-24.0	127.0	-101.0	109.0	86.0	127.0	117.53
10	-6.0	-14.0	-28.0	127.0	58.0	75.0	21.0	-27.0	101.05
11	18.0	6.0	-12.0	-4.0	-103.0	122.0	-52.0	-27.0	112.62
12	-27.0	97.0	-11.0	-7.0	-62.0	-7.0	86.0	13.0	148.98
13	-7.0	82.0	48.0	-31.0	-68.0	92.0	-96.0	24.0	118.56
14	47.0	12.0	25.0	12.0	5.0	-55.0	43.0	-33.0	100.63
15	-4.0	6.0	3.0	-2.0	-40.0	-13.0	-59.0	81.0	94.26
16	21.0	82.0	89.0	-37.0	24.0	48.0	75.0	-77.0	93.63
17	-23.0	-1.0	18.0	-23.0	53.0	-108.0	10.0	-10.0	99.62
18	-87.0	0.0	-20.0	-7.0	11.0	-3.0	-59.0	32.0	99.85
19	-1.0	-62.0	-64.0	9.0	-40.0	-117.0	50.0	58.0	100.27
20	9.0	-70.0	-10.0	-37.0	-29.0	127.0	119.0	88.0	98.22
21	15.0	-6.0	-38.0	24.0	75.0	87.0	-50.0	44.0	98.22
22	-2.0	-25.0	-26.0	-29.0	-16.0	-111.0	119.0	-20.0	93.21
23	-6.0	12.0	-49.0	-6.0	127.0	-111.0	-30.0	-13.0	93.63
24	-39.0	14.0	4.0	2.0	13.0	127.0	-50.0	21.0	96.92
25	0.0	15.0	127.0	46.0	-23.0	93.0	67.0	-20.0	99.85
26	-6.0	18.0	82.0	-29.0	-5.0	127.0	0.0	-109.0	100.63
27	27.0	0.0	-20.0	77.0	13.0	13.0	85.0	-33.0	112.62
28	21.0	0.0	14.0	12.0	89.0	-14.0	-96.0	-109.0	117.53
29	-10.0	-9.0	14.0	18.0	-22.0	-75.0	32.0	47.0	124.42
30	74.0	-40.0	13.0	-4.0	127.0	-10.0	24.0	58.0	122.1
31	127.0	7.0	5.0	-4.0	-35.0	-93.0	69.0	-15.0	122.1
32	84.0	-21.0	-28.0	-59.0	-33.0	127.0	-88.0	-27.0	112.91
33	127.0	-19.0	-64.0	-3.0	127.0	-59.0	-100.0	-4.0	126.03
34	-7.0	-75.0	-18.0	-10.0	0.0	13.0	20.0	-10.0	125.88
35	-11.0	-3.0	-9.0	-1.0	11.0	-112.0	-11.0	47.0	127.74
36	-87.0	29.0	24.0	-42.0	0.0	-10.0	-19.0	-35.0	128.95
37	-108.0	15.0	0.0	19.0	109.0	116.0	-25.0	-17.0	126.03
38	26.0	42.0	0.0	-29.0	-6.0	61.0	6.0	44.0	132.64
39	27.0	14.0	-12.0	19.0	-17.0	11.0	-32.0	88.0	144.21
40	-6.0	27.0	117.0	127.0	94.0	80.0	-63.0	24.0	129.03
41	0.0	-15.0	-15.0	40.0	-103.0	-79.0	58.0	-127.0	146.9
42	86.0	-69.0	4.0	13.0	35.0	-26.0	122.0	-103.0	139.95
43	34.0	-3.0	-21.0	81.0	-63.0	127.0	85.0	-15.0	141.59
44	80.0	-1.0	0.0	-11.0	-39.0	14.0	107.0	127.0	143.91
45	9.0	33.0	3.0	3.0	-1.0	-128.0	54.0	22.0	141.59
46	49.0	6.0	13.0	24.0	127.0	127.0	-17.0	29.0	150.73
47	-2.0	18.0	9.0	56.0	-1.0	25.0	-103.0	-11.0	151.07
48	-31.0	6.0	-2.0	-109.0	118.0	28.0	127.0	-40.0	150.73
49	0.0	14.0	-8.0	40.0	127.0	-2.0	-58.0	50.0	153.07
50	-46.0	32.0	14.0	-10.0	94.0	127.0	-44.0	29.0	159.01
51	-2.0	108.0	-15.0	68.0	1.0	-14.0	-19.0	77.0	156.12
52	18.0	32.0	14.0	24.0	25.0	-65.0	14.0	46.0	154.26
53	62.0	-8.0	4.0	28.0	-34.0	89.0	78.0	102.0	166.7
54	-108.0	-97.0	14.0	-11.0	-33.0	-54.0	-25.0	-53.0	166.39
55	-23.0	27.0	82.0	-78.0	66.0	-75.0	-72.0	-116.0	166.43
56	-6.0	82.0	6.0	2.0	53.0	80.0	9.0	-37.0	166.6
57	-5.0	127.0	9.0	-37.0	-15.0	-65.0	-25.0	-112.0	162.53
58	17.0	-3.0	18.0	9.0	127.0	116.0	59.0	-7.0	166.19
59	13.0	-97.0	11.0	-99.0	-128.0	25.0	29.0	93.0	167.5
60	-14.0	-4.0	-16.0	10.0	-10.0	-13.0	-34.0	-13.0	167.5
61	15.0	-16.0	-8.0	-29.0	49.0	72.0	0.0	37.0	167.49
62	8.0	-39.0	-1.0	1.0	118.0	60.0	127.0	89.0	167.03
63	36.0	-14.0	-5.0	71.0	99.0	126.0	63.0	-27.0	166.19
64	0.0	-62.0	-18.0	3.0	5.0	127.0	-63.0	-1.0	167.06
65	-39.0	21.0	-24.0	5.0	-29.0	127.0	-55.0	32.0	165.21
66	127.0	-3.0	-23.0	-4.0	-16.0	92.0	20.0	24.0	167.03
67	97.0	5.0	27.0	-10.0	66.0	87.0	31.0	32.0	163.89
68	68.0	37.0	39.0	83.0	51.0	127.0	-80.0	0.0	164.11
69	34.0	101.0	14.0	-9.0	31.0	100.0	2.0	-35.0	163.66
70	2.0	-14.0	21.0	31.0	-5.0	-128.0	64.0	30.0	159.01
71	41.0	-4.0	-71.0	-19.0	59.0	93.0	-114.0	32.0	162.62
72	4.0	-28.0	-8.0	-52.0	89.0	-7.0	-68.0	-110.0	158.71
73	15.0	-56.0	-18.0	-32.0	71.0	-48.0	-57.0	27.0	154.26
74	-17.0	-14.0	-10.0	118.0	127.0	127.0	-46.0	-28.0	163.66
75	47.0	-9.0	6.0	-12.0	104.0	-118.0	-46.0	-17.0	164.86
76	15.0	-23.0	-33.0	55.0	127.0	56.0	127.0	88.0	165.23
77	16.0	80.0	-16.0	3.0	127.0	-47.0	75.0	-4.0	164.86
78	-97.0	-54.0	-5.0	-3.0	14.0	127.0	69.0	32.0	163.89
79	8.0	14.0	-41.0	86.0	121.0	3.0	-128.0	32.0	163.79
80	29.0	41.0	-2.0	3.0	-116.0	-48.0	82.0	0.0	160.85
