0	61.0	-19.0	-3.0	122.0	33.0	52.0	-45.0	-85.0	166.94
1	11.0	1.0	4.0	127.0	127.0	-89.0	68.0	-9.0	166.91
2	-2.0	127.0	37.0	54.0	33.0	34.0	66.0	-59.0	166.45
3	-12.0	28.0	-9.0	18.0	105.0	-94.0	0.0	22.0	166.89
4	-9.0	-5.0	6.0	1.0	79.0	-21.0	50.0	1.0	160.98
5	7.0	34.0	-14.0	-15.0	72.0	81.0	-4.0	72.0	160.98
6	-36.0	-32.0	-3.0	15.0	127.0	127.0	-110.0	-14.0	165.42
7	17.0	-25.0	-78.0	-7.0	-57.0	19.0	123.0	-16.0	157.43
8	28.0	-22.0	-3.0	3.0	10.0	127.0	-4.0	63.0	160.67
9	-15.0	-1.0	4.0	-19.0	-51.0	69.0	-4.0	10.0	162.4
10	33.0	12.0	8.0	-100.0	-42.0	-128.0	-84.0	-106.0	161.39
11	-2.0	36.0	-13.0	1.0	-67.0	13.0	76.0	127.0	166.89
12	118.0	21.0	-12.0	67.0	-64.0	-81.0	36.0	37.0	167.75
13	-80.0	-20.0	-27.0	111.0	69.0	127.0	36.0	-14.0	167.51
14	-19.0	21.0	-17.0	-5.0	-26.0	127.0	32.0	-128.0	163.87
15	-80.0	31.0	5.0	18.0	127.0	-89.0	-60.0	46.0	166.34
16	50.0	36.0	-50.0	-41.0	-64.0	-128.0	-4.0	103.0	166.87
17	-8.0	-36.0	-6.0	1.0	127.0	64.0	-19.0	-18.0	166.45
18	-95.0	-2.0	-15.0	-6.0	11.0	80.0	3.0	18.0	161.9
19	50.0	-25.0	-10.0	-60.0	3.0	64.0	-40.0	52.0	165.1
20	-128.0	-2.0	-2.0	9.0	-106.0	127.0	-50.0	-37.0	167.07
21	27.0	-21.0	7.0	7.0	-74.0	-21.0	57.0	-107.0	167.02
22	4.0	8.0	55.0	127.0	127.0	-9.0	3.0	6.0	167.51
23	-35.0	-10.0	12.0	43.0	40.0	-128.0	127.0	7.0	167.98
24	3.0	-8.0	27.0	-13.0	-119.0	-2.0	123.0	-16.0	167.98
25	29.0	8.0	5.0	-32.0	-20.0	13.0	-110.0	90.0	167.67
26	3.0	-25.0	-6.0	-114.0	-75.0	42.0	2.0	58.0	167.02
27	28.0	11.0	-4.0	15.0	46.0	110.0	-26.0	36.0	163.87
28	16.0	-26.0	76.0	-25.0	117.0	11.0	35.0	127.0	156.09
29	127.0	-48.0	-16.0	-46.0	74.0	127.0	78.0	-128.0	160.06
30	68.0	39.0	6.0	9.0	-126.0	127.0	1.0	63.0	160.67
31	45.0	8.0	117.0	44.0	-13.0	-23.0	-39.0	-128.0	156.09
32	-56.0	49.0	11.0	-41.0	127.0	-21.0	127.0	-106.0	155.35
33	-89.0	12.0	18.0	127.0	-20.0	-65.0	-66.0	-128.0	153.76
34	-128.0	6.0	-28.0	15.0	62.0	-20.0	-10.0	78.0	153.41
35	57.0	-58.0	1.0	28.0	27.0	91.0	3.0	79.0	149.27
36	-45.0	-107.0	8.0	111.0	60.0	59.0	127.0	0.0	146.95
37	42.0	2.0	2.0	18.0	-11.0	105.0	-61.0	-89.0	146.68
38	18.0	1.0	10.0	-5.0	127.0	127.0	14.0	-16.0	137.11
39	14.0	22.0	124.0	11.0	46.0	-6.0	-35.0	24.0	145.99
40	18.0	17.0	-9.0	53.0	-60.0	127.0	-6.0	50.0	144.97
41	31.0	-23.0	2.0	-8.0	-108.0	117.0	-50.0	127.0	145.3
42	18.0	22.0	127.0	-10.0	79.0	27.0	67.0	-3.0	116.64
43	14.0	13.0	-20.0	-99.0	52.0	-118.0	49.0	5.0	141.1
44	-29.0	9.0	-3.0	45.0	40.0	70.0	67.0	-17.0	146.95
45	68.0	46.0	-11.0	-33.0	40.0	-81.0	74.0	-128.0	118.0
46	-49.0	33.0	33.0	20.0	-38.0	53.0	-99.0	6.0	121.81
47	-69.0	-11.0	-11.0	-70.0	-39.0	127.0	66.0	31.0	116.23
48	17.0	16.0	-3.0	-103.0	-26.0	-54.0	-2.0	93.0	142.75
49	22.0	-27.0	-6.0	-15.0	127.0	127.0	127.0	-3.0	137.11
50	127.0	-3.0	29.0	-37.0	127.0	127.0	39.0	-111.0	116.92
51	-28.0	-37.0	28.0	15.0	71.0	-10.0	9.0	-36.0	110.22
52	27.0	-25.0	29.0	12.0	12.0	-128.0	12.0	50.0	133.91
53	12.0	42.0	16.0	12.0	-34.0	40.0	-35.0	42.0	145.76
54	28.0	-36.0	4.0	-7.0	-128.0	34.0	16.0	1.0	116.27
55	30.0	-9.0	42.0	21.0	71.0	-6.0	101.0	79.0	116.31
56	44.0	-27.0	-13.0	-69.0	6.0	-89.0	76.0	34.0	133.91
57	92.0	-48.0	7.0	21.0	-119.0	34.0	22.0	43.0	108.13
58	33.0	-27.0	-9.0	-37.0	127.0	-84.0	-93.0	-33.0	108.13
59	16.0	34.0	13.0	15.0	65.0	23.0	58.0	6.0	108.47
60	-49.0	0.0	-3.0	35.0	-59.0	59.0	-111.0	-125.0	110.22
61	-76.0	28.0	-14.0	-103.0	22.0	42.0	96.0	11.0	108.47
62	-25.0	-71.0	-12.0	11.0	-11.0	23.0	-47.0	2.0	116.23
63	36.0	31.0	2.0	64.0	-76.0	28.0	-60.0	-3.0	111.97
64	12.0	-24.0	-41.0	35.0	8.0	79.0	127.0	-58.0	110.19
65	-35.0	28.0	127.0	-6.0	-128.0	62.0	127.0	82.0	116.64
66	50.0	-11.0	-16.0	26.0	57.0	119.0	-4.0	70.0	134.78
67	16.0	49.0	8.0	12.0	-38.0	-128.0	0.0	127.0	140.61
68	7.0	127.0	-8.0	53.0	96.0	105.0	-4.0	50.0	143.92
69	-4.0	127.0	-4.0	94.0	-11.0	-7.0	-82.0	-2.0	144.46
70	61.0	127.0	-17.0	-26.0	88.0	-23.0	-85.0	99.0	145.99
71	11.0	26.0	-11.0	127.0	120.0	127.0	-102.0	59.0	150.99
72	48.0	16.0	15.0	-100.0	-36.0	91.0	127.0	-73.0	151.33
73	71.0	67.0	42.0	4.0	-106.0	-42.0	111.0	-16.0	148.25
74	3.0	36.0	-28.0	97.0	105.0	-23.0	127.0	-111.0	144.46
75	-18.0	15.0	33.0	17.0	0.0	-36.0	-4.0	90.0	146.68
76	-35.0	0.0	-2.0	48.0	-128.0	5.0	47.0	-14.0	149.27
77	-19.0	88.0	7.0	63.0	91.0	67.0	-8.0	52.0	152.71
78	-16.0	8.0	17.0	3.0	-128.0	109.0	55.0	-20.0	151.33
79	127.0	17.0	12.0	23.0	26.0	-72.0	-61.0	22.0	153.41
80	16.0	5.0	27.0	28.0	127.0	5.0	9.0	0.0	158.79
81	56.0	21.0	5.0	-116.0	69.0	110.0	111.0	-63.0	159.44
82	58.0	8.0	-26.0	4.0	23.0	127.0	-12.0	127.0	163.2
83	35.0	-20.0	2.0	-71.0	26.0	-53.0	51.0	-2.0	158.79
84	125.0	-7.0	-2.0	-2.0	13.0	40.0	10.0	48.0	165.1
