0	25.0	38.0	-11.0	24.0	-2.0	104.0	66.0	74.0	162.04
1	-19.0	16.0	-20.0	79.0	127.0	127.0	71.0	-49.0	167.98
2	-69.0	10.0	-9.0	-85.0	-67.0	-49.0	0.0	-68.0	164.35
3	-6.0	23.0	35.0	15.0	-57.0	127.0	13.0	29.0	168.22
4	-30.0	-37.0	-11.0	75.0	-113.0	113.0	67.0	57.0	163.09
5	76.0	15.0	-10.0	5.0	118.0	127.0	-25.0	-117.0	168.96
6	-6.0	-37.0	-7.0	-7.0	31.0	-17.0	-54.0	-16.0	168.45
7	-92.0	-50.0	-1.0	-55.0	69.0	76.0	33.0	27.0	169.22
8	53.0	-54.0	-40.0	-30.0	-109.0	127.0	72.0	34.0	169.3
9	-68.0	-37.0	42.0	74.0	32.0	38.0	127.0	-67.0	169.56
10	33.0	2.0	-15.0	104.0	127.0	-36.0	-14.0	127.0	171.69
11	-65.0	-17.0	8.0	75.0	8.0	104.0	71.0	26.0	169.56
12	-10.0	101.0	-3.0	-4.0	-92.0	127.0	0.0	-92.0	169.85
13	59.0	127.0	-22.0	-19.0	-103.0	-63.0	115.0	-17.0	171.44
14	114.0	43.0	-3.0	15.0	127.0	-75.0	17.0	0.0	171.89
15	-25.0	42.0	20.0	-7.0	118.0	-56.0	-52.0	6.0	173.93
16	82.0	-15.0	25.0	-69.0	-34.0	-128.0	-39.0	22.0	174.11
17	61.0	-20.0	12.0	-6.0	-43.0	-23.0	26.0	-66.0	173.93
18	13.0	-52.0	14.0	121.0	127.0	-128.0	13.0	-68.0	171.54
19	-71.0	-17.0	24.0	44.0	-32.0	29.0	30.0	-2.0	171.54
20	14.0	-57.0	15.0	-72.0	-67.0	74.0	-18.0	106.0	169.3
21	24.0	-5.0	123.0	15.0	-12.0	-87.0	-34.0	52.0	169.22
22	-37.0	9.0	-6.0	-43.0	-59.0	-119.0	-106.0	-16.0	164.35
23	-19.0	-81.0	102.0	-12.0	127.0	-124.0	-24.0	3.0	167.11
24	65.0	71.0	12.0	-22.0	29.0	106.0	-28.0	127.0	159.48
25	-63.0	-25.0	4.0	35.0	-57.0	127.0	42.0	-117.0	163.09
26	-19.0	-18.0	-4.0	0.0	-49.0	127.0	66.0	-42.0	147.66
27	49.0	33.0	16.0	15.0	-24.0	56.0	-92.0	18.0	145.44
28	-11.0	28.0	-70.0	-34.0	-100.0	-92.0	0.0	127.0	159.48
29	70.0	127.0	-10.0	-24.0	127.0	-42.0	104.0	18.0	154.93
30	39.0	54.0	7.0	-14.0	33.0	127.0	-106.0	106.0	154.93
31	-68.0	-46.0	-45.0	17.0	6.0	65.0	-31.0	-34.0	164.43
32	114.0	-1.0	13.0	100.0	17.0	127.0	27.0	104.0	168.79
33	-25.0	33.0	-6.0	15.0	54.0	-28.0	0.0	-12.0	158.35
34	-80.0	-18.0	-39.0	-12.0	33.0	118.0	25.0	53.0	162.64
35	-11.0	-7.0	-11.0	-16.0	-34.0	-54.0	78.0	-14.0	157.94
36	74.0	94.0	-14.0	-14.0	-76.0	-56.0	71.0	-23.0	148.64
37	-37.0	52.0	-52.0	44.0	127.0	-8.0	-102.0	-125.0	167.11
38	124.0	1.0	121.0	127.0	39.0	60.0	0.0	127.0	148.64
39	127.0	-19.0	-3.0	-39.0	-55.0	0.0	-90.0	127.0	157.21
40	68.0	-10.0	-10.0	48.0	16.0	-78.0	66.0	-43.0	154.65
41	48.0	-22.0	3.0	109.0	40.0	-114.0	-102.0	36.0	144.69
42	3.0	104.0	127.0	127.0	127.0	127.0	-28.0	55.0	147.66
43	-71.0	-8.0	-17.0	122.0	-4.0	127.0	41.0	-7.0	145.83
44	-21.0	-2.0	31.0	19.0	103.0	113.0	-3.0	-52.0	139.76
45	42.0	113.0	5.0	-55.0	-106.0	-59.0	-51.0	98.0	139.08
46	-65.0	-10.0	24.0	38.0	127.0	-118.0	17.0	-68.0	137.5
47	127.0	6.0	5.0	127.0	-19.0	-53.0	121.0	-81.0	137.12
48	120.0	127.0	35.0	-42.0	-23.0	-11.0	127.0	-17.0	135.34
49	127.0	-65.0	-40.0	-46.0	-79.0	-17.0	-14.0	-128.0	135.34
50	-77.0	-33.0	-29.0	29.0	46.0	-59.0	-53.0	73.0	136.51
51	13.0	-22.0	120.0	-74.0	-24.0	127.0	-26.0	-2.0	133.21
52	-85.0	-19.0	-9.0	-14.0	-63.0	113.0	17.0	90.0	127.72
53	-27.0	-17.0	-31.0	-38.0	127.0	115.0	44.0	55.0	134.41
54	-27.0	33.0	5.0	-75.0	43.0	118.0	-77.0	-1.0	135.07
55	20.0	-27.0	-27.0	-38.0	127.0	127.0	21.0	99.0	133.21
56	-12.0	-47.0	25.0	28.0	127.0	-56.0	127.0	-31.0	121.95
57	-66.0	71.0	9.0	-4.0	120.0	127.0	127.0	-75.0	127.68
58	3.0	-28.0	-22.0	-38.0	58.0	46.0	-27.0	-23.0	122.45
59	26.0	-2.0	-39.0	-58.0	-47.0	-18.0	-94.0	53.0	123.4
60	93.0	-28.0	-43.0	47.0	105.0	-128.0	31.0	-42.0	130.06
61	3.0	72.0	4.0	34.0	127.0	86.0	45.0	-34.0	125.66
62	48.0	-65.0	106.0	-37.0	23.0	-47.0	-34.0	24.0	120.64
63	109.0	-38.0	35.0	34.0	81.0	127.0	99.0	-35.0	106.65
64	66.0	5.0	98.0	13.0	-122.0	122.0	59.0	104.0	107.93
65	-6.0	18.0	37.0	47.0	127.0	17.0	36.0	21.0	123.4
66	1.0	16.0	-1.0	77.0	127.0	51.0	104.0	-7.0	120.64
67	-25.0	43.0	-32.0	43.0	127.0	42.0	-18.0	1.0	124.46
68	20.0	32.0	-52.0	-106.0	17.0	-18.0	-77.0	127.0	121.52
69	5.0	107.0	-16.0	113.0	109.0	-128.0	-11.0	93.0	133.74
70	29.0	14.0	-2.0	-6.0	127.0	-22.0	-46.0	-75.0	127.72
71	66.0	-52.0	8.0	-42.0	104.0	63.0	-20.0	-7.0	132.07
72	113.0	-3.0	-43.0	-108.0	46.0	106.0	-64.0	-78.0	136.51
73	-68.0	32.0	112.0	73.0	120.0	127.0	44.0	16.0	138.35
74	42.0	-56.0	38.0	-6.0	-12.0	-80.0	106.0	22.0	144.15
75	22.0	-22.0	37.0	45.0	127.0	-90.0	12.0	-17.0	139.76
76	9.0	123.0	9.0	115.0	32.0	50.0	55.0	53.0	144.69
77	127.0	-13.0	-22.0	127.0	-10.0	127.0	-1.0	127.0	161.57
78	127.0	11.0	87.0	-38.0	-79.0	-28.0	86.0	127.0	157.94
