0	55.0	-125.0	-28.0	72.0	-88.0	17.0	61.0	-28.0	171.94
1	100.0	-33.0	-10.0	-19.0	18.0	124.0	87.0	-1.0	174.3
2	73.0	-43.0	-10.0	4.0	-45.0	24.0	27.0	-26.0	171.09
3	-44.0	47.0	-18.0	-6.0	0.0	45.0	2.0	44.0	162.2
4	20.0	-34.0	9.0	-23.0	-128.0	-79.0	-103.0	92.0	166.23
5	-46.0	18.0	-9.0	78.0	91.0	49.0	95.0	11.0	167.6
6	25.0	-98.0	-27.0	-27.0	127.0	-39.0	-72.0	-39.0	170.0
7	-47.0	-30.0	52.0	-26.0	-86.0	127.0	-33.0	-45.0	161.78
8	-23.0	-60.0	-9.0	4.0	0.0	127.0	108.0	-11.0	158.75
9	21.0	-27.0	-25.0	48.0	67.0	34.0	8.0	57.0	168.48
10	-33.0	-1.0	4.0	3.0	-60.0	110.0	-51.0	58.0	174.3
11	-3.0	-14.0	9.0	-67.0	12.0	-87.0	-19.0	-28.0	168.53
12	31.0	3.0	-26.0	5.0	46.0	-128.0	-43.0	35.0	167.6
13	13.0	23.0	-3.0	10.0	-110.0	48.0	71.0	-64.0	162.2
14	0.0	-26.0	-83.0	-42.0	35.0	87.0	68.0	-104.0	168.92
15	-18.0	27.0	17.0	29.0	67.0	-68.0	-21.0	102.0	169.3
16	9.0	110.0	15.0	18.0	60.0	86.0	-33.0	66.0	171.94
17	-29.0	-2.0	-24.0	9.0	-29.0	49.0	22.0	30.0	170.0
18	94.0	-78.0	-5.0	-20.0	-45.0	90.0	-38.0	28.0	168.92
19	14.0	15.0	-65.0	-18.0	0.0	127.0	-32.0	-6.0	164.4
20	63.0	-16.0	22.0	-19.0	-36.0	11.0	-91.0	92.0	164.4
21	-33.0	5.0	-1.0	-10.0	75.0	-128.0	-3.0	-74.0	155.37
22	37.0	47.0	-47.0	-5.0	-36.0	26.0	21.0	73.0	156.37
23	67.0	37.0	-3.0	0.0	-13.0	88.0	-125.0	-15.0	154.44
24	-68.0	-9.0	9.0	120.0	-16.0	-66.0	3.0	-14.0	150.6
25	14.0	17.0	-17.0	6.0	-21.0	-81.0	-44.0	-12.0	156.6
26	19.0	3.0	-14.0	-5.0	3.0	86.0	-109.0	16.0	146.44
27	3.0	-11.0	106.0	-26.0	46.0	-49.0	112.0	-102.0	135.71
28	0.0	3.0	9.0	5.0	-8.0	-106.0	86.0	-5.0	137.59
29	-42.0	-4.0	-17.0	-38.0	35.0	127.0	-13.0	57.0	147.06
30	88.0	8.0	34.0	-47.0	30.0	90.0	21.0	-52.0	142.8
31	-31.0	-78.0	1.0	11.0	13.0	-51.0	-92.0	-72.0	140.65
32	15.0	-80.0	29.0	-10.0	-80.0	91.0	-24.0	47.0	142.8
33	43.0	27.0	5.0	-27.0	-31.0	94.0	31.0	4.0	123.08
34	-72.0	3.0	-1.0	41.0	28.0	-116.0	-77.0	127.0	125.18
35	-5.0	-24.0	3.0	-42.0	-128.0	75.0	-85.0	37.0	126.61
36	32.0	44.0	-4.0	-36.0	-9.0	85.0	27.0	-9.0	127.05
37	68.0	-98.0	19.0	11.0	116.0	77.0	67.0	17.0	131.7
38	8.0	-36.0	-13.0	-19.0	-31.0	81.0	0.0	4.0	135.71
39	-32.0	-27.0	64.0	29.0	46.0	23.0	71.0	-25.0	138.67
40	41.0	-29.0	11.0	-12.0	114.0	3.0	95.0	-2.0	114.66
41	2.0	11.0	-37.0	4.0	53.0	87.0	-108.0	-24.0	122.55
42	-98.0	-1.0	-14.0	-34.0	-18.0	127.0	-9.0	-116.0	123.08
43	52.0	-49.0	1.0	-58.0	103.0	75.0	36.0	-35.0	119.22
44	-14.0	17.0	45.0	64.0	6.0	-53.0	127.0	127.0	104.17
45	-7.0	20.0	9.0	-14.0	-94.0	62.0	-14.0	88.0	99.44
46	31.0	34.0	-9.0	-10.0	28.0	-46.0	124.0	-11.0	121.12
47	-32.0	0.0	-3.0	42.0	127.0	35.0	-20.0	30.0	126.61
48	-3.0	-17.0	-10.0	-73.0	-128.0	-58.0	24.0	-3.0	122.55
49	-96.0	-49.0	-13.0	-15.0	-2.0	118.0	82.0	68.0	106.69
50	-5.0	-2.0	29.0	-66.0	44.0	61.0	-2.0	8.0	114.66
51	52.0	-7.0	10.0	70.0	117.0	3.0	68.0	12.0	104.17
52	-59.0	22.0	5.0	-62.0	51.0	-79.0	72.0	114.0	117.32
53	13.0	-50.0	6.0	-14.0	51.0	41.0	-13.0	-92.0	99.47
54	-14.0	18.0	34.0	39.0	9.0	111.0	17.0	-34.0	118.87
55	17.0	-33.0	52.0	41.0	-85.0	23.0	-72.0	-107.0	111.32
56	17.0	-37.0	14.0	42.0	-36.0	77.0	-23.0	-80.0	100.78
57	-4.0	-25.0	-53.0	-1.0	7.0	-121.0	98.0	23.0	99.44
58	14.0	51.0	5.0	-37.0	3.0	10.0	-27.0	93.0	95.31
59	-5.0	-20.0	-13.0	-13.0	33.0	49.0	75.0	-13.0	94.34
60	-6.0	14.0	-16.0	-24.0	79.0	19.0	18.0	-29.0	95.31
61	37.0	-118.0	24.0	-23.0	86.0	109.0	-19.0	32.0	94.34
62	-128.0	33.0	-8.0	-34.0	-1.0	-32.0	40.0	-33.0	95.57
63	100.0	39.0	-19.0	6.0	46.0	66.0	83.0	18.0	98.73
64	97.0	-38.0	13.0	-10.0	33.0	35.0	-95.0	-21.0	106.65
65	22.0	2.0	-54.0	-2.0	-49.0	-58.0	-68.0	-50.0	114.95
66	21.0	-3.0	5.0	-9.0	44.0	69.0	-14.0	-49.0	119.22
67	-18.0	-22.0	33.0	-20.0	-18.0	48.0	91.0	-31.0	114.95
68	-32.0	-11.0	20.0	24.0	-103.0	-14.0	47.0	32.0	111.32
69	64.0	-9.0	20.0	-14.0	-24.0	127.0	21.0	120.0	141.44
70	-35.0	7.0	-65.0	-29.0	60.0	-28.0	-48.0	-94.0	144.36
71	-20.0	-71.0	-13.0	-17.0	76.0	25.0	0.0	57.0	145.21
72	-18.0	-46.0	6.0	4.0	44.0	-41.0	-76.0	-51.0	150.49
73	17.0	13.0	-58.0	-35.0	-36.0	57.0	-14.0	-52.0	146.44
74	-31.0	-22.0	30.0	-4.0	127.0	93.0	-23.0	-3.0	145.21
75	-4.0	32.0	-18.0	24.0	-35.0	7.0	13.0	31.0	150.6
76	50.0	4.0	20.0	39.0	48.0	86.0	-38.0	-118.0	165.41
77	-104.0	62.0	-19.0	66.0	-115.0	-2.0	-29.0	31.0	169.14
78	14.0	23.0	0.0	-1.0	-20.0	-128.0	86.0	-125.0	158.24
79	22.0	17.0	2.0	-1.0	87.0	57.0	-14.0	53.0	154.44
80	25.0	0.0	-9.0	6.0	-31.0	-42.0	46.0	-120.0	155.37
81	-47.0	-16.0	-37.0	14.0	46.0	-41.0	9.0	44.0	167.12
82	46.0	35.0	-7.0	-42.0	-56.0	127.0	-114.0	45.0	170.07
83	25.0	-47.0	-38.0	35.0	-42.0	116.0	10.0	80.0	173.29
84	17.0	-2.0	11.0	24.0	17.0	0.0	47.0	-50.0	170.07
85	0.0	-2.0	6.0	66.0	0.0	-124.0	13.0	44.0	156.6
86	-5.0	-21.0	-12.0	-1.0	127.0	99.0	59.0	88.0	152.22
87	101.0	27.0	-5.0	29.0	95.0	39.0	77.0	9.0	165.41
