0	47.0	124.0	-2.0	12.0	24.0	39.0	84.0	97.0	115.19
1	-11.0	24.0	104.0	13.0	84.0	-117.0	127.0	3.0	111.57
2	45.0	59.0	-12.0	-31.0	-42.0	-8.0	45.0	-43.0	133.44
3	22.0	5.0	-30.0	45.0	-18.0	127.0	-6.0	-128.0	115.19
4	-30.0	-51.0	15.0	-22.0	-39.0	54.0	-18.0	15.0	111.57
5	36.0	-45.0	-30.0	80.0	-128.0	45.0	-22.0	-46.0	129.52
6	77.0	55.0	-7.0	-9.0	-91.0	-66.0	61.0	64.0	131.35
7	-61.0	-9.0	0.0	-29.0	-20.0	26.0	-23.0	-10.0	132.75
8	-115.0	50.0	-12.0	-36.0	-29.0	5.0	11.0	-49.0	137.93
9	-22.0	-22.0	-16.0	-29.0	27.0	50.0	127.0	-102.0	140.77
10	50.0	121.0	18.0	-15.0	-24.0	10.0	127.0	64.0	137.93
11	3.0	2.0	97.0	118.0	40.0	-17.0	85.0	110.0	144.1
12	11.0	-10.0	-1.0	56.0	-29.0	-6.0	-18.0	-128.0	131.35
13	127.0	16.0	-8.0	-4.0	114.0	-7.0	127.0	-83.0	139.22
14	-1.0	99.0	-4.0	28.0	18.0	114.0	0.0	36.0	141.98
15	-21.0	27.0	-16.0	-2.0	-92.0	-7.0	-29.0	72.0	137.32
16	-36.0	-32.0	-26.0	-6.0	93.0	73.0	44.0	85.0	135.38
17	127.0	30.0	34.0	-30.0	-43.0	53.0	-3.0	-27.0	137.93
18	-4.0	-27.0	-37.0	3.0	-38.0	127.0	-41.0	126.0	145.35
19	11.0	-15.0	5.0	25.0	72.0	93.0	-64.0	127.0	138.13
20	-70.0	-17.0	-11.0	1.0	-3.0	103.0	-110.0	123.0	146.97
21	114.0	12.0	8.0	-29.0	18.0	-96.0	127.0	-43.0	145.8
22	127.0	70.0	10.0	96.0	127.0	-57.0	50.0	21.0	146.97
23	127.0	-30.0	-42.0	-17.0	105.0	23.0	84.0	19.0	148.7
24	2.0	15.0	127.0	-56.0	127.0	127.0	15.0	-69.0	159.35
25	-86.0	24.0	-1.0	6.0	0.0	23.0	-28.0	-58.0	153.07
26	-4.0	33.0	-16.0	-105.0	64.0	84.0	56.0	10.0	152.61
27	4.0	85.0	-15.0	4.0	-61.0	-74.0	109.0	127.0	153.2
28	-112.0	127.0	20.0	-12.0	54.0	14.0	-40.0	74.0	151.44
29	4.0	-51.0	-7.0	-110.0	24.0	127.0	-114.0	1.0	153.07
30	10.0	-7.0	3.0	81.0	-36.0	127.0	-75.0	-10.0	160.4
31	-18.0	-11.0	49.0	-61.0	85.0	-48.0	-66.0	51.0	166.03
32	127.0	22.0	127.0	-69.0	70.0	8.0	35.0	3.0	159.35
33	-46.0	-23.0	-26.0	127.0	-36.0	122.0	-27.0	-29.0	162.37
34	-12.0	62.0	-14.0	-54.0	70.0	83.0	54.0	127.0	173.18
35	-41.0	-10.0	-39.0	-32.0	114.0	39.0	20.0	56.0	174.86
36	55.0	88.0	7.0	28.0	-128.0	127.0	51.0	19.0	172.42
37	54.0	-22.0	25.0	-6.0	127.0	91.0	20.0	64.0	178.18
38	36.0	-20.0	-10.0	-1.0	102.0	94.0	127.0	30.0	176.53
39	25.0	92.0	-10.0	-4.0	5.0	95.0	-31.0	14.0	175.93
40	1.0	-49.0	49.0	-12.0	127.0	87.0	68.0	-18.0	167.6
41	14.0	-5.0	-30.0	26.0	-93.0	66.0	30.0	-59.0	164.05
42	127.0	-32.0	28.0	39.0	-17.0	-53.0	17.0	25.0	173.67
43	105.0	127.0	-4.0	2.0	0.0	50.0	123.0	-38.0	173.67
44	-93.0	41.0	-53.0	-22.0	-23.0	127.0	94.0	127.0	172.81
45	-98.0	-14.0	-1.0	22.0	-37.0	127.0	113.0	-74.0	178.18
46	-48.0	24.0	-12.0	1.0	127.0	59.0	-128.0	-83.0	179.45
47	97.0	5.0	10.0	127.0	-91.0	114.0	-40.0	127.0	172.81
48	-107.0	-83.0	-31.0	106.0	88.0	-16.0	52.0	45.0	172.64
49	-92.0	13.0	60.0	-35.0	127.0	47.0	-63.0	-128.0	167.84
50	25.0	-75.0	13.0	62.0	27.0	38.0	-42.0	-31.0	160.4
51	-4.0	-36.0	2.0	5.0	-27.0	34.0	-66.0	28.0	161.3
52	10.0	-51.0	14.0	30.0	-19.0	57.0	80.0	-18.0	165.32
53	24.0	-29.0	72.0	106.0	84.0	-105.0	-49.0	74.0	177.74
54	17.0	-38.0	-34.0	118.0	127.0	-39.0	31.0	-105.0	178.97
55	-8.0	8.0	-3.0	127.0	127.0	-81.0	-44.0	21.0	179.45
56	58.0	22.0	6.0	6.0	-18.0	-46.0	36.0	32.0	174.86
57	-20.0	-4.0	-25.0	127.0	93.0	18.0	86.0	11.0	167.6
58	14.0	-74.0	72.0	5.0	55.0	-128.0	-81.0	-90.0	177.4
59	-4.0	3.0	123.0	2.0	51.0	16.0	-4.0	127.0	172.42
60	-51.0	127.0	9.0	15.0	113.0	69.0	127.0	-31.0	161.3
61	20.0	-19.0	127.0	44.0	8.0	95.0	84.0	89.0	171.02
62	-4.0	-10.0	52.0	-9.0	-22.0	-47.0	-20.0	-25.0	161.94
63	39.0	-13.0	11.0	6.0	99.0	84.0	127.0	8.0	159.47
64	86.0	127.0	126.0	118.0	78.0	20.0	85.0	-105.0	152.61
65	-33.0	38.0	2.0	-2.0	107.0	49.0	-11.0	6.0	147.42
66	-33.0	2.0	3.0	-90.0	35.0	-87.0	-30.0	44.0	144.1
67	-15.0	12.0	117.0	-13.0	-89.0	20.0	18.0	4.0	136.72
68	127.0	-64.0	-42.0	23.0	101.0	-3.0	109.0	127.0	135.38
69	-20.0	2.0	127.0	34.0	0.0	127.0	36.0	-32.0	126.78
70	4.0	-35.0	10.0	33.0	127.0	66.0	-4.0	17.0	118.86
71	127.0	88.0	-17.0	34.0	-40.0	-124.0	-41.0	-93.0	127.49
72	-58.0	-33.0	-2.0	111.0	-128.0	95.0	-38.0	-9.0	132.75
73	5.0	22.0	3.0	72.0	33.0	38.0	18.0	93.0	120.81
74	21.0	108.0	-17.0	-11.0	127.0	-117.0	127.0	71.0	128.36
75	9.0	23.0	5.0	68.0	34.0	78.0	-2.0	-7.0	110.57
76	29.0	22.0	3.0	-31.0	-51.0	27.0	-63.0	-128.0	107.86
77	-9.0	-65.0	25.0	-60.0	70.0	-128.0	38.0	127.0	107.22
78	39.0	-40.0	25.0	127.0	-96.0	56.0	-18.0	26.0	122.68
79	76.0	-1.0	-9.0	-19.0	109.0	91.0	-39.0	127.0	122.68
80	81.0	17.0	125.0	6.0	12.0	-57.0	-99.0	58.0	118.86
81	-115.0	127.0	17.0	-17.0	-34.0	59.0	65.0	29.0	114.33
82	37.0	-15.0	-27.0	-68.0	45.0	-69.0	42.0	21.0	107.86
83	-4.0	-9.0	-16.0	-12.0	-21.0	-68.0	8.0	-70.0	99.66
