0	2.0	-1.0	7.0	-9.0	-90.0	25.0	108.0	-20.0	168.97
1	-13.0	-11.0	1.0	0.0	11.0	-56.0	-28.0	-56.0	168.9
2	41.0	-13.0	-9.0	-30.0	23.0	70.0	44.0	57.0	162.06
3	-25.0	22.0	-25.0	-4.0	109.0	13.0	101.0	17.0	142.46
4	14.0	-18.0	-44.0	127.0	73.0	52.0	40.0	-98.0	164.17
5	16.0	23.0	-8.0	9.0	-101.0	-128.0	65.0	-128.0	154.73
6	127.0	36.0	27.0	1.0	127.0	-27.0	25.0	35.0	166.81
7	70.0	28.0	127.0	-2.0	-94.0	-68.0	-34.0	-20.0	164.17
8	-27.0	13.0	2.0	3.0	37.0	-44.0	-21.0	-5.0	166.49
9	5.0	25.0	21.0	-50.0	-105.0	127.0	-112.0	54.0	169.11
10	127.0	58.0	22.0	-78.0	-65.0	83.0	-128.0	18.0	168.08
11	101.0	25.0	-28.0	72.0	-71.0	127.0	25.0	25.0	167.35
12	-34.0	4.0	-5.0	119.0	-51.0	-71.0	66.0	120.0	154.73
13	14.0	-26.0	24.0	-51.0	-3.0	-15.0	1.0	103.0	160.28
14	3.0	-96.0	17.0	61.0	47.0	6.0	25.0	-1.0	152.88
15	6.0	5.0	-1.0	-52.0	42.0	-37.0	127.0	-63.0	149.98
16	-60.0	-23.0	11.0	44.0	-55.0	-98.0	34.0	18.0	133.19
17	-37.0	2.0	-11.0	-10.0	-1.0	110.0	127.0	80.0	145.3
18	52.0	-13.0	-11.0	17.0	44.0	15.0	17.0	72.0	140.98
19	2.0	15.0	27.0	53.0	1.0	-69.0	-83.0	18.0	157.93
20	17.0	3.0	26.0	22.0	25.0	-98.0	-1.0	-24.0	140.74
21	-28.0	79.0	-5.0	50.0	14.0	101.0	0.0	-53.0	140.24
22	1.0	18.0	19.0	-35.0	15.0	59.0	124.0	-28.0	142.62
23	5.0	8.0	7.0	-47.0	59.0	127.0	-91.0	-78.0	127.31
24	-66.0	127.0	-3.0	-55.0	-101.0	88.0	-37.0	103.0	137.53
25	40.0	-9.0	127.0	-53.0	-79.0	-86.0	86.0	127.0	134.65
26	-9.0	-14.0	37.0	50.0	37.0	101.0	127.0	-5.0	142.46
27	5.0	36.0	6.0	12.0	0.0	-61.0	118.0	-89.0	127.63
28	45.0	-4.0	30.0	18.0	127.0	22.0	19.0	-20.0	125.98
29	-64.0	4.0	23.0	16.0	47.0	-95.0	5.0	86.0	118.25
30	-96.0	127.0	-9.0	17.0	36.0	-99.0	-70.0	15.0	124.38
31	15.0	127.0	1.0	-35.0	36.0	-67.0	-76.0	-33.0	130.86
32	59.0	25.0	43.0	-39.0	-10.0	-63.0	-27.0	37.0	120.6
33	25.0	4.0	21.0	29.0	-53.0	-63.0	-79.0	-84.0	124.75
34	-2.0	18.0	6.0	35.0	-113.0	113.0	15.0	-40.0	127.31
35	-12.0	37.0	-3.0	10.0	127.0	6.0	-13.0	-128.0	124.78
36	-12.0	34.0	8.0	1.0	127.0	88.0	35.0	-1.0	121.9
37	127.0	-1.0	-11.0	124.0	73.0	33.0	22.0	25.0	119.16
38	22.0	20.0	6.0	127.0	16.0	-74.0	-54.0	-60.0	109.68
39	-12.0	20.0	-2.0	-86.0	12.0	-128.0	-12.0	32.0	121.56
40	-64.0	4.0	127.0	43.0	78.0	-61.0	28.0	-98.0	124.38
41	-128.0	21.0	-23.0	-4.0	-8.0	127.0	101.0	-83.0	113.28
42	-37.0	28.0	10.0	-83.0	-17.0	112.0	44.0	-40.0	120.6
43	-75.0	-16.0	127.0	22.0	-82.0	-24.0	-47.0	-25.0	109.68
44	-2.0	34.0	-17.0	-5.0	-68.0	75.0	-87.0	7.0	113.28
45	-68.0	11.0	15.0	3.0	-56.0	-84.0	38.0	-128.0	133.41
46	-14.0	-126.0	126.0	-37.0	38.0	63.0	0.0	-15.0	127.63
47	-6.0	-47.0	127.0	23.0	2.0	-92.0	25.0	12.0	135.56
48	2.0	30.0	-7.0	16.0	-15.0	13.0	51.0	-20.0	140.24
49	14.0	-1.0	-3.0	-31.0	-99.0	-23.0	5.0	-2.0	144.07
50	-6.0	3.0	19.0	-23.0	127.0	65.0	-59.0	104.0	154.73
51	27.0	101.0	-20.0	-50.0	-6.0	127.0	6.0	104.0	144.41
52	109.0	2.0	-7.0	29.0	-73.0	21.0	-4.0	87.0	163.65
53	14.0	15.0	-14.0	-18.0	-19.0	28.0	-88.0	127.0	141.36
54	14.0	-8.0	6.0	-29.0	101.0	-108.0	-87.0	4.0	142.93
55	-27.0	1.0	17.0	53.0	-69.0	127.0	51.0	76.0	157.93
56	-25.0	6.0	-36.0	122.0	127.0	89.0	40.0	-9.0	148.42
57	-76.0	127.0	-8.0	111.0	127.0	43.0	-26.0	7.0	151.6
58	-1.0	-9.0	-15.0	6.0	88.0	120.0	-51.0	-75.0	140.98
59	77.0	-23.0	-2.0	-126.0	-61.0	25.0	44.0	72.0	148.42
60	-17.0	48.0	-59.0	-37.0	-68.0	-128.0	-106.0	93.0	167.14
61	3.0	8.0	14.0	-27.0	-75.0	-106.0	-27.0	-78.0	166.74
62	13.0	-23.0	-64.0	31.0	-73.0	122.0	98.0	-56.0	161.99
63	40.0	-16.0	-1.0	-83.0	25.0	104.0	-76.0	127.0	167.02
64	31.0	15.0	0.0	-86.0	17.0	-49.0	50.0	127.0	168.99
65	17.0	19.0	-11.0	-21.0	38.0	-70.0	127.0	11.0	149.98
66	44.0	10.0	-36.0	93.0	0.0	-67.0	85.0	37.0	160.28
67	-2.0	11.0	-11.0	-48.0	127.0	21.0	-69.0	37.0	168.78
68	98.0	-111.0	6.0	3.0	-82.0	121.0	34.0	4.0	167.75
69	44.0	-6.0	13.0	5.0	-1.0	-84.0	45.0	-8.0	166.74
70	-99.0	27.0	-51.0	95.0	-81.0	25.0	5.0	-78.0	168.99
71	-1.0	-5.0	-2.0	10.0	48.0	43.0	117.0	127.0	169.9
72	23.0	6.0	0.0	16.0	2.0	127.0	-61.0	127.0	169.31
73	117.0	-6.0	21.0	-19.0	-10.0	101.0	-46.0	-66.0	170.35
74	34.0	12.0	6.0	27.0	-71.0	-20.0	-48.0	1.0	169.58
75	26.0	11.0	-30.0	127.0	-83.0	91.0	93.0	32.0	169.15
76	-3.0	-8.0	11.0	-4.0	105.0	-23.0	16.0	39.0	168.08
77	-34.0	12.0	27.0	60.0	17.0	41.0	25.0	117.0	166.81
78	56.0	10.0	7.0	0.0	-3.0	-56.0	127.0	10.0	156.08
79	5.0	-40.0	9.0	21.0	-21.0	-86.0	-21.0	-9.0	168.53
80	-53.0	-14.0	9.0	55.0	0.0	-86.0	-128.0	127.0	169.58
81	44.0	-11.0	11.0	76.0	127.0	-36.0	-1.0	121.0	169.15
82	34.0	-63.0	14.0	-25.0	13.0	118.0	66.0	16.0	168.53
