0	-10.0	-19.0	29.0	0.0	-58.0	85.0	-29.0	1.0	135.27
1	-43.0	-14.0	-5.0	1.0	20.0	1.0	-20.0	23.0	142.43
2	-10.0	-28.0	-9.0	50.0	82.0	127.0	27.0	-98.0	144.7
3	27.0	9.0	74.0	-2.0	41.0	21.0	43.0	-15.0	138.56
4	21.0	32.0	-21.0	-64.0	-40.0	125.0	8.0	19.0	134.98
5	99.0	-10.0	31.0	-14.0	55.0	76.0	11.0	95.0	140.13
6	-16.0	-68.0	13.0	3.0	69.0	-66.0	92.0	73.0	142.43
7	-63.0	-29.0	127.0	-5.0	6.0	-51.0	-43.0	-102.0	144.7
8	31.0	70.0	-40.0	116.0	66.0	-44.0	52.0	-106.0	146.57
9	-108.0	48.0	4.0	12.0	29.0	15.0	-8.0	40.0	147.87
10	-62.0	-128.0	-15.0	-85.0	111.0	-74.0	49.0	117.0	153.52
11	-10.0	119.0	-19.0	52.0	-54.0	-60.0	16.0	46.0	153.71
12	8.0	48.0	0.0	25.0	-109.0	-81.0	-15.0	46.0	155.21
13	83.0	-91.0	12.0	-128.0	40.0	7.0	-74.0	19.0	160.1
14	41.0	-30.0	-9.0	35.0	-13.0	89.0	70.0	-12.0	165.23
15	-5.0	-26.0	29.0	26.0	-123.0	-71.0	19.0	-104.0	165.69
16	31.0	23.0	-6.0	-20.0	4.0	39.0	-64.0	-15.0	165.58
17	17.0	64.0	16.0	-2.0	127.0	18.0	-33.0	69.0	172.41
18	-84.0	-12.0	-3.0	18.0	-6.0	26.0	-3.0	44.0	172.35
19	127.0	23.0	3.0	-8.0	59.0	-14.0	17.0	84.0	166.06
20	64.0	13.0	9.0	-36.0	100.0	59.0	71.0	98.0	170.34
21	61.0	1.0	20.0	46.0	71.0	42.0	-4.0	-1.0	165.01
22	113.0	16.0	-12.0	-63.0	127.0	-74.0	-34.0	43.0	162.05
23	-16.0	15.0	5.0	30.0	33.0	110.0	103.0	34.0	157.1
24	49.0	-26.0	5.0	17.0	-51.0	127.0	127.0	41.0	160.66
25	-9.0	16.0	65.0	-68.0	-62.0	-16.0	-3.0	-27.0	162.18
26	-22.0	-52.0	31.0	-79.0	-95.0	54.0	11.0	83.0	153.71
27	127.0	94.0	-20.0	17.0	-65.0	-94.0	52.0	-17.0	153.52
28	49.0	-82.0	97.0	42.0	24.0	-87.0	11.0	50.0	161.26
29	9.0	17.0	127.0	-24.0	-16.0	94.0	-66.0	-7.0	161.26
30	28.0	-42.0	-5.0	-1.0	-26.0	101.0	-46.0	-6.0	162.18
31	0.0	2.0	-3.0	25.0	21.0	125.0	-27.0	25.0	165.69
32	-13.0	-9.0	-4.0	-13.0	-15.0	25.0	6.0	85.0	171.12
33	30.0	125.0	67.0	36.0	45.0	-4.0	117.0	46.0	170.34
34	10.0	-9.0	22.0	127.0	88.0	-52.0	19.0	127.0	171.12
35	31.0	3.0	-12.0	119.0	-34.0	81.0	-29.0	69.0	172.35
36	102.0	10.0	4.0	-8.0	17.0	42.0	-67.0	109.0	172.04
37	-2.0	127.0	0.0	101.0	-76.0	-50.0	115.0	-110.0	171.64
38	-16.0	-89.0	-18.0	14.0	-13.0	47.0	45.0	-2.0	177.57
39	16.0	16.0	-48.0	25.0	127.0	59.0	117.0	64.0	171.96
40	-5.0	22.0	-25.0	-31.0	-11.0	-94.0	127.0	37.0	171.96
41	-29.0	71.0	-15.0	77.0	51.0	-52.0	-54.0	-23.0	172.33
42	47.0	10.0	62.0	0.0	-19.0	-47.0	25.0	-15.0	172.04
43	38.0	0.0	36.0	14.0	-128.0	111.0	68.0	-17.0	170.08
44	83.0	22.0	121.0	12.0	127.0	-94.0	-94.0	49.0	165.58
45	-115.0	-72.0	27.0	12.0	127.0	0.0	49.0	-42.0	160.1
46	78.0	-64.0	4.0	18.0	-111.0	127.0	-59.0	12.0	170.91
47	-78.0	79.0	-47.0	54.0	-26.0	111.0	20.0	50.0	162.38
48	48.0	-34.0	-17.0	-17.0	-41.0	115.0	24.0	-8.0	156.89
49	-59.0	64.0	12.0	89.0	-40.0	-63.0	16.0	98.0	157.67
50	22.0	-72.0	22.0	11.0	127.0	22.0	69.0	70.0	157.67
51	-58.0	-35.0	-13.0	-22.0	-50.0	120.0	-67.0	-128.0	150.62
52	16.0	-21.0	-8.0	-18.0	6.0	127.0	51.0	9.0	150.0
53	6.0	-3.0	-28.0	-15.0	35.0	63.0	57.0	12.0	147.87
54	-13.0	-12.0	-5.0	127.0	18.0	127.0	-88.0	98.0	147.0
55	-81.0	-25.0	37.0	27.0	17.0	-128.0	-60.0	12.0	147.0
56	53.0	32.0	0.0	-12.0	0.0	-47.0	-20.0	-78.0	140.13
57	1.0	30.0	-21.0	-16.0	9.0	53.0	86.0	-36.0	138.56
58	39.0	-23.0	1.0	34.0	-47.0	-50.0	54.0	25.0	131.23
59	-58.0	4.0	27.0	50.0	25.0	70.0	2.0	-23.0	129.14
60	-9.0	-29.0	16.0	18.0	124.0	125.0	6.0	-40.0	127.39
61	-106.0	3.0	-35.0	117.0	127.0	-34.0	82.0	30.0	128.59
62	21.0	32.0	5.0	-90.0	119.0	23.0	18.0	-44.0	127.03
63	-22.0	4.0	15.0	19.0	-111.0	-69.0	-77.0	1.0	124.73
64	-21.0	16.0	-48.0	26.0	55.0	-95.0	-24.0	23.0	123.19
65	127.0	10.0	-3.0	-19.0	112.0	-82.0	-67.0	104.0	105.48
66	116.0	-10.0	-15.0	26.0	-2.0	19.0	31.0	30.0	106.73
67	-73.0	-22.0	-77.0	17.0	38.0	-112.0	-13.0	44.0	130.88
68	77.0	54.0	1.0	-5.0	-36.0	127.0	-21.0	-77.0	118.78
69	-128.0	5.0	36.0	-90.0	-67.0	78.0	84.0	71.0	112.96
70	9.0	127.0	41.0	11.0	-82.0	-53.0	-78.0	8.0	123.19
71	7.0	127.0	27.0	9.0	-13.0	-49.0	51.0	77.0	124.73
72	49.0	1.0	-5.0	-6.0	127.0	-48.0	31.0	47.0	117.87
73	7.0	2.0	36.0	9.0	-59.0	-74.0	85.0	98.0	105.48
74	70.0	49.0	-91.0	-37.0	127.0	-24.0	-74.0	-83.0	130.56
75	108.0	-56.0	-6.0	17.0	-5.0	-38.0	-4.0	23.0	128.59
76	-17.0	-42.0	-12.0	-4.0	64.0	127.0	-47.0	22.0	127.39
77	27.0	29.0	13.0	114.0	97.0	-73.0	14.0	-57.0	120.43
78	54.0	76.0	-40.0	122.0	-28.0	117.0	119.0	46.0	117.87
79	68.0	72.0	-9.0	-32.0	17.0	56.0	-6.0	97.0	104.54
80	-20.0	-29.0	41.0	-20.0	55.0	58.0	-88.0	-128.0	120.43
81	83.0	22.0	-17.0	-19.0	102.0	70.0	28.0	71.0	104.54
82	38.0	81.0	-9.0	-21.0	-53.0	117.0	32.0	55.0	104.48
83	-14.0	34.0	13.0	-17.0	-47.0	54.0	34.0	-7.0	117.46
84	-40.0	-16.0	28.0	-17.0	123.0	-24.0	-80.0	12.0	126.14
85	-59.0	-12.0	120.0	29.0	-110.0	0.0	14.0	110.0	122.83
86	58.0	-5.0	-34.0	0.0	38.0	127.0	0.0	127.0	130.88
87	1.0	-36.0	6.0	17.0	67.0	55.0	97.0	-55.0	131.59
