0	17.0	-21.0	52.0	66.0	-41.0	-57.0	15.0	-41.0	94.02
1	-11.0	33.0	5.0	-35.0	-21.0	0.0	99.0	-3.0	98.14
2	-4.0	4.0	-14.0	-3.0	-89.0	-123.0	59.0	33.0	115.67
3	-25.0	55.0	-6.0	50.0	49.0	-63.0	77.0	4.0	126.98
4	24.0	-14.0	-12.0	31.0	-66.0	127.0	-78.0	-36.0	129.68
5	5.0	-27.0	-34.0	2.0	127.0	124.0	78.0	-30.0	131.45
6	4.0	10.0	14.0	-32.0	48.0	74.0	4.0	24.0	136.22
7	15.0	-10.0	-34.0	2.0	-106.0	-54.0	32.0	25.0	138.02
8	-37.0	12.0	-41.0	-5.0	-1.0	55.0	-45.0	-8.0	140.21
9	68.0	33.0	-67.0	52.0	70.0	89.0	-73.0	29.0	137.55
10	0.0	-41.0	-9.0	-111.0	5.0	-58.0	-92.0	64.0	143.73
11	-33.0	0.0	0.0	-20.0	-124.0	-57.0	6.0	49.0	142.15
12	-15.0	9.0	101.0	-30.0	-95.0	-120.0	-82.0	14.0	145.28
13	-14.0	-14.0	-1.0	47.0	-7.0	-100.0	35.0	-87.0	151.11
14	50.0	10.0	55.0	18.0	89.0	47.0	16.0	-15.0	147.06
15	3.0	-49.0	23.0	7.0	125.0	127.0	-21.0	-6.0	145.28
16	-20.0	12.0	13.0	-53.0	30.0	-21.0	4.0	-34.0	138.02
17	-83.0	-34.0	80.0	-41.0	-15.0	22.0	-91.0	12.0	147.7
18	35.0	-34.0	-30.0	-33.0	8.0	82.0	-8.0	-53.0	153.52
19	-8.0	-23.0	-8.0	-99.0	16.0	91.0	-57.0	-6.0	159.83
20	93.0	11.0	-60.0	42.0	72.0	-23.0	-61.0	-33.0	159.83
21	-6.0	-1.0	78.0	-32.0	-38.0	-77.0	-91.0	24.0	161.22
22	-74.0	3.0	33.0	53.0	4.0	-25.0	88.0	64.0	155.45
23	21.0	9.0	20.0	69.0	15.0	-29.0	23.0	-14.0	166.62
24	51.0	27.0	6.0	-127.0	96.0	67.0	36.0	-41.0	167.7
25	2.0	-10.0	28.0	-4.0	112.0	-123.0	-28.0	-112.0	164.46
26	19.0	-26.0	6.0	-62.0	-8.0	59.0	-60.0	73.0	162.13
27	2.0	27.0	-32.0	7.0	-67.0	97.0	73.0	19.0	161.22
28	-51.0	-5.0	-36.0	-36.0	63.0	-13.0	9.0	-14.0	157.4
29	-111.0	-21.0	-18.0	-15.0	-53.0	-61.0	-72.0	72.0	164.28
30	-11.0	15.0	29.0	-37.0	55.0	-128.0	44.0	-1.0	167.04
31	63.0	-6.0	-59.0	47.0	-7.0	-85.0	-4.0	-85.0	167.04
32	-21.0	-4.0	25.0	-42.0	56.0	127.0	20.0	-47.0	167.97
33	66.0	3.0	-77.0	45.0	-37.0	-29.0	-16.0	127.0	168.19
34	7.0	0.0	-13.0	39.0	-19.0	127.0	9.0	-76.0	168.02
35	-6.0	4.0	5.0	10.0	-78.0	-98.0	-43.0	24.0	166.62
36	-1.0	49.0	60.0	7.0	-23.0	87.0	-12.0	-32.0	168.19
37	-33.0	-12.0	29.0	10.0	15.0	49.0	21.0	-5.0	167.77
38	29.0	-27.0	101.0	-47.0	-40.0	127.0	-49.0	17.0	165.61
39	-7.0	-33.0	49.0	53.0	-52.0	-67.0	-26.0	-54.0	164.28
40	79.0	3.0	-53.0	3.0	-128.0	-78.0	40.0	-71.0	155.45
41	-6.0	16.0	-23.0	-51.0	-24.0	76.0	-74.0	113.0	158.28
42	10.0	7.0	-113.0	-30.0	44.0	-77.0	77.0	-117.0	152.52
43	97.0	-11.0	67.0	-94.0	31.0	127.0	12.0	-9.0	155.3
44	36.0	-10.0	4.0	53.0	12.0	90.0	-12.0	-1.0	153.42
45	57.0	31.0	-59.0	-43.0	-120.0	3.0	-13.0	-22.0	143.73
46	-10.0	24.0	13.0	93.0	15.0	90.0	-32.0	-12.0	150.91
47	-10.0	51.0	1.0	40.0	-20.0	-85.0	101.0	43.0	150.91
48	5.0	2.0	-25.0	-15.0	113.0	98.0	33.0	63.0	151.11
49	15.0	28.0	19.0	76.0	7.0	2.0	80.0	-74.0	139.42
50	-3.0	-40.0	-31.0	-44.0	-110.0	-42.0	87.0	48.0	136.22
51	-11.0	38.0	11.0	-110.0	-11.0	-27.0	25.0	55.0	135.57
52	68.0	-5.0	-8.0	46.0	-20.0	13.0	-4.0	16.0	135.57
53	-42.0	5.0	-37.0	-46.0	74.0	127.0	-80.0	20.0	131.69
54	69.0	10.0	-28.0	-17.0	13.0	12.0	54.0	-10.0	127.47
55	-23.0	-9.0	-48.0	43.0	49.0	-90.0	2.0	-118.0	126.98
56	-16.0	-2.0	-22.0	-52.0	-96.0	1.0	-97.0	-22.0	111.48
57	-24.0	-11.0	14.0	9.0	-111.0	98.0	-57.0	-1.0	101.54
58	-14.0	-6.0	-40.0	-21.0	-38.0	-29.0	78.0	57.0	99.55
59	20.0	-14.0	82.0	18.0	-80.0	-16.0	-90.0	-40.0	99.79
60	-18.0	-13.0	73.0	53.0	63.0	-77.0	61.0	-54.0	122.61
61	17.0	0.0	5.0	3.0	-13.0	19.0	109.0	-22.0	115.67
62	29.0	48.0	23.0	-40.0	63.0	55.0	-76.0	-7.0	104.85
63	-20.0	6.0	-34.0	16.0	127.0	-80.0	-57.0	-15.0	101.54
64	-44.0	-22.0	-32.0	-51.0	-28.0	-8.0	-17.0	7.0	98.16
65	22.0	-12.0	2.0	50.0	-14.0	101.0	59.0	44.0	97.82
66	3.0	-27.0	7.0	37.0	13.0	-19.0	-30.0	33.0	98.61
67	-9.0	-4.0	87.0	-13.0	39.0	-26.0	-90.0	38.0	121.6
68	-51.0	-7.0	-13.0	-10.0	-35.0	9.0	35.0	35.0	125.13
69	-75.0	-21.0	-1.0	53.0	19.0	-123.0	-63.0	84.0	134.44
70	-3.0	42.0	7.0	20.0	-80.0	-54.0	-73.0	-17.0	133.03
71	26.0	-5.0	52.0	-15.0	113.0	-19.0	55.0	-41.0	133.03
72	18.0	-2.0	61.0	-115.0	-15.0	-3.0	91.0	-33.0	115.36
73	16.0	46.0	-47.0	21.0	70.0	127.0	110.0	73.0	129.68
74	-40.0	-15.0	-37.0	-28.0	-118.0	-53.0	63.0	-46.0	125.13
75	-14.0	9.0	0.0	-90.0	56.0	-45.0	-13.0	5.0	115.36
76	28.0	-21.0	52.0	-1.0	74.0	-42.0	20.0	-59.0	108.13
77	-55.0	55.0	-8.0	-50.0	23.0	127.0	-76.0	-1.0	99.79
78	48.0	8.0	37.0	-32.0	25.0	-29.0	-5.0	-104.0	118.82
79	-59.0	24.0	-60.0	-22.0	35.0	110.0	68.0	54.0	108.13
80	24.0	5.0	-17.0	-35.0	28.0	59.0	-48.0	12.0	97.73
81	-42.0	-11.0	69.0	-42.0	-10.0	-89.0	-21.0	-93.0	97.73
82	26.0	-13.0	15.0	-19.0	-3.0	55.0	-5.0	43.0	98.14
83	19.0	18.0	17.0	-15.0	10.0	107.0	-40.0	101.0	99.41
84	51.0	-2.0	-50.0	23.0	-38.0	103.0	-48.0	19.0	97.22
