0	42.0	71.0	-18.0	-43.0	-34.0	80.0	127.0	-22.0	143.08
1	56.0	28.0	-34.0	23.0	24.0	49.0	73.0	17.0	141.83
2	29.0	-16.0	-32.0	22.0	97.0	-114.0	127.0	52.0	145.37
3	17.0	-36.0	65.0	11.0	37.0	-62.0	72.0	82.0	158.71
4	29.0	-20.0	-15.0	-40.0	-19.0	88.0	53.0	17.0	167.47
5	-24.0	-33.0	2.0	-4.0	62.0	46.0	127.0	33.0	168.84
6	-16.0	35.0	-14.0	24.0	80.0	32.0	35.0	127.0	168.84
7	29.0	127.0	-38.0	56.0	92.0	64.0	-2.0	-93.0	168.44
8	126.0	6.0	15.0	96.0	-18.0	93.0	12.0	100.0	164.38
9	-64.0	-5.0	-26.0	49.0	69.0	127.0	127.0	-29.0	164.09
10	-16.0	5.0	-6.0	36.0	104.0	-12.0	-68.0	16.0	158.71
11	127.0	127.0	-4.0	72.0	127.0	127.0	-86.0	127.0	158.04
12	127.0	3.0	-5.0	-27.0	18.0	127.0	-112.0	-69.0	164.38
13	-38.0	127.0	33.0	15.0	-12.0	89.0	21.0	-71.0	162.34
14	32.0	18.0	-15.0	-9.0	-74.0	58.0	42.0	-25.0	165.24
15	6.0	127.0	127.0	34.0	127.0	-86.0	127.0	12.0	162.75
16	50.0	111.0	127.0	35.0	74.0	89.0	29.0	35.0	167.06
17	-53.0	-17.0	49.0	58.0	-2.0	-91.0	37.0	-67.0	165.24
18	-1.0	123.0	-18.0	-4.0	55.0	-113.0	127.0	100.0	170.47
19	-62.0	1.0	-6.0	-33.0	-83.0	9.0	6.0	21.0	163.27
20	-3.0	10.0	-11.0	-109.0	-34.0	113.0	32.0	32.0	168.32
21	108.0	-10.0	-7.0	2.0	-5.0	16.0	74.0	-77.0	171.19
22	-35.0	-40.0	72.0	1.0	13.0	13.0	74.0	127.0	171.86
23	-3.0	-20.0	127.0	127.0	-79.0	127.0	-65.0	-26.0	174.76
24	17.0	10.0	26.0	32.0	47.0	-62.0	-128.0	-20.0	176.65
25	72.0	-3.0	-6.0	23.0	39.0	37.0	26.0	127.0	176.25
26	2.0	6.0	-6.0	28.0	104.0	113.0	-22.0	127.0	172.52
27	44.0	127.0	-6.0	-41.0	13.0	61.0	-36.0	-128.0	172.52
28	-23.0	-12.0	-4.0	127.0	52.0	99.0	5.0	-128.0	176.25
29	-3.0	-41.0	12.0	-22.0	79.0	65.0	34.0	77.0	172.44
30	-54.0	75.0	127.0	-24.0	-10.0	-5.0	77.0	127.0	171.75
31	-14.0	-17.0	-29.0	13.0	127.0	79.0	17.0	-6.0	171.19
32	127.0	14.0	-4.0	-38.0	-91.0	-75.0	35.0	23.0	170.68
33	-64.0	-10.0	-55.0	-11.0	79.0	99.0	127.0	85.0	171.49
34	87.0	-36.0	3.0	-44.0	-15.0	0.0	127.0	16.0	171.49
35	1.0	-67.0	-7.0	116.0	127.0	24.0	1.0	68.0	167.47
36	-28.0	13.0	-7.0	-22.0	-75.0	127.0	12.0	-92.0	162.0
37	127.0	-35.0	65.0	61.0	-18.0	-41.0	66.0	24.0	154.39
38	-103.0	-4.0	-45.0	117.0	127.0	127.0	-53.0	32.0	156.39
39	90.0	57.0	-6.0	-68.0	-41.0	127.0	26.0	-115.0	160.31
40	-65.0	-9.0	-6.0	-68.0	83.0	-73.0	-5.0	-81.0	162.34
41	-14.0	-7.0	35.0	77.0	108.0	-4.0	-86.0	-29.0	165.05
42	-9.0	-41.0	-8.0	20.0	75.0	43.0	79.0	-22.0	158.86
43	1.0	40.0	-7.0	24.0	24.0	-65.0	55.0	-99.0	158.04
44	-9.0	-45.0	18.0	127.0	58.0	78.0	31.0	-92.0	141.83
45	-11.0	-10.0	123.0	34.0	13.0	-44.0	45.0	-6.0	137.32
46	-14.0	-25.0	27.0	-18.0	127.0	-128.0	-84.0	127.0	144.36
47	68.0	6.0	33.0	127.0	67.0	96.0	-65.0	15.0	131.1
48	6.0	7.0	-10.0	78.0	37.0	108.0	117.0	-5.0	132.27
49	-22.0	25.0	-49.0	17.0	127.0	127.0	26.0	-7.0	145.37
50	39.0	10.0	2.0	22.0	-73.0	-4.0	68.0	-20.0	148.19
51	-50.0	-46.0	13.0	-41.0	49.0	65.0	-22.0	-18.0	144.36
52	21.0	30.0	-55.0	127.0	0.0	127.0	-128.0	88.0	137.03
53	6.0	125.0	2.0	26.0	-71.0	89.0	100.0	-96.0	150.06
54	-14.0	-26.0	-5.0	23.0	-5.0	119.0	127.0	-81.0	152.95
55	-39.0	17.0	-18.0	77.0	127.0	-94.0	1.0	127.0	151.69
56	42.0	-59.0	1.0	-27.0	127.0	-73.0	-11.0	35.0	154.39
57	73.0	-12.0	7.0	47.0	24.0	105.0	-15.0	-73.0	146.82
58	-28.0	10.0	-13.0	15.0	27.0	-4.0	-22.0	-31.0	124.75
59	2.0	-53.0	34.0	15.0	69.0	-113.0	24.0	-125.0	136.32
60	-86.0	5.0	-6.0	-16.0	127.0	20.0	-40.0	-12.0	130.4
61	12.0	-7.0	1.0	41.0	62.0	45.0	67.0	99.0	130.4
62	-24.0	-8.0	-13.0	15.0	13.0	-52.0	-128.0	-3.0	124.75
63	-37.0	127.0	49.0	-28.0	27.0	36.0	127.0	0.0	126.52
64	1.0	-50.0	16.0	-128.0	65.0	127.0	-48.0	-3.0	117.96
65	30.0	80.0	-5.0	84.0	98.0	108.0	21.0	-20.0	122.26
66	-62.0	-39.0	127.0	127.0	23.0	-66.0	-36.0	91.0	113.58
67	-17.0	57.0	-7.0	49.0	69.0	-4.0	-128.0	-92.0	112.96
68	127.0	-13.0	1.0	-34.0	127.0	44.0	6.0	96.0	112.96
69	-28.0	-8.0	19.0	45.0	-128.0	16.0	43.0	-78.0	113.52
70	27.0	-10.0	-34.0	-36.0	90.0	-81.0	45.0	-50.0	113.68
71	127.0	-40.0	-15.0	-109.0	63.0	4.0	50.0	16.0	113.58
72	-2.0	14.0	122.0	57.0	78.0	-75.0	22.0	-22.0	113.39
73	-3.0	19.0	55.0	56.0	127.0	9.0	5.0	63.0	117.14
74	11.0	-3.0	127.0	54.0	-43.0	73.0	12.0	11.0	117.14
75	18.0	-44.0	-26.0	69.0	35.0	59.0	5.0	-73.0	132.27
76	-18.0	56.0	-5.0	-5.0	7.0	-128.0	127.0	-35.0	136.12
77	63.0	18.0	121.0	-94.0	-122.0	63.0	-70.0	-97.0	136.12
78	127.0	7.0	-10.0	22.0	-18.0	88.0	2.0	-5.0	128.11
79	66.0	5.0	19.0	26.0	52.0	127.0	29.0	-3.0	124.42
80	108.0	-5.0	-7.0	24.0	-10.0	56.0	18.0	41.0	131.1
81	18.0	6.0	-5.0	-6.0	-15.0	127.0	-124.0	114.0	141.81
82	15.0	-47.0	7.0	-22.0	68.0	93.0	0.0	0.0	150.06
