0	5.0	-21.0	-57.0	7.0	-36.0	21.0	-43.0	56.0	175.4
1	-11.0	2.0	9.0	44.0	20.0	-56.0	127.0	-10.0	174.74
2	8.0	42.0	-4.0	-4.0	-5.0	12.0	32.0	23.0	171.61
3	23.0	-11.0	-38.0	-31.0	70.0	-106.0	-32.0	-70.0	172.46
4	127.0	18.0	11.0	-5.0	-59.0	-38.0	17.0	12.0	154.21
5	11.0	4.0	-15.0	21.0	37.0	20.0	-62.0	-40.0	157.32
6	4.0	-11.0	7.0	-11.0	21.0	92.0	-93.0	72.0	162.99
7	-31.0	14.0	-12.0	-91.0	104.0	-85.0	-94.0	-38.0	174.83
8	-16.0	7.0	39.0	-50.0	21.0	-74.0	-17.0	48.0	173.33
9	-15.0	-15.0	13.0	-16.0	43.0	62.0	9.0	63.0	174.43
10	-49.0	2.0	2.0	-87.0	-128.0	18.0	-30.0	32.0	174.08
11	17.0	0.0	-57.0	-22.0	-85.0	-17.0	57.0	2.0	174.83
12	-24.0	-16.0	53.0	-5.0	-17.0	127.0	26.0	-41.0	174.88
13	-12.0	5.0	59.0	11.0	-55.0	60.0	19.0	-44.0	168.93
14	-40.0	11.0	36.0	-2.0	-34.0	60.0	8.0	19.0	167.33
15	13.0	-10.0	-51.0	-24.0	-31.0	-106.0	31.0	56.0	161.75
16	-22.0	-30.0	-97.0	24.0	-14.0	68.0	36.0	-47.0	158.0
17	-14.0	-13.0	-22.0	-57.0	61.0	69.0	3.0	-128.0	172.46
18	90.0	-6.0	-73.0	-73.0	104.0	-18.0	-40.0	-49.0	161.41
19	35.0	3.0	15.0	64.0	-21.0	127.0	-19.0	-5.0	153.04
20	7.0	-9.0	14.0	-32.0	127.0	92.0	3.0	72.0	149.72
21	-26.0	-5.0	-38.0	25.0	-2.0	35.0	-78.0	53.0	148.24
22	29.0	17.0	22.0	16.0	47.0	-35.0	22.0	-41.0	141.52
23	-19.0	-1.0	2.0	14.0	50.0	-80.0	-14.0	-100.0	136.25
24	-7.0	-22.0	31.0	-89.0	11.0	97.0	22.0	63.0	134.54
25	-40.0	11.0	28.0	-70.0	-77.0	42.0	-68.0	37.0	132.41
26	25.0	-14.0	-33.0	88.0	58.0	-32.0	28.0	53.0	131.25
27	10.0	23.0	-86.0	-93.0	-107.0	123.0	-22.0	60.0	130.2
28	6.0	15.0	24.0	24.0	41.0	80.0	27.0	-38.0	127.38
29	74.0	-14.0	-30.0	-2.0	36.0	104.0	11.0	-41.0	110.07
30	-25.0	0.0	-12.0	22.0	29.0	11.0	-60.0	-32.0	106.99
31	96.0	-25.0	26.0	-27.0	89.0	74.0	98.0	53.0	105.23
32	-7.0	13.0	-65.0	95.0	-57.0	85.0	-37.0	-38.0	102.18
33	-24.0	-10.0	60.0	107.0	99.0	9.0	52.0	97.0	104.05
34	90.0	-1.0	9.0	34.0	-18.0	-128.0	-30.0	-40.0	101.71
35	-34.0	5.0	-7.0	-16.0	127.0	125.0	-42.0	-49.0	101.93
36	-4.0	5.0	-58.0	-128.0	87.0	13.0	44.0	10.0	101.71
37	-89.0	9.0	62.0	27.0	28.0	-128.0	-19.0	-55.0	102.03
38	18.0	-3.0	9.0	32.0	26.0	-62.0	107.0	-16.0	105.23
39	9.0	44.0	2.0	-15.0	68.0	116.0	56.0	0.0	102.18
40	18.0	23.0	3.0	-91.0	-34.0	-96.0	14.0	-53.0	103.26
41	-12.0	-5.0	-19.0	16.0	-79.0	118.0	-68.0	-16.0	115.89
42	32.0	-33.0	60.0	-27.0	-18.0	127.0	-25.0	-1.0	118.07
43	31.0	-28.0	-4.0	-27.0	127.0	99.0	-85.0	-38.0	112.93
44	-104.0	-40.0	-8.0	-63.0	46.0	127.0	39.0	0.0	122.14
45	-12.0	-8.0	-5.0	-34.0	51.0	15.0	57.0	19.0	119.99
46	28.0	5.0	-6.0	-20.0	75.0	-47.0	6.0	-109.0	110.07
47	58.0	-20.0	4.0	21.0	79.0	-118.0	-11.0	2.0	112.93
48	14.0	36.0	-56.0	27.0	29.0	8.0	1.0	-37.0	122.14
49	67.0	-9.0	2.0	12.0	85.0	-38.0	0.0	5.0	106.73
50	-8.0	6.0	62.0	-1.0	36.0	-62.0	86.0	4.0	104.05
51	33.0	-10.0	-3.0	-37.0	76.0	-61.0	-13.0	-43.0	113.97
52	-22.0	9.0	-14.0	-25.0	-33.0	119.0	-128.0	20.0	119.99
53	-42.0	-16.0	-30.0	-12.0	18.0	-66.0	-77.0	-28.0	124.66
54	-76.0	-39.0	-26.0	10.0	35.0	49.0	-96.0	-49.0	130.2
55	3.0	-9.0	-62.0	19.0	-35.0	39.0	-77.0	78.0	129.88
56	-29.0	-3.0	-86.0	4.0	28.0	49.0	-50.0	-128.0	128.46
57	4.0	9.0	-32.0	-71.0	47.0	101.0	22.0	-2.0	127.92
58	9.0	9.0	14.0	127.0	85.0	56.0	98.0	-59.0	127.92
59	-30.0	2.0	-1.0	0.0	38.0	96.0	69.0	-21.0	131.25
60	-13.0	-7.0	-68.0	45.0	61.0	127.0	57.0	-30.0	133.86
61	-12.0	5.0	-11.0	-2.0	-26.0	-89.0	17.0	10.0	134.54
62	-35.0	-58.0	23.0	-3.0	127.0	91.0	-3.0	7.0	144.63
63	5.0	-4.0	-1.0	-25.0	10.0	41.0	14.0	83.0	137.79
64	16.0	17.0	8.0	22.0	36.0	40.0	-115.0	67.0	135.75
65	66.0	-30.0	19.0	71.0	-23.0	-86.0	-58.0	-109.0	137.79
66	-49.0	-18.0	-48.0	-19.0	-13.0	118.0	30.0	-40.0	144.63
67	41.0	-16.0	-56.0	13.0	10.0	-87.0	18.0	-79.0	145.2
68	-61.0	7.0	-15.0	19.0	86.0	81.0	115.0	-103.0	145.45
69	2.0	-35.0	-50.0	25.0	-58.0	-27.0	-3.0	-91.0	145.2
70	74.0	15.0	-66.0	26.0	25.0	127.0	14.0	-44.0	148.24
71	11.0	6.0	-5.0	-3.0	26.0	72.0	33.0	2.0	159.09
72	-21.0	-23.0	-14.0	-71.0	41.0	5.0	112.0	-112.0	154.21
73	-43.0	-4.0	-33.0	19.0	-127.0	47.0	-87.0	38.0	154.0
74	2.0	-1.0	-17.0	26.0	1.0	-50.0	67.0	-41.0	162.99
75	37.0	42.0	25.0	11.0	-33.0	-80.0	67.0	-35.0	157.32
76	-20.0	-34.0	21.0	3.0	-75.0	-83.0	68.0	-9.0	154.0
77	74.0	12.0	-18.0	8.0	-4.0	60.0	-1.0	25.0	167.33
78	12.0	2.0	-5.0	-13.0	76.0	115.0	-42.0	7.0	165.62
79	-22.0	-17.0	20.0	-38.0	-21.0	-116.0	-39.0	-63.0	161.75
80	1.0	8.0	-14.0	9.0	-61.0	55.0	25.0	-22.0	170.5
81	7.0	-9.0	9.0	12.0	39.0	-128.0	-43.0	16.0	171.61
82	-14.0	-38.0	35.0	14.0	70.0	127.0	22.0	89.0	165.01
83	2.0	-14.0	-11.0	-31.0	-46.0	127.0	-52.0	37.0	172.99
84	-13.0	42.0	5.0	26.0	112.0	-36.0	-43.0	-2.0	175.4
85	-84.0	11.0	11.0	-75.0	-7.0	79.0	11.0	30.0	176.0
86	-48.0	5.0	60.0	6.0	5.0	55.0	-42.0	-6.0	176.0
