0	-78.0	-14.0	42.0	-30.0	127.0	93.0	-4.0	-25.0	145.16
1	26.0	-20.0	-10.0	14.0	-25.0	0.0	-13.0	-53.0	157.95
2	104.0	-46.0	21.0	14.0	53.0	127.0	127.0	-7.0	155.98
3	49.0	41.0	5.0	24.0	56.0	108.0	3.0	103.0	159.25
4	50.0	42.0	17.0	127.0	-46.0	-108.0	0.0	74.0	160.11
5	28.0	42.0	-17.0	-17.0	64.0	29.0	84.0	70.0	160.65
6	25.0	-50.0	86.0	-54.0	-70.0	52.0	-67.0	60.0	162.49
7	-13.0	-10.0	38.0	-117.0	67.0	88.0	88.0	-39.0	162.57
8	56.0	15.0	5.0	-32.0	39.0	-38.0	98.0	68.0	163.71
9	53.0	-4.0	34.0	35.0	111.0	-45.0	1.0	-2.0	162.57
10	1.0	-10.0	27.0	-43.0	-53.0	-128.0	-25.0	-42.0	170.02
11	0.0	-15.0	2.0	-49.0	-128.0	-46.0	40.0	-1.0	171.1
12	12.0	-3.0	127.0	54.0	127.0	-87.0	-21.0	89.0	171.99
13	63.0	-64.0	27.0	-124.0	127.0	3.0	21.0	5.0	177.31
14	-42.0	39.0	102.0	-83.0	25.0	-87.0	-39.0	19.0	177.92
15	84.0	-33.0	-47.0	-30.0	-5.0	-46.0	-41.0	-3.0	178.15
16	-78.0	18.0	2.0	-23.0	10.0	127.0	54.0	19.0	177.98
17	8.0	127.0	40.0	-2.0	4.0	-11.0	-30.0	70.0	177.89
18	16.0	56.0	105.0	39.0	-29.0	-128.0	-17.0	31.0	178.15
19	-5.0	25.0	21.0	104.0	-60.0	97.0	-37.0	22.0	176.49
20	-55.0	110.0	12.0	18.0	4.0	29.0	121.0	111.0	172.64
21	-1.0	77.0	-10.0	99.0	-92.0	-75.0	35.0	-36.0	174.29
22	50.0	-66.0	-31.0	4.0	0.0	0.0	17.0	58.0	171.99
23	-10.0	36.0	-7.0	-27.0	42.0	99.0	-21.0	-73.0	169.69
24	4.0	58.0	-15.0	4.0	-63.0	-75.0	62.0	28.0	167.41
25	-84.0	-31.0	-45.0	14.0	-40.0	-12.0	-20.0	-8.0	164.35
26	33.0	22.0	-19.0	39.0	-22.0	65.0	117.0	29.0	164.35
27	72.0	13.0	12.0	120.0	19.0	110.0	29.0	-17.0	169.89
28	101.0	29.0	-35.0	-31.0	-107.0	97.0	14.0	106.0	175.02
29	-25.0	11.0	4.0	-22.0	77.0	-72.0	-3.0	34.0	172.47
30	-1.0	30.0	117.0	88.0	127.0	-45.0	-6.0	-30.0	171.78
31	59.0	-72.0	-9.0	36.0	-102.0	-63.0	-29.0	39.0	171.78
32	3.0	-33.0	-18.0	107.0	118.0	-22.0	49.0	58.0	171.08
33	34.0	-33.0	127.0	16.0	-46.0	108.0	-31.0	-110.0	172.47
34	60.0	56.0	9.0	-13.0	43.0	10.0	49.0	-5.0	177.89
35	94.0	-2.0	5.0	-33.0	105.0	-27.0	47.0	61.0	176.49
36	-95.0	-10.0	-18.0	15.0	-2.0	-55.0	6.0	-3.0	169.69
37	-3.0	12.0	-29.0	22.0	127.0	-35.0	-23.0	-13.0	163.4
38	-12.0	-23.0	-41.0	81.0	116.0	-73.0	-39.0	-72.0	162.49
39	-86.0	127.0	17.0	-20.0	79.0	54.0	-79.0	-30.0	159.25
40	127.0	21.0	73.0	6.0	102.0	62.0	56.0	75.0	158.35
41	34.0	-13.0	5.0	55.0	50.0	97.0	-47.0	56.0	157.95
42	30.0	-10.0	3.0	-12.0	-100.0	28.0	-33.0	18.0	147.19
43	31.0	93.0	7.0	24.0	-68.0	2.0	54.0	111.0	146.33
44	127.0	-23.0	42.0	-10.0	-128.0	87.0	97.0	76.0	141.12
45	-53.0	36.0	-6.0	6.0	-12.0	20.0	78.0	16.0	136.37
46	61.0	41.0	-11.0	-10.0	90.0	127.0	107.0	-128.0	129.27
47	94.0	5.0	21.0	-67.0	0.0	61.0	64.0	2.0	133.94
48	-11.0	127.0	8.0	75.0	77.0	-48.0	97.0	56.0	123.48
49	-10.0	127.0	-2.0	-94.0	8.0	37.0	-70.0	-59.0	129.94
50	-75.0	-37.0	-33.0	-128.0	73.0	116.0	-18.0	26.0	138.06
51	-4.0	9.0	25.0	15.0	34.0	124.0	-14.0	37.0	128.61
52	-66.0	-12.0	-2.0	-57.0	44.0	64.0	89.0	-44.0	126.28
53	-23.0	41.0	-7.0	38.0	127.0	51.0	62.0	-8.0	141.84
54	68.0	-24.0	-37.0	75.0	50.0	-89.0	0.0	-112.0	141.12
55	37.0	53.0	6.0	43.0	32.0	-68.0	0.0	-8.0	141.84
56	67.0	-49.0	14.0	-54.0	48.0	-64.0	104.0	100.0	144.4
57	2.0	-4.0	86.0	14.0	0.0	50.0	26.0	-1.0	144.82
58	-78.0	-10.0	41.0	27.0	-36.0	-34.0	-44.0	-42.0	147.48
59	-52.0	-40.0	-9.0	45.0	-27.0	18.0	40.0	68.0	153.78
60	-67.0	111.0	-7.0	-42.0	111.0	56.0	-59.0	127.0	145.16
61	-15.0	98.0	20.0	-2.0	-90.0	67.0	-41.0	57.0	147.48
62	17.0	2.0	-37.0	2.0	32.0	-7.0	-52.0	-128.0	133.87
63	64.0	13.0	-45.0	-2.0	-68.0	0.0	54.0	-101.0	124.72
64	-67.0	16.0	21.0	39.0	-59.0	87.0	-6.0	-128.0	121.02
65	12.0	41.0	12.0	-27.0	36.0	-40.0	28.0	-128.0	122.9
66	7.0	-6.0	-2.0	31.0	-22.0	-26.0	-27.0	-128.0	118.54
67	-6.0	-66.0	-4.0	46.0	99.0	56.0	24.0	-50.0	118.5
68	107.0	-59.0	-6.0	127.0	-53.0	0.0	-52.0	127.0	117.39
69	33.0	14.0	5.0	-24.0	127.0	-63.0	-46.0	102.0	116.83
70	-5.0	2.0	127.0	-10.0	127.0	58.0	-97.0	24.0	117.37
71	79.0	-20.0	-3.0	127.0	-22.0	-89.0	13.0	-5.0	117.39
72	96.0	-41.0	9.0	-12.0	92.0	31.0	-123.0	127.0	118.5
73	-23.0	12.0	9.0	36.0	-2.0	54.0	89.0	111.0	120.98
74	57.0	11.0	18.0	127.0	-95.0	0.0	29.0	11.0	124.72
75	79.0	3.0	113.0	3.0	92.0	-38.0	58.0	-40.0	131.13
76	-36.0	66.0	-15.0	-55.0	-7.0	-4.0	58.0	-25.0	138.47
77	2.0	60.0	8.0	-31.0	-22.0	29.0	-35.0	-58.0	133.94
78	1.0	-7.0	-35.0	12.0	2.0	115.0	-52.0	21.0	132.02
79	5.0	-13.0	127.0	35.0	34.0	70.0	54.0	127.0	127.73
80	0.0	5.0	-29.0	34.0	-59.0	87.0	64.0	95.0	123.48
81	2.0	-33.0	3.0	54.0	87.0	-7.0	40.0	-24.0	127.73
82	-78.0	13.0	-8.0	30.0	65.0	50.0	-44.0	-36.0	131.13
