0	79.0	-71.0	8.0	-14.0	51.0	-2.0	65.0	111.0	118.04
1	9.0	-31.0	-52.0	-26.0	127.0	127.0	31.0	-31.0	118.04
2	-124.0	11.0	-6.0	42.0	13.0	-113.0	4.0	-5.0	134.76
3	-26.0	-81.0	-13.0	53.0	-53.0	-83.0	-15.0	45.0	128.5
4	-31.0	21.0	-16.0	60.0	-31.0	114.0	-14.0	-69.0	131.52
5	114.0	31.0	-1.0	17.0	126.0	127.0	-9.0	-128.0	123.26
6	-26.0	32.0	-59.0	11.0	-47.0	52.0	127.0	-35.0	104.53
7	-2.0	35.0	1.0	60.0	127.0	-24.0	-12.0	105.0	139.96
8	42.0	2.0	-21.0	-74.0	73.0	37.0	55.0	127.0	123.26
9	-60.0	59.0	-20.0	-7.0	-33.0	-79.0	90.0	127.0	119.46
10	-37.0	-43.0	-31.0	-13.0	-128.0	-44.0	-41.0	-37.0	113.35
11	46.0	25.0	-9.0	27.0	-7.0	34.0	39.0	-63.0	106.97
12	-90.0	-75.0	-5.0	-12.0	127.0	59.0	8.0	-35.0	109.61
13	-4.0	-38.0	-65.0	14.0	47.0	-76.0	-11.0	-19.0	139.96
14	-57.0	2.0	23.0	-11.0	10.0	-128.0	27.0	63.0	105.2
15	-38.0	-38.0	7.0	-4.0	-1.0	127.0	27.0	-77.0	135.22
16	15.0	-35.0	-10.0	-89.0	3.0	69.0	125.0	-48.0	137.69
17	20.0	-18.0	-35.0	-82.0	-21.0	127.0	-105.0	-1.0	104.53
18	38.0	6.0	-52.0	53.0	51.0	-99.0	-21.0	-32.0	113.35
19	-28.0	6.0	-35.0	-7.0	-128.0	87.0	-6.0	-39.0	107.98
20	0.0	26.0	9.0	-2.0	-87.0	-108.0	-53.0	-59.0	112.74
21	127.0	0.0	-6.0	-5.0	-41.0	38.0	-90.0	-66.0	134.76
22	47.0	-31.0	11.0	2.0	4.0	40.0	-3.0	45.0	142.32
23	-42.0	3.0	-27.0	-17.0	58.0	-54.0	48.0	81.0	141.77
24	13.0	-1.0	0.0	-13.0	59.0	-114.0	13.0	110.0	144.38
25	42.0	-48.0	0.0	12.0	14.0	19.0	35.0	-26.0	158.04
26	-64.0	0.0	18.0	11.0	28.0	93.0	-42.0	-28.0	168.84
27	-1.0	10.0	-3.0	-10.0	-128.0	-71.0	-1.0	31.0	150.4
28	79.0	-34.0	-32.0	-13.0	-128.0	58.0	-22.0	-35.0	161.49
29	52.0	10.0	11.0	19.0	72.0	-60.0	-12.0	52.0	154.01
30	13.0	19.0	17.0	5.0	66.0	121.0	96.0	13.0	158.13
31	-93.0	2.0	-7.0	-8.0	-48.0	82.0	41.0	-68.0	163.06
32	-16.0	17.0	-83.0	-17.0	49.0	-71.0	-11.0	-58.0	169.25
33	55.0	4.0	-33.0	-30.0	27.0	35.0	86.0	123.0	150.4
34	53.0	-15.0	22.0	35.0	3.0	51.0	-128.0	113.0	165.66
35	-36.0	0.0	21.0	16.0	-7.0	-128.0	36.0	97.0	168.87
36	-36.0	-3.0	3.0	-53.0	-128.0	127.0	30.0	127.0	158.13
37	-60.0	-3.0	4.0	-16.0	58.0	116.0	-115.0	10.0	169.3
38	46.0	-56.0	28.0	-1.0	96.0	-33.0	84.0	-41.0	168.99
39	33.0	37.0	-2.0	-53.0	84.0	-14.0	4.0	-35.0	169.03
40	-96.0	-13.0	-28.0	3.0	-72.0	-74.0	15.0	-21.0	164.99
41	-39.0	-49.0	8.0	-3.0	-51.0	-66.0	38.0	-26.0	163.16
42	26.0	-23.0	20.0	-19.0	-128.0	110.0	45.0	-37.0	169.35
43	39.0	-68.0	-29.0	39.0	-25.0	79.0	-95.0	-1.0	169.49
44	22.0	-30.0	34.0	-30.0	49.0	55.0	-118.0	-87.0	168.99
45	13.0	-91.0	-17.0	0.0	10.0	43.0	19.0	-45.0	147.1
46	-112.0	3.0	20.0	101.0	127.0	39.0	127.0	-26.0	164.81
47	8.0	-25.0	32.0	-66.0	117.0	21.0	54.0	34.0	166.8
48	50.0	-25.0	-3.0	-20.0	-75.0	-14.0	-34.0	-112.0	153.76
49	-19.0	7.0	43.0	12.0	-19.0	-36.0	-24.0	34.0	149.93
50	-1.0	-49.0	-7.0	-21.0	0.0	78.0	-9.0	112.0	144.38
51	-76.0	-64.0	17.0	-73.0	20.0	0.0	26.0	12.0	166.8
52	71.0	-84.0	-33.0	24.0	-33.0	-89.0	33.0	-119.0	145.23
53	-21.0	-50.0	-4.0	10.0	-3.0	-52.0	81.0	-32.0	156.42
54	114.0	-15.0	12.0	78.0	-96.0	8.0	13.0	11.0	161.25
55	-6.0	-35.0	-24.0	-5.0	16.0	9.0	30.0	15.0	156.65
56	-37.0	30.0	-7.0	-19.0	11.0	76.0	-128.0	12.0	156.65
57	-124.0	-54.0	-30.0	-25.0	-80.0	61.0	63.0	66.0	169.25
58	15.0	-84.0	-44.0	39.0	8.0	13.0	46.0	-119.0	170.19
59	26.0	-5.0	-70.0	-3.0	52.0	47.0	126.0	-94.0	168.84
60	-9.0	41.0	-60.0	61.0	81.0	127.0	-17.0	23.0	163.16
61	-52.0	3.0	1.0	6.0	97.0	-30.0	-81.0	64.0	169.49
62	-11.0	27.0	-11.0	-19.0	-36.0	-4.0	-12.0	-11.0	168.78
63	4.0	3.0	-26.0	-5.0	-93.0	76.0	-39.0	-128.0	166.86
64	-21.0	1.0	26.0	5.0	54.0	-86.0	-89.0	-2.0	166.86
65	81.0	-1.0	8.0	127.0	33.0	51.0	-40.0	-113.0	145.75
66	13.0	85.0	5.0	-10.0	43.0	102.0	73.0	-13.0	154.01
67	13.0	-38.0	-15.0	-32.0	34.0	99.0	85.0	95.0	144.9
68	7.0	51.0	5.0	8.0	21.0	87.0	-19.0	-30.0	143.99
69	-35.0	-25.0	-13.0	1.0	-9.0	-6.0	127.0	21.0	136.86
70	-5.0	-14.0	-86.0	3.0	-90.0	-25.0	111.0	-5.0	139.6
71	-79.0	31.0	-7.0	19.0	52.0	-22.0	-70.0	-81.0	143.99
72	47.0	4.0	-10.0	15.0	-18.0	46.0	-79.0	1.0	121.47
73	94.0	61.0	-4.0	-63.0	-81.0	-84.0	-94.0	42.0	126.03
74	-14.0	9.0	25.0	-29.0	53.0	113.0	-26.0	-51.0	132.39
75	34.0	-10.0	-4.0	-25.0	72.0	77.0	66.0	11.0	132.39
76	65.0	-41.0	-9.0	38.0	32.0	24.0	-94.0	-17.0	106.97
77	31.0	8.0	42.0	-5.0	-78.0	-77.0	-23.0	15.0	126.03
78	-18.0	-3.0	6.0	-21.0	60.0	101.0	11.0	127.0	103.38
79	-63.0	4.0	-26.0	-66.0	-14.0	58.0	-34.0	-75.0	102.94
80	-31.0	-24.0	27.0	14.0	66.0	-43.0	127.0	1.0	103.38
81	-4.0	-8.0	9.0	-10.0	8.0	97.0	56.0	-14.0	102.94
82	-19.0	-1.0	3.0	16.0	2.0	39.0	-128.0	3.0	103.44
83	15.0	-21.0	23.0	56.0	-24.0	56.0	-91.0	76.0	102.99
