0	30.0	-8.0	-41.0	73.0	40.0	127.0	7.0	-47.0	149.74
1	29.0	0.0	-1.0	25.0	-47.0	-36.0	-31.0	25.0	143.22
2	-1.0	6.0	21.0	-8.0	-97.0	25.0	23.0	65.0	146.81
3	17.0	90.0	19.0	-8.0	-97.0	84.0	-23.0	18.0	145.68
4	-41.0	118.0	-8.0	-28.0	-1.0	115.0	127.0	127.0	142.04
5	8.0	22.0	2.0	67.0	-128.0	100.0	58.0	126.0	156.45
6	-73.0	26.0	127.0	15.0	127.0	25.0	23.0	0.0	143.2
7	-19.0	-13.0	-2.0	8.0	127.0	101.0	-78.0	-18.0	139.19
8	-59.0	-14.0	16.0	-27.0	-23.0	127.0	89.0	-11.0	143.2
9	-14.0	127.0	120.0	18.0	-10.0	-77.0	102.0	-16.0	132.83
10	127.0	116.0	-7.0	2.0	-88.0	-36.0	17.0	-13.0	124.36
11	9.0	27.0	20.0	-7.0	6.0	-45.0	-3.0	48.0	124.36
12	38.0	7.0	-9.0	-3.0	102.0	37.0	62.0	-103.0	119.92
13	3.0	127.0	127.0	18.0	20.0	-32.0	-31.0	-56.0	124.03
14	127.0	20.0	23.0	-52.0	44.0	108.0	13.0	22.0	124.68
15	26.0	12.0	25.0	51.0	127.0	-10.0	34.0	127.0	113.79
16	-41.0	-14.0	111.0	15.0	-54.0	127.0	8.0	120.0	119.36
17	14.0	9.0	-15.0	-6.0	45.0	107.0	122.0	68.0	117.16
18	5.0	-57.0	-26.0	-30.0	-49.0	-99.0	15.0	4.0	114.26
19	18.0	-32.0	100.0	127.0	-102.0	-47.0	-8.0	47.0	124.03
20	-26.0	-34.0	-10.0	-26.0	-40.0	92.0	-23.0	73.0	119.92
21	-21.0	37.0	-1.0	-28.0	-23.0	84.0	50.0	2.0	114.26
22	-95.0	12.0	12.0	-69.0	-41.0	5.0	-27.0	-14.0	113.59
23	-49.0	2.0	23.0	2.0	-128.0	-14.0	-1.0	40.0	113.59
24	3.0	22.0	-2.0	-52.0	-3.0	127.0	93.0	82.0	126.6
25	-38.0	25.0	-32.0	8.0	127.0	123.0	-84.0	127.0	120.57
26	33.0	13.0	-6.0	127.0	27.0	127.0	127.0	-20.0	135.64
27	83.0	20.0	11.0	127.0	-40.0	127.0	15.0	20.0	139.11
28	-27.0	-2.0	-9.0	-6.0	43.0	-17.0	89.0	13.0	138.8
29	27.0	0.0	-9.0	127.0	115.0	90.0	127.0	127.0	138.8
30	-19.0	-4.0	6.0	-65.0	-75.0	-22.0	-39.0	41.0	132.83
31	27.0	12.0	20.0	-30.0	71.0	104.0	15.0	-109.0	126.6
32	3.0	-14.0	-17.0	19.0	22.0	-128.0	-16.0	-16.0	129.22
33	27.0	-23.0	11.0	-27.0	-59.0	-69.0	127.0	-13.0	142.38
34	18.0	13.0	-6.0	125.0	102.0	38.0	0.0	-10.0	142.5
35	-14.0	-34.0	-41.0	18.0	50.0	96.0	-33.0	-53.0	145.68
36	-20.0	26.0	-17.0	11.0	127.0	100.0	127.0	-64.0	144.63
37	21.0	-23.0	-10.0	127.0	-34.0	-5.0	-31.0	-38.0	142.38
38	21.0	24.0	28.0	-28.0	127.0	127.0	-16.0	41.0	140.96
39	1.0	127.0	-14.0	-82.0	86.0	-128.0	-68.0	-103.0	150.0
40	46.0	0.0	19.0	4.0	-47.0	-77.0	48.0	21.0	140.75
41	17.0	-3.0	1.0	-128.0	5.0	19.0	28.0	-44.0	154.89
42	16.0	-32.0	114.0	-57.0	127.0	127.0	62.0	127.0	151.78
43	19.0	-22.0	7.0	26.0	37.0	127.0	-92.0	-4.0	160.97
44	62.0	-1.0	11.0	42.0	32.0	104.0	-92.0	69.0	162.93
45	-41.0	15.0	120.0	112.0	0.0	5.0	-92.0	-128.0	162.97
46	46.0	25.0	-17.0	105.0	-82.0	-92.0	105.0	-14.0	159.91
47	30.0	-8.0	126.0	10.0	-23.0	-62.0	-68.0	-30.0	165.46
48	38.0	17.0	29.0	27.0	39.0	-4.0	-8.0	-56.0	159.83
49	-19.0	-58.0	-23.0	19.0	64.0	-45.0	17.0	20.0	156.21
50	103.0	11.0	-20.0	87.0	-44.0	127.0	8.0	23.0	154.89
51	38.0	-6.0	-5.0	-7.0	127.0	21.0	-89.0	-86.0	160.97
52	127.0	-17.0	-23.0	-32.0	89.0	77.0	-116.0	-92.0	160.95
53	-33.0	-9.0	-10.0	-17.0	37.0	-10.0	-23.0	91.0	150.0
54	1.0	-23.0	-9.0	18.0	-62.0	-22.0	-98.0	127.0	149.74
55	-46.0	-1.0	-2.0	-102.0	109.0	-38.0	50.0	126.0	152.99
56	24.0	-17.0	4.0	49.0	86.0	18.0	41.0	14.0	144.02
57	-67.0	-8.0	-19.0	49.0	31.0	127.0	74.0	127.0	147.08
58	-11.0	-4.0	4.0	127.0	45.0	51.0	28.0	-18.0	146.75
59	30.0	2.0	-6.0	-5.0	109.0	37.0	127.0	-109.0	159.83
60	115.0	6.0	-9.0	-6.0	31.0	108.0	35.0	-128.0	158.08
61	7.0	8.0	3.0	-30.0	109.0	-92.0	-1.0	-61.0	158.08
62	-50.0	22.0	-5.0	1.0	-62.0	-6.0	127.0	-123.0	162.97
63	7.0	127.0	0.0	86.0	58.0	-92.0	127.0	-38.0	167.48
64	95.0	51.0	12.0	19.0	-54.0	85.0	-78.0	5.0	166.17
65	62.0	-34.0	-26.0	-18.0	35.0	0.0	-56.0	7.0	164.36
66	-21.0	25.0	4.0	-102.0	84.0	98.0	-56.0	127.0	166.13
67	62.0	-4.0	-5.0	3.0	64.0	-3.0	67.0	18.0	167.91
68	-19.0	-19.0	-8.0	-26.0	-47.0	26.0	-22.0	40.0	167.48
69	127.0	-58.0	20.0	-65.0	-32.0	92.0	83.0	73.0	166.1
70	-20.0	-23.0	-8.0	27.0	-59.0	85.0	24.0	127.0	168.38
71	5.0	127.0	4.0	51.0	6.0	111.0	-16.0	5.0	168.14
72	-21.0	51.0	-9.0	127.0	106.0	101.0	-39.0	4.0	166.17
73	24.0	-9.0	-20.0	10.0	0.0	-33.0	38.0	40.0	168.21
74	-33.0	5.0	-9.0	0.0	50.0	-117.0	-29.0	103.0	166.13
75	-53.0	3.0	-30.0	13.0	127.0	-6.0	25.0	-37.0	167.42
76	24.0	109.0	-1.0	-28.0	106.0	-128.0	-29.0	-109.0	165.9
77	53.0	31.0	7.0	27.0	102.0	-28.0	127.0	-3.0	166.02
78	35.0	26.0	20.0	-113.0	10.0	-100.0	34.0	5.0	146.81
79	14.0	12.0	-12.0	-4.0	51.0	127.0	90.0	-37.0	165.34
80	-33.0	1.0	5.0	25.0	-6.0	-80.0	34.0	31.0	168.21
81	30.0	20.0	7.0	0.0	-54.0	111.0	-7.0	51.0	166.06
82	-33.0	-34.0	16.0	-65.0	51.0	-1.0	-69.0	40.0	166.91
83	-67.0	-11.0	124.0	-69.0	-128.0	-115.0	79.0	-86.0	166.06
84	40.0	25.0	2.0	26.0	58.0	-65.0	93.0	-106.0	168.14
85	127.0	12.0	-1.0	87.0	-75.0	-84.0	11.0	117.0	165.9
86	8.0	-6.0	69.0	-8.0	115.0	127.0	74.0	-44.0	164.36
87	-12.0	1.0	-26.0	-65.0	-101.0	18.0	-128.0	-47.0	162.81
