0	36.0	6.0	-17.0	-4.0	-11.0	95.0	60.0	-128.0	126.0
1	23.0	-25.0	18.0	-6.0	89.0	67.0	127.0	-95.0	138.09
2	0.0	-2.0	14.0	4.0	32.0	69.0	-15.0	-96.0	126.0
3	-2.0	54.0	-25.0	-56.0	34.0	-72.0	-11.0	80.0	110.92
4	25.0	-17.0	25.0	77.0	42.0	122.0	24.0	-12.0	122.89
5	5.0	39.0	0.0	62.0	90.0	99.0	127.0	32.0	111.83
6	28.0	-21.0	-10.0	4.0	106.0	93.0	49.0	127.0	111.83
7	53.0	87.0	15.0	-30.0	127.0	63.0	-8.0	-64.0	110.91
8	-36.0	21.0	-44.0	-7.0	-6.0	125.0	-15.0	-112.0	110.08
9	-27.0	8.0	12.0	-17.0	-44.0	6.0	14.0	-45.0	113.23
10	41.0	11.0	4.0	-20.0	-74.0	127.0	-54.0	41.0	114.09
11	-81.0	43.0	36.0	-14.0	-116.0	127.0	-128.0	-68.0	110.63
12	-11.0	24.0	-3.0	-66.0	-35.0	127.0	-48.0	-91.0	113.23
13	9.0	-11.0	-11.0	-22.0	85.0	-109.0	-66.0	120.0	122.89
14	-49.0	3.0	-11.0	-16.0	-87.0	-128.0	127.0	127.0	110.91
15	-44.0	44.0	1.0	27.0	18.0	127.0	-54.0	118.0	110.24
16	-57.0	-1.0	-9.0	-52.0	23.0	-62.0	-128.0	34.0	110.64
17	12.0	11.0	-9.0	54.0	-103.0	-104.0	-123.0	-67.0	110.08
18	5.0	-13.0	-8.0	62.0	-59.0	18.0	102.0	104.0	111.3
19	-81.0	37.0	27.0	-40.0	127.0	-18.0	66.0	-107.0	121.2
20	40.0	-5.0	-1.0	19.0	-8.0	-122.0	70.0	-33.0	133.35
21	-8.0	-11.0	59.0	-8.0	-15.0	-107.0	57.0	-54.0	140.12
22	38.0	-28.0	27.0	78.0	110.0	-14.0	-9.0	-29.0	139.44
23	-14.0	-14.0	10.0	127.0	127.0	-51.0	31.0	-95.0	127.1
24	23.0	-6.0	29.0	35.0	80.0	-95.0	-123.0	-61.0	134.97
25	12.0	12.0	36.0	-9.0	-51.0	13.0	-2.0	127.0	139.58
26	38.0	17.0	59.0	-84.0	-54.0	86.0	-54.0	65.0	141.89
27	16.0	10.0	30.0	101.0	-128.0	-128.0	67.0	-128.0	140.12
28	-38.0	54.0	-8.0	-24.0	-29.0	-31.0	127.0	-128.0	144.19
29	-25.0	-15.0	3.0	-2.0	28.0	-55.0	-113.0	65.0	144.66
30	127.0	-6.0	21.0	46.0	64.0	34.0	13.0	100.0	150.11
31	-3.0	-14.0	0.0	5.0	-31.0	63.0	-34.0	127.0	147.77
32	-4.0	-16.0	10.0	19.0	-107.0	41.0	1.0	-39.0	144.66
33	-11.0	-4.0	-14.0	-2.0	31.0	78.0	-79.0	74.0	149.51
34	84.0	-15.0	29.0	-29.0	-3.0	123.0	-86.0	39.0	150.11
35	-12.0	44.0	5.0	-20.0	-57.0	2.0	-42.0	-64.0	152.52
36	-1.0	-30.0	45.0	-52.0	-10.0	17.0	117.0	61.0	157.91
37	22.0	6.0	19.0	-123.0	77.0	35.0	127.0	118.0	167.3
38	31.0	12.0	34.0	26.0	127.0	-101.0	39.0	-7.0	166.14
39	45.0	-2.0	-5.0	78.0	36.0	44.0	26.0	-63.0	163.99
40	10.0	3.0	-11.0	20.0	66.0	113.0	-103.0	42.0	163.23
41	-36.0	-2.0	-1.0	115.0	-62.0	-90.0	70.0	-12.0	163.9
42	15.0	7.0	-7.0	85.0	-9.0	39.0	55.0	-45.0	157.37
43	16.0	-37.0	34.0	6.0	-128.0	19.0	28.0	2.0	161.28
44	-18.0	14.0	-37.0	-12.0	-116.0	-78.0	44.0	-43.0	156.07
45	-21.0	37.0	-5.0	18.0	28.0	-107.0	96.0	-17.0	165.34
46	127.0	-50.0	27.0	30.0	31.0	60.0	-105.0	-85.0	163.23
47	17.0	-4.0	11.0	6.0	-54.0	95.0	-25.0	-74.0	161.44
48	5.0	-14.0	-48.0	-44.0	-12.0	127.0	10.0	52.0	160.3
49	0.0	32.0	15.0	-1.0	119.0	-128.0	-102.0	99.0	163.63
50	-10.0	46.0	13.0	-107.0	-128.0	-128.0	47.0	-64.0	164.76
51	-32.0	13.0	-22.0	9.0	2.0	2.0	-24.0	-128.0	164.76
52	-44.0	95.0	-4.0	19.0	-36.0	92.0	24.0	96.0	167.3
53	28.0	33.0	-7.0	85.0	23.0	12.0	125.0	32.0	164.7
54	41.0	-54.0	9.0	36.0	-23.0	-90.0	127.0	71.0	167.4
55	-18.0	87.0	-39.0	5.0	22.0	18.0	127.0	-13.0	168.73
56	6.0	13.0	-37.0	91.0	53.0	125.0	-24.0	89.0	168.82
57	127.0	8.0	26.0	127.0	36.0	67.0	127.0	3.0	167.99
58	53.0	33.0	-3.0	23.0	-44.0	37.0	-52.0	42.0	168.73
59	-16.0	12.0	-10.0	22.0	78.0	-23.0	39.0	-107.0	168.72
60	41.0	-8.0	-17.0	1.0	59.0	30.0	-128.0	-128.0	167.75
61	-118.0	53.0	127.0	-27.0	-28.0	-55.0	22.0	58.0	168.62
62	-44.0	25.0	14.0	-56.0	-20.0	93.0	42.0	-36.0	167.75
63	-63.0	104.0	14.0	-99.0	-26.0	127.0	21.0	98.0	168.72
64	23.0	35.0	124.0	-7.0	79.0	48.0	35.0	25.0	167.4
65	40.0	-1.0	-9.0	-20.0	112.0	127.0	49.0	-22.0	167.4
66	65.0	27.0	26.0	-40.0	-128.0	57.0	110.0	-52.0	164.7
67	-58.0	127.0	-7.0	-123.0	42.0	-106.0	-23.0	6.0	166.21
68	-118.0	11.0	-3.0	-30.0	43.0	22.0	43.0	-98.0	161.44
69	16.0	4.0	10.0	-49.0	127.0	27.0	-23.0	29.0	155.18
70	-26.0	37.0	19.0	-19.0	21.0	-128.0	-48.0	0.0	160.3
71	80.0	2.0	-19.0	22.0	54.0	-34.0	-128.0	41.0	152.54
72	16.0	21.0	127.0	101.0	-71.0	-127.0	105.0	50.0	156.07
73	27.0	-31.0	-7.0	101.0	-71.0	127.0	117.0	54.0	152.54
74	38.0	-64.0	-10.0	101.0	43.0	-72.0	44.0	-35.0	157.37
75	40.0	-1.0	-6.0	-6.0	7.0	102.0	39.0	-49.0	146.54
76	5.0	-9.0	9.0	50.0	-95.0	22.0	64.0	95.0	141.89
77	83.0	1.0	8.0	-107.0	8.0	127.0	48.0	-112.0	144.19
78	-47.0	27.0	-19.0	0.0	-4.0	-104.0	-23.0	41.0	141.39
79	-112.0	109.0	-36.0	8.0	-28.0	45.0	-37.0	-57.0	144.13
80	38.0	-64.0	126.0	-19.0	32.0	67.0	67.0	41.0	144.13
81	104.0	-35.0	-24.0	-18.0	-81.0	11.0	101.0	-34.0	138.78
82	127.0	-7.0	5.0	77.0	18.0	12.0	31.0	63.0	134.97
83	38.0	26.0	-14.0	-20.0	127.0	124.0	117.0	80.0	123.03
84	59.0	-71.0	36.0	-28.0	127.0	-17.0	122.0	42.0	138.78
85	83.0	51.0	7.0	12.0	-62.0	-114.0	-20.0	76.0	127.1
86	17.0	-15.0	-14.0	9.0	9.0	-1.0	-91.0	-128.0	124.34
