0	-35.0	-73.0	-28.0	70.0	10.0	-126.0	-124.0	-27.0	169.7
1	17.0	3.0	-24.0	57.0	90.0	88.0	71.0	-37.0	170.56
2	29.0	121.0	42.0	1.0	35.0	-71.0	37.0	77.0	169.7
3	37.0	25.0	-18.0	-55.0	-128.0	99.0	67.0	-2.0	168.92
4	-97.0	-5.0	-68.0	-34.0	64.0	1.0	13.0	0.0	169.77
5	-65.0	33.0	10.0	9.0	-21.0	-26.0	80.0	-94.0	169.04
6	54.0	-4.0	-3.0	50.0	67.0	81.0	-20.0	127.0	164.48
7	3.0	-103.0	-12.0	-9.0	109.0	62.0	-88.0	-2.0	155.19
8	-9.0	3.0	61.0	14.0	38.0	-32.0	-116.0	-11.0	154.87
9	16.0	11.0	36.0	103.0	-69.0	85.0	-12.0	-10.0	161.91
10	-17.0	34.0	3.0	32.0	38.0	-76.0	-81.0	-40.0	151.44
11	20.0	-41.0	-59.0	-17.0	41.0	35.0	-99.0	-96.0	141.69
12	-45.0	-11.0	-54.0	-114.0	-78.0	-73.0	67.0	-60.0	151.08
13	1.0	-2.0	3.0	31.0	47.0	-44.0	53.0	-128.0	151.08
14	30.0	13.0	-15.0	-27.0	57.0	-33.0	-52.0	-54.0	136.4
15	-74.0	2.0	12.0	-34.0	127.0	-19.0	-56.0	16.0	135.82
16	-33.0	-36.0	-52.0	20.0	-50.0	58.0	33.0	-6.0	135.82
17	67.0	3.0	30.0	-22.0	-5.0	-33.0	-89.0	104.0	125.36
18	-41.0	6.0	6.0	-79.0	105.0	127.0	88.0	5.0	130.32
19	-7.0	-8.0	8.0	3.0	-38.0	-87.0	42.0	69.0	124.82
20	-82.0	80.0	31.0	4.0	2.0	-82.0	45.0	46.0	129.11
21	32.0	28.0	-20.0	18.0	-12.0	65.0	-15.0	-95.0	128.25
22	25.0	-106.0	49.0	5.0	8.0	-65.0	-37.0	-48.0	118.81
23	80.0	-11.0	-18.0	-4.0	127.0	52.0	-107.0	-99.0	113.59
24	-25.0	-8.0	3.0	-2.0	88.0	115.0	-15.0	-94.0	115.51
25	-1.0	12.0	37.0	57.0	-15.0	-117.0	-55.0	23.0	109.45
26	-45.0	-26.0	-9.0	63.0	40.0	24.0	-75.0	40.0	109.45
27	3.0	12.0	8.0	-24.0	-70.0	82.0	-35.0	-34.0	98.97
28	66.0	2.0	-11.0	-49.0	-85.0	-19.0	61.0	14.0	101.14
29	13.0	8.0	-38.0	-20.0	-93.0	39.0	1.0	-15.0	93.46
30	-52.0	10.0	6.0	-6.0	10.0	127.0	-22.0	-4.0	98.97
31	44.0	17.0	17.0	-35.0	-26.0	-128.0	-56.0	8.0	92.18
32	-47.0	-15.0	-35.0	-36.0	124.0	-92.0	67.0	-31.0	91.04
33	12.0	-4.0	-27.0	92.0	-76.0	-47.0	-67.0	-40.0	89.08
34	58.0	-25.0	38.0	58.0	76.0	-31.0	48.0	-55.0	88.47
35	89.0	13.0	42.0	-2.0	87.0	106.0	63.0	42.0	88.11
36	-49.0	11.0	-22.0	-80.0	21.0	-21.0	-13.0	47.0	88.47
37	-31.0	-107.0	-28.0	-57.0	127.0	83.0	-58.0	-15.0	87.98
38	36.0	93.0	-22.0	-16.0	11.0	-67.0	-61.0	-52.0	90.78
39	-7.0	-128.0	-6.0	19.0	-104.0	110.0	-82.0	96.0	91.04
40	22.0	-14.0	-36.0	29.0	21.0	2.0	-112.0	-19.0	97.25
41	-33.0	-50.0	91.0	28.0	106.0	-65.0	55.0	-10.0	101.73
42	-55.0	-1.0	21.0	-18.0	71.0	-1.0	56.0	64.0	106.18
43	-95.0	50.0	-10.0	8.0	26.0	69.0	127.0	-1.0	106.28
44	33.0	92.0	49.0	14.0	52.0	38.0	-14.0	-37.0	101.14
45	-53.0	41.0	11.0	-50.0	-97.0	127.0	94.0	42.0	109.85
46	127.0	-3.0	57.0	-14.0	-88.0	-71.0	-118.0	-8.0	109.85
47	-16.0	-13.0	-75.0	35.0	-62.0	-20.0	-6.0	-58.0	116.31
48	-4.0	-98.0	-101.0	-24.0	-107.0	-77.0	48.0	84.0	124.82
49	-29.0	-18.0	-26.0	-2.0	5.0	34.0	-72.0	106.0	120.95
50	81.0	5.0	2.0	-38.0	-102.0	85.0	-42.0	-69.0	125.36
51	-128.0	2.0	1.0	-28.0	127.0	65.0	6.0	-127.0	133.7
52	-25.0	-22.0	63.0	13.0	-79.0	-82.0	-55.0	15.0	138.28
53	42.0	5.0	-17.0	-55.0	-23.0	-19.0	80.0	77.0	147.82
54	-66.0	-97.0	-36.0	-8.0	57.0	127.0	77.0	-9.0	136.6
55	-21.0	59.0	-1.0	90.0	-3.0	127.0	35.0	34.0	136.6
56	28.0	-24.0	17.0	28.0	109.0	113.0	-36.0	40.0	142.7
57	-95.0	39.0	-109.0	-22.0	-89.0	-107.0	71.0	-2.0	148.51
58	121.0	29.0	1.0	31.0	9.0	-33.0	68.0	-67.0	151.44
59	24.0	-11.0	37.0	-45.0	68.0	34.0	-114.0	20.0	142.7
60	-22.0	-112.0	-36.0	39.0	-53.0	30.0	-41.0	-72.0	152.51
61	5.0	12.0	27.0	10.0	-47.0	-30.0	-4.0	113.0	153.45
62	-39.0	-62.0	15.0	-35.0	100.0	-47.0	50.0	-52.0	155.19
63	15.0	17.0	6.0	5.0	-67.0	127.0	45.0	8.0	159.26
64	16.0	16.0	5.0	-22.0	-71.0	127.0	25.0	-46.0	157.88
65	54.0	-10.0	18.0	-25.0	-37.0	-72.0	-42.0	127.0	161.27
66	-16.0	-125.0	-34.0	19.0	-8.0	-46.0	32.0	-11.0	163.31
67	-17.0	-20.0	0.0	41.0	125.0	-48.0	92.0	-125.0	161.91
68	-8.0	-39.0	0.0	-34.0	-96.0	-106.0	32.0	48.0	163.31
69	-6.0	8.0	-60.0	-10.0	78.0	123.0	-100.0	36.0	168.92
70	-69.0	10.0	-23.0	119.0	83.0	106.0	15.0	32.0	171.17
71	0.0	-100.0	27.0	6.0	127.0	-128.0	22.0	-56.0	172.36
72	-31.0	0.0	80.0	2.0	-95.0	49.0	-98.0	-7.0	172.24
73	-1.0	-84.0	-19.0	-34.0	-104.0	127.0	59.0	-28.0	173.05
74	-26.0	39.0	69.0	-15.0	109.0	51.0	2.0	2.0	172.82
75	54.0	49.0	-28.0	-13.0	-69.0	72.0	-46.0	-20.0	173.05
76	-46.0	-39.0	-7.0	42.0	-58.0	16.0	19.0	84.0	172.36
77	53.0	34.0	76.0	106.0	4.0	-117.0	-31.0	70.0	172.75
78	111.0	-8.0	65.0	-73.0	-25.0	20.0	101.0	-6.0	172.35
79	-67.0	-67.0	-11.0	-11.0	-18.0	-128.0	50.0	-99.0	171.86
80	-48.0	-2.0	-31.0	37.0	127.0	62.0	-16.0	87.0	170.56
81	-76.0	17.0	2.0	-75.0	-56.0	-20.0	13.0	86.0	172.35
