0	7.0	2.0	-56.0	-32.0	26.0	116.0	52.0	37.0	124.66
1	41.0	18.0	25.0	-93.0	-59.0	-96.0	25.0	-40.0	129.88
2	-22.0	-13.0	13.0	-91.0	1.0	-89.0	3.0	-38.0	135.75
3	-14.0	-9.0	36.0	8.0	-5.0	49.0	22.0	-112.0	144.63
4	-20.0	36.0	3.0	71.0	-18.0	80.0	67.0	30.0	145.2
5	-24.0	-40.0	-5.0	-37.0	-35.0	-116.0	-19.0	-128.0	145.45
6	18.0	6.0	8.0	0.0	-2.0	99.0	-58.0	-103.0	154.0
7	11.0	-30.0	-62.0	-89.0	-46.0	127.0	30.0	-16.0	153.04
8	37.0	5.0	9.0	-50.0	11.0	81.0	-1.0	-70.0	154.0
9	-48.0	9.0	39.0	64.0	87.0	47.0	32.0	0.0	148.24
10	-43.0	-11.0	5.0	-70.0	79.0	92.0	-52.0	2.0	148.24
11	32.0	11.0	35.0	-34.0	104.0	91.0	-50.0	-28.0	136.25
12	2.0	-7.0	59.0	-2.0	29.0	8.0	-43.0	72.0	130.2
13	58.0	-14.0	14.0	21.0	112.0	-118.0	98.0	12.0	137.79
14	4.0	-14.0	11.0	-27.0	-4.0	127.0	6.0	16.0	134.54
15	18.0	8.0	23.0	24.0	-79.0	9.0	28.0	-100.0	132.41
16	-42.0	-58.0	-5.0	6.0	28.0	18.0	-19.0	-38.0	131.25
17	5.0	-39.0	-33.0	-13.0	99.0	-86.0	-40.0	-21.0	134.54
18	33.0	-34.0	-14.0	-5.0	-128.0	118.0	3.0	0.0	149.72
19	25.0	-16.0	-12.0	25.0	58.0	-80.0	-96.0	10.0	154.21
20	74.0	17.0	-1.0	45.0	-13.0	127.0	-85.0	-22.0	157.32
21	9.0	-16.0	-38.0	10.0	127.0	123.0	-128.0	-59.0	158.0
22	-30.0	-16.0	20.0	14.0	127.0	5.0	-30.0	-41.0	161.75
23	10.0	5.0	31.0	12.0	51.0	119.0	-3.0	63.0	165.01
24	-89.0	6.0	22.0	95.0	127.0	101.0	44.0	-6.0	170.5
25	-14.0	-1.0	-51.0	27.0	-31.0	-56.0	17.0	4.0	172.46
26	-12.0	-20.0	15.0	-27.0	61.0	-83.0	69.0	-41.0	174.08
27	-24.0	5.0	2.0	12.0	-34.0	-36.0	9.0	-109.0	174.74
28	-13.0	9.0	-57.0	-5.0	36.0	-50.0	-11.0	-32.0	174.83
29	14.0	15.0	-14.0	-11.0	-77.0	-80.0	-94.0	-41.0	174.83
30	6.0	2.0	-68.0	-71.0	89.0	97.0	-13.0	-43.0	172.46
31	96.0	17.0	2.0	44.0	-36.0	-61.0	68.0	5.0	173.33
32	67.0	7.0	-57.0	19.0	21.0	69.0	-78.0	38.0	174.88
33	12.0	-5.0	60.0	-22.0	47.0	56.0	86.0	53.0	175.4
34	4.0	-17.0	-38.0	-73.0	26.0	62.0	67.0	-2.0	176.0
35	127.0	-4.0	-48.0	21.0	38.0	-47.0	36.0	19.0	176.0
36	1.0	-9.0	-4.0	26.0	127.0	60.0	27.0	-1.0	175.4
37	-40.0	12.0	-12.0	-4.0	29.0	12.0	22.0	63.0	174.43
38	-49.0	-15.0	-3.0	19.0	-33.0	-32.0	-17.0	2.0	172.99
39	17.0	11.0	-11.0	27.0	46.0	55.0	1.0	-44.0	171.61
40	-61.0	44.0	11.0	16.0	76.0	-18.0	98.0	-47.0	171.61
41	11.0	-18.0	-56.0	22.0	-26.0	21.0	-93.0	-40.0	168.93
42	-19.0	-3.0	9.0	11.0	-57.0	55.0	26.0	83.0	167.33
43	90.0	11.0	-14.0	-16.0	25.0	20.0	-22.0	-10.0	162.99
44	29.0	9.0	-22.0	-16.0	43.0	13.0	-42.0	67.0	167.33
45	-15.0	0.0	-18.0	-87.0	85.0	-38.0	115.0	-49.0	165.62
46	-13.0	3.0	-4.0	19.0	39.0	-62.0	-42.0	-53.0	161.75
47	-29.0	0.0	21.0	-71.0	21.0	85.0	33.0	53.0	161.41
48	-12.0	-25.0	-1.0	22.0	-23.0	-128.0	-39.0	-2.0	162.99
49	-84.0	14.0	-26.0	-25.0	41.0	127.0	-62.0	56.0	159.09
50	35.0	5.0	-86.0	-20.0	18.0	74.0	-68.0	-44.0	157.32
51	-31.0	-8.0	-5.0	9.0	85.0	-128.0	11.0	-40.0	154.21
52	5.0	7.0	60.0	-38.0	28.0	49.0	-3.0	-38.0	137.79
53	-76.0	-6.0	-17.0	11.0	-21.0	-35.0	17.0	78.0	145.2
54	3.0	-10.0	-11.0	-2.0	-34.0	92.0	-77.0	23.0	144.63
55	-21.0	-21.0	14.0	88.0	61.0	96.0	-32.0	32.0	141.52
56	-26.0	-35.0	-15.0	-25.0	-107.0	11.0	-68.0	-79.0	133.86
57	74.0	2.0	26.0	26.0	70.0	60.0	18.0	-109.0	128.46
58	-4.0	5.0	53.0	13.0	35.0	40.0	112.0	-5.0	130.2
59	28.0	-14.0	2.0	3.0	37.0	-85.0	57.0	-55.0	127.92
60	13.0	-1.0	62.0	-15.0	-55.0	39.0	19.0	53.0	127.92
61	66.0	13.0	-66.0	-12.0	50.0	35.0	56.0	-37.0	131.25
62	-12.0	4.0	-8.0	-128.0	-18.0	60.0	-14.0	-9.0	127.38
63	-35.0	23.0	28.0	-3.0	-75.0	104.0	14.0	60.0	112.93
64	16.0	9.0	-6.0	107.0	-33.0	127.0	-43.0	-49.0	122.14
65	-104.0	-4.0	-32.0	-1.0	41.0	68.0	-42.0	72.0	118.07
66	74.0	-9.0	-86.0	4.0	10.0	118.0	-87.0	2.0	106.99
67	-12.0	-30.0	9.0	14.0	86.0	-87.0	-30.0	56.0	119.99
68	-34.0	-3.0	-7.0	32.0	10.0	41.0	-37.0	7.0	122.14
69	2.0	-38.0	-65.0	-75.0	47.0	-128.0	39.0	25.0	112.93
70	8.0	15.0	-97.0	127.0	-61.0	72.0	31.0	10.0	104.05
71	-7.0	42.0	2.0	-57.0	-21.0	115.0	22.0	37.0	106.73
72	-49.0	-23.0	62.0	16.0	76.0	125.0	57.0	-38.0	102.03
73	-25.0	-1.0	24.0	-19.0	-85.0	-106.0	22.0	89.0	103.26
74	9.0	-5.0	-30.0	25.0	-127.0	-106.0	107.0	48.0	102.18
75	-16.0	23.0	9.0	24.0	36.0	-74.0	57.0	-35.0	101.71
76	-8.0	-22.0	4.0	-31.0	-58.0	-66.0	-60.0	7.0	101.93
77	90.0	5.0	-19.0	7.0	-7.0	15.0	-43.0	-16.0	101.71
78	31.0	-9.0	-50.0	34.0	-14.0	127.0	-115.0	-128.0	110.07
79	23.0	-28.0	-15.0	-24.0	-17.0	-62.0	-25.0	-63.0	119.99
80	2.0	-11.0	-73.0	-31.0	20.0	127.0	11.0	-30.0	105.23
81	-7.0	42.0	-58.0	-27.0	68.0	-17.0	14.0	20.0	110.07
82	-22.0	42.0	19.0	-3.0	75.0	42.0	8.0	19.0	115.89
83	-40.0	-33.0	-30.0	-91.0	104.0	127.0	127.0	-91.0	102.18
84	-11.0	-10.0	7.0	-63.0	36.0	79.0	0.0	-49.0	105.23
85	-22.0	-10.0	60.0	-2.0	70.0	-38.0	-77.0	97.0	104.05
86	7.0	2.0	-33.0	26.0	5.0	-27.0	14.0	-41.0	113.97
