0	-11.0	40.0	28.0	-18.0	-128.0	69.0	14.0	-27.0	171.4
1	-38.0	5.0	0.0	5.0	13.0	106.0	15.0	-13.0	173.56
2	-22.0	40.0	-22.0	10.0	99.0	-105.0	5.0	-59.0	176.4
3	16.0	10.0	65.0	-110.0	-30.0	84.0	76.0	41.0	172.63
4	72.0	-36.0	-61.0	53.0	-73.0	5.0	-23.0	41.0	172.24
5	20.0	15.0	-75.0	-39.0	63.0	-51.0	21.0	-70.0	173.19
6	-123.0	80.0	4.0	-7.0	-50.0	84.0	-6.0	-82.0	176.4
7	31.0	-15.0	75.0	86.0	-57.0	50.0	35.0	35.0	176.78
8	-13.0	16.0	4.0	-78.0	-128.0	79.0	-69.0	-26.0	175.16
9	8.0	4.0	23.0	-35.0	-47.0	101.0	-106.0	59.0	176.78
10	9.0	-27.0	-112.0	-63.0	45.0	3.0	16.0	-55.0	173.19
11	-21.0	2.0	18.0	-24.0	50.0	79.0	-34.0	53.0	175.97
12	-111.0	2.0	-75.0	9.0	-34.0	-104.0	-15.0	-65.0	176.64
13	25.0	7.0	29.0	-20.0	-15.0	20.0	42.0	-53.0	176.93
14	6.0	58.0	-13.0	-11.0	-75.0	41.0	20.0	37.0	174.17
15	-35.0	10.0	-45.0	-106.0	36.0	91.0	3.0	28.0	176.7
16	-3.0	4.0	10.0	-39.0	3.0	-25.0	-66.0	-87.0	174.17
17	-11.0	-7.0	-48.0	19.0	38.0	-89.0	-107.0	52.0	171.29
18	28.0	-1.0	13.0	32.0	-30.0	-77.0	-22.0	33.0	171.29
19	4.0	-65.0	2.0	127.0	-85.0	82.0	107.0	18.0	168.63
20	9.0	-96.0	-3.0	-31.0	5.0	-43.0	3.0	-12.0	171.4
21	-49.0	2.0	2.0	33.0	12.0	-118.0	-128.0	-41.0	163.73
22	19.0	7.0	-40.0	-30.0	59.0	-66.0	61.0	-6.0	164.75
23	-85.0	24.0	-2.0	-3.0	110.0	36.0	-45.0	127.0	160.47
24	54.0	-10.0	-1.0	-25.0	-46.0	-25.0	-73.0	5.0	163.73
25	0.0	-17.0	-82.0	25.0	-69.0	29.0	10.0	39.0	159.82
26	-83.0	-6.0	-75.0	-78.0	-30.0	39.0	108.0	15.0	156.28
27	20.0	-5.0	60.0	30.0	-5.0	-58.0	-22.0	86.0	152.12
28	-104.0	2.0	65.0	53.0	15.0	70.0	-92.0	-34.0	154.01
29	-19.0	11.0	62.0	-42.0	-18.0	-39.0	5.0	33.0	154.01
30	74.0	-7.0	-72.0	-23.0	56.0	-11.0	-56.0	124.0	142.1
31	53.0	-16.0	43.0	-98.0	-19.0	-101.0	65.0	-9.0	130.82
32	-32.0	-18.0	-65.0	25.0	-45.0	45.0	42.0	63.0	145.83
33	28.0	19.0	-17.0	23.0	-93.0	87.0	14.0	9.0	144.16
34	10.0	11.0	-21.0	-128.0	73.0	-45.0	76.0	20.0	143.6
35	-2.0	-58.0	4.0	-37.0	-37.0	93.0	24.0	1.0	130.82
36	20.0	-10.0	-43.0	-85.0	-7.0	127.0	51.0	-75.0	130.31
37	-18.0	-85.0	0.0	-13.0	55.0	-83.0	75.0	42.0	116.72
38	40.0	-5.0	0.0	94.0	-45.0	127.0	-128.0	5.0	126.08
39	74.0	-21.0	-66.0	18.0	-2.0	20.0	-72.0	-105.0	137.26
40	-2.0	19.0	-36.0	-18.0	-2.0	2.0	-4.0	-24.0	127.31
41	-23.0	5.0	-5.0	3.0	-39.0	39.0	7.0	40.0	132.02
42	-6.0	19.0	-21.0	-51.0	11.0	75.0	-14.0	-110.0	139.79
43	-3.0	122.0	51.0	35.0	22.0	36.0	7.0	68.0	144.57
44	-70.0	23.0	28.0	-101.0	103.0	127.0	3.0	9.0	122.61
45	-8.0	-16.0	4.0	7.0	57.0	-25.0	15.0	24.0	138.66
46	-61.0	13.0	17.0	-23.0	-50.0	-123.0	68.0	96.0	147.59
47	-71.0	-16.0	-29.0	44.0	-19.0	-67.0	-41.0	-55.0	149.38
48	-36.0	17.0	28.0	81.0	24.0	94.0	-99.0	-126.0	150.28
49	49.0	-16.0	-14.0	-40.0	38.0	127.0	10.0	32.0	149.07
50	-21.0	25.0	-21.0	-94.0	104.0	-20.0	30.0	-9.0	143.21
51	85.0	3.0	-3.0	-22.0	117.0	-72.0	64.0	43.0	153.41
52	21.0	-46.0	-21.0	-124.0	-61.0	20.0	-10.0	-22.0	143.21
53	-98.0	-4.0	-40.0	-18.0	-24.0	17.0	58.0	79.0	140.78
54	-3.0	20.0	-19.0	2.0	-30.0	5.0	15.0	75.0	128.68
55	5.0	-15.0	61.0	58.0	23.0	74.0	-15.0	-7.0	115.7
56	-75.0	-16.0	-34.0	-19.0	15.0	28.0	41.0	-20.0	113.33
57	15.0	-96.0	-2.0	-30.0	-108.0	-39.0	34.0	-84.0	114.16
58	24.0	-30.0	2.0	-26.0	-10.0	-120.0	121.0	-21.0	114.16
59	17.0	-11.0	18.0	-86.0	-51.0	32.0	-46.0	40.0	114.9
60	95.0	9.0	5.0	95.0	33.0	127.0	-3.0	-27.0	115.7
61	-1.0	5.0	-18.0	44.0	86.0	100.0	30.0	42.0	124.26
62	2.0	-3.0	8.0	-39.0	-15.0	36.0	103.0	-26.0	130.31
63	119.0	-16.0	37.0	92.0	-54.0	-128.0	-27.0	39.0	140.69
64	-128.0	24.0	-3.0	-10.0	57.0	52.0	-26.0	5.0	134.59
65	-70.0	4.0	88.0	3.0	73.0	79.0	-44.0	-66.0	128.68
66	74.0	-20.0	-60.0	-23.0	-31.0	122.0	-5.0	-36.0	122.61
67	-2.0	-18.0	8.0	-26.0	-61.0	-73.0	120.0	-3.0	126.08
68	-128.0	-57.0	-25.0	-65.0	-44.0	-32.0	-111.0	-62.0	145.71
69	7.0	5.0	30.0	-55.0	-47.0	28.0	2.0	53.0	138.66
70	-9.0	40.0	-4.0	-66.0	99.0	7.0	-37.0	-22.0	134.59
71	81.0	-1.0	-25.0	-58.0	127.0	127.0	29.0	-29.0	146.95
72	45.0	4.0	-14.0	-26.0	17.0	-43.0	29.0	45.0	129.62
73	-35.0	7.0	-85.0	-25.0	104.0	-54.0	-68.0	14.0	133.19
74	11.0	30.0	-30.0	-19.0	117.0	91.0	-74.0	35.0	150.28
75	-38.0	17.0	-4.0	119.0	0.0	-32.0	25.0	-62.0	140.78
76	31.0	-57.0	4.0	-33.0	54.0	87.0	5.0	10.0	156.28
77	15.0	-43.0	78.0	72.0	-17.0	45.0	10.0	29.0	146.95
78	11.0	15.0	-23.0	-18.0	-40.0	4.0	10.0	-34.0	135.86
79	53.0	-6.0	0.0	-23.0	-57.0	3.0	-32.0	3.0	145.71
80	18.0	1.0	-1.0	-26.0	127.0	-66.0	21.0	-72.0	156.82
81	0.0	-1.0	-4.0	58.0	118.0	56.0	11.0	53.0	162.62
82	8.0	-9.0	16.0	-85.0	0.0	39.0	-32.0	-20.0	162.62
83	38.0	-15.0	4.0	57.0	-11.0	-49.0	-13.0	-69.0	165.89
