0	-111.0	-1.0	-64.0	81.0	89.0	13.0	-57.0	32.0	112.62
1	61.0	0.0	11.0	-29.0	5.0	-117.0	-44.0	102.0	98.22
2	27.0	-25.0	-18.0	2.0	-5.0	-10.0	127.0	13.0	101.05
3	8.0	-40.0	-20.0	-2.0	127.0	14.0	0.0	-10.0	100.27
4	36.0	-6.0	-41.0	24.0	-33.0	25.0	-96.0	22.0	122.1
5	13.0	82.0	-5.0	-1.0	127.0	-14.0	-63.0	127.0	96.92
6	-6.0	14.0	4.0	3.0	1.0	-10.0	127.0	-17.0	120.33
7	18.0	41.0	18.0	55.0	94.0	-128.0	-50.0	0.0	98.22
8	-108.0	-3.0	3.0	-19.0	-35.0	87.0	-50.0	-109.0	99.85
9	-108.0	80.0	82.0	19.0	-16.0	127.0	43.0	-35.0	100.63
10	21.0	82.0	9.0	-59.0	66.0	11.0	69.0	32.0	118.56
11	15.0	7.0	-11.0	-109.0	-39.0	-75.0	-17.0	-20.0	117.53
12	-87.0	6.0	-28.0	-78.0	118.0	61.0	31.0	24.0	112.91
13	-6.0	-54.0	-18.0	9.0	0.0	-7.0	14.0	-53.0	99.62
14	86.0	-14.0	13.0	31.0	5.0	-59.0	20.0	66.0	124.42
15	127.0	-35.0	5.0	24.0	35.0	25.0	6.0	30.0	127.74
16	2.0	-97.0	-9.0	83.0	5.0	72.0	75.0	105.0	132.64
17	15.0	-14.0	14.0	-3.0	-5.0	-79.0	-55.0	47.0	136.93
18	-11.0	-69.0	14.0	12.0	24.0	6.0	-103.0	-4.0	139.95
19	-35.0	7.0	-20.0	127.0	127.0	-14.0	50.0	30.0	138.09
20	-31.0	18.0	-15.0	-29.0	118.0	25.0	88.0	-15.0	151.07
21	127.0	6.0	-10.0	-2.0	127.0	-65.0	-19.0	-127.0	141.59
22	9.0	-1.0	73.0	-37.0	7.0	-47.0	-88.0	-27.0	148.98
23	34.0	-16.0	7.0	24.0	53.0	93.0	78.0	-109.0	144.21
24	84.0	12.0	-8.0	-32.0	-91.0	-40.0	-72.0	44.0	148.98
25	15.0	27.0	-24.0	127.0	51.0	126.0	54.0	47.0	154.26
26	27.0	-9.0	27.0	-37.0	59.0	-112.0	-114.0	89.0	156.12
27	80.0	0.0	6.0	-37.0	11.0	127.0	0.0	-20.0	150.73
28	16.0	-28.0	9.0	13.0	58.0	127.0	-25.0	-27.0	158.71
29	-7.0	108.0	3.0	118.0	31.0	-93.0	21.0	-17.0	150.73
30	-27.0	14.0	-64.0	40.0	121.0	127.0	-25.0	-103.0	164.11
31	-97.0	5.0	24.0	12.0	89.0	48.0	20.0	32.0	167.06
32	47.0	-1.0	-5.0	-7.0	99.0	3.0	-96.0	-1.0	167.03
33	-39.0	6.0	-12.0	-32.0	109.0	-54.0	-19.0	-15.0	167.03
34	-23.0	-15.0	4.0	-31.0	-40.0	-55.0	69.0	-33.0	166.19
35	26.0	-14.0	-12.0	68.0	127.0	-77.0	64.0	-13.0	166.7
36	-1.0	6.0	22.0	-42.0	-33.0	92.0	67.0	88.0	166.43
37	-4.0	82.0	25.0	-25.0	-10.0	-7.0	9.0	88.0	167.49
38	34.0	101.0	18.0	-9.0	-103.0	-48.0	-11.0	32.0	167.5
39	21.0	30.0	82.0	-4.0	-29.0	122.0	86.0	-35.0	166.6
40	8.0	-3.0	14.0	19.0	-97.0	127.0	-100.0	37.0	167.5
41	127.0	32.0	-24.0	-4.0	-1.0	-13.0	-30.0	24.0	166.39
42	-6.0	37.0	-33.0	28.0	-23.0	-48.0	63.0	93.0	166.19
43	-17.0	21.0	-1.0	2.0	-29.0	-3.0	-58.0	58.0	162.62
44	-46.0	-14.0	-15.0	-6.0	-40.0	109.0	2.0	29.0	164.86
45	-7.0	-97.0	0.0	18.0	-68.0	127.0	-34.0	0.0	162.53
46	-10.0	-62.0	0.0	-3.0	127.0	100.0	65.0	32.0	156.01
47	-6.0	-70.0	-28.0	86.0	71.0	-75.0	-25.0	-110.0	165.21
48	-120.0	-8.0	13.0	1.0	-128.0	116.0	29.0	-32.0	163.66
49	-39.0	127.0	0.0	-25.0	14.0	-128.0	-46.0	-37.0	164.86
50	0.0	33.0	4.0	-12.0	-116.0	127.0	85.0	-43.0	159.01
51	4.0	97.0	21.0	9.0	104.0	120.0	85.0	50.0	160.85
52	127.0	-9.0	14.0	3.0	13.0	127.0	59.0	-10.0	163.79
53	-23.0	-4.0	-16.0	127.0	127.0	87.0	82.0	0.0	165.23
54	27.0	33.0	6.0	-99.0	-101.0	14.0	58.0	29.0	163.89
55	49.0	-4.0	-2.0	-1.0	13.0	80.0	107.0	-28.0	163.89
56	9.0	-62.0	-16.0	71.0	96.0	28.0	-44.0	-27.0	158.71
57	-2.0	-23.0	-26.0	-3.0	-29.0	-16.0	-59.0	77.0	163.66
58	0.0	-14.0	-38.0	127.0	49.0	127.0	-63.0	27.0	159.01
59	74.0	-75.0	-18.0	3.0	127.0	-111.0	-59.0	-1.0	154.26
60	18.0	-21.0	4.0	56.0	-17.0	-65.0	-46.0	88.0	153.07
61	-5.0	-1.0	-49.0	-10.0	66.0	-2.0	32.0	-112.0	151.91
62	-14.0	14.0	-71.0	-4.0	127.0	-13.0	119.0	-40.0	141.34
63	17.0	27.0	14.0	77.0	11.0	-118.0	-32.0	-13.0	146.9
64	57.0	0.0	39.0	3.0	-16.0	60.0	-128.0	-7.0	143.91
65	62.0	-3.0	127.0	102.0	-62.0	-111.0	-52.0	-116.0	126.03
66	47.0	15.0	117.0	-29.0	0.0	89.0	-68.0	127.0	141.59
67	97.0	-39.0	-9.0	40.0	-15.0	56.0	-30.0	-4.0	128.95
68	29.0	6.0	116.0	-11.0	53.0	116.0	122.0	81.0	117.53
69	74.0	0.0	-23.0	46.0	-34.0	13.0	24.0	24.0	100.63
70	-6.0	-3.0	-8.0	10.0	-63.0	75.0	127.0	-50.0	125.88
71	2.0	5.0	-10.0	5.0	-103.0	127.0	-80.0	-11.0	129.03
72	-7.0	-56.0	-2.0	-12.0	94.0	92.0	75.0	58.0	132.64
73	0.0	-19.0	-8.0	-52.0	-1.0	-26.0	86.0	44.0	122.1
74	41.0	15.0	13.0	-29.0	127.0	127.0	10.0	46.0	112.62
75	15.0	12.0	48.0	-7.0	75.0	-54.0	-52.0	-27.0	93.63
76	0.0	42.0	89.0	-11.0	25.0	-32.0	69.0	-77.0	94.26
77	-2.0	18.0	14.0	-10.0	-6.0	-108.0	6.0	-33.0	93.21
78	-87.0	32.0	127.0	-10.0	23.0	80.0	119.0	21.0	99.85
79	-2.0	29.0	25.0	-4.0	-22.0	93.0	-120.0	-118.0	126.03
80	68.0	14.0	-21.0	-23.0	-15.0	127.0	24.0	32.0	93.63
