0	-19.0	2.0	-27.0	-60.0	-33.0	-2.0	-49.0	8.0	161.78
1	127.0	12.0	34.0	-88.0	107.0	75.0	-91.0	87.0	160.19
2	-12.0	-6.0	-4.0	29.0	-29.0	5.0	1.0	111.0	152.9
3	23.0	-28.0	-19.0	26.0	-73.0	74.0	18.0	79.0	152.06
4	-14.0	-48.0	-4.0	-128.0	-73.0	-28.0	49.0	-63.0	155.04
5	-16.0	1.0	3.0	-15.0	-114.0	59.0	111.0	-78.0	157.08
6	22.0	18.0	5.0	-1.0	-27.0	-128.0	24.0	109.0	159.16
7	23.0	-13.0	16.0	-35.0	100.0	-22.0	20.0	-127.0	152.06
8	20.0	3.0	15.0	40.0	70.0	-95.0	-92.0	-8.0	146.22
9	-35.0	15.0	42.0	41.0	-30.0	-122.0	-128.0	119.0	135.41
10	-19.0	-36.0	-7.0	102.0	51.0	19.0	9.0	11.0	135.41
11	15.0	26.0	11.0	22.0	-72.0	45.0	100.0	90.0	140.73
12	-29.0	-11.0	-2.0	4.0	17.0	113.0	-98.0	63.0	144.12
13	8.0	16.0	-8.0	-7.0	-43.0	7.0	30.0	66.0	140.73
14	16.0	3.0	-12.0	-51.0	-71.0	81.0	37.0	-38.0	122.42
15	69.0	-4.0	-12.0	-13.0	9.0	-38.0	90.0	-19.0	122.42
16	-6.0	12.0	-4.0	-13.0	100.0	-107.0	-6.0	41.0	126.06
17	-18.0	-13.0	-11.0	1.0	127.0	59.0	75.0	-85.0	117.94
18	57.0	-19.0	17.0	1.0	-128.0	88.0	-93.0	-3.0	116.7
19	11.0	-13.0	-10.0	79.0	12.0	57.0	75.0	16.0	125.58
20	-31.0	37.0	19.0	-10.0	-30.0	-50.0	11.0	41.0	116.54
21	-34.0	10.0	127.0	-55.0	24.0	-2.0	49.0	6.0	123.24
22	10.0	14.0	-4.0	126.0	-128.0	-19.0	-25.0	-37.0	114.8
23	24.0	-20.0	-12.0	-1.0	23.0	115.0	84.0	-91.0	121.43
24	1.0	-5.0	-28.0	-31.0	79.0	59.0	46.0	-22.0	121.43
25	16.0	3.0	15.0	29.0	-19.0	-31.0	-124.0	1.0	116.7
26	56.0	-24.0	11.0	-5.0	70.0	114.0	21.0	-90.0	123.86
27	11.0	28.0	-3.0	126.0	-49.0	-26.0	0.0	72.0	134.28
28	-81.0	1.0	-6.0	-23.0	27.0	-39.0	-122.0	35.0	141.05
29	-14.0	-11.0	-23.0	58.0	-98.0	1.0	40.0	79.0	140.07
30	-5.0	127.0	-47.0	-40.0	79.0	109.0	30.0	-18.0	148.2
31	-49.0	11.0	-22.0	-1.0	-66.0	40.0	83.0	-117.0	149.33
32	17.0	-1.0	18.0	-8.0	-34.0	96.0	-30.0	-31.0	141.6
33	33.0	-9.0	0.0	75.0	102.0	127.0	113.0	-37.0	139.52
34	-44.0	-35.0	0.0	-22.0	38.0	-89.0	24.0	-91.0	142.29
35	-10.0	1.0	-22.0	-34.0	-27.0	-6.0	-56.0	17.0	134.61
36	-16.0	-6.0	-6.0	-5.0	12.0	54.0	4.0	17.0	126.06
37	-106.0	12.0	3.0	11.0	-31.0	-128.0	39.0	9.0	139.52
38	-75.0	60.0	-27.0	26.0	38.0	-7.0	-24.0	-64.0	139.35
39	15.0	-40.0	-18.0	-13.0	14.0	110.0	-12.0	-27.0	146.22
40	2.0	-19.0	127.0	-30.0	127.0	115.0	29.0	35.0	150.62
41	36.0	-5.0	-13.0	18.0	60.0	-55.0	-93.0	66.0	147.73
42	6.0	-3.0	-15.0	5.0	-39.0	47.0	127.0	111.0	134.28
43	24.0	9.0	-12.0	-11.0	-92.0	-78.0	-109.0	15.0	148.8
44	-30.0	8.0	9.0	58.0	-96.0	104.0	79.0	65.0	139.25
45	16.0	-31.0	45.0	-46.0	-2.0	21.0	-17.0	29.0	144.12
46	0.0	-8.0	-22.0	5.0	-4.0	-38.0	-6.0	68.0	148.73
47	-1.0	-16.0	-18.0	-31.0	103.0	8.0	25.0	71.0	148.8
48	32.0	-39.0	0.0	-2.0	42.0	32.0	15.0	77.0	152.03
49	-19.0	15.0	2.0	-118.0	126.0	40.0	-52.0	-84.0	152.03
50	-19.0	-5.0	-3.0	24.0	-128.0	-31.0	127.0	-18.0	161.37
51	23.0	-38.0	-3.0	1.0	127.0	-116.0	48.0	65.0	161.78
52	65.0	21.0	39.0	10.0	0.0	81.0	70.0	41.0	164.4
53	-55.0	4.0	-12.0	5.0	-88.0	83.0	30.0	16.0	163.51
54	57.0	-4.0	6.0	10.0	7.0	-128.0	-1.0	35.0	161.14
55	-9.0	-2.0	-2.0	-37.0	7.0	116.0	79.0	0.0	163.12
56	26.0	7.0	15.0	-27.0	10.0	-34.0	40.0	-117.0	164.1
57	35.0	19.0	-40.0	3.0	-10.0	102.0	-33.0	-64.0	165.49
58	-3.0	1.0	-17.0	127.0	96.0	41.0	100.0	94.0	164.82
59	27.0	-4.0	18.0	48.0	-49.0	73.0	36.0	120.0	165.49
60	-17.0	11.0	-18.0	-34.0	10.0	-10.0	-91.0	113.0	164.91
61	-23.0	-9.0	-12.0	-6.0	127.0	7.0	123.0	-18.0	165.52
62	122.0	-25.0	-14.0	-23.0	96.0	-7.0	18.0	-30.0	167.05
63	-128.0	-2.0	-3.0	-30.0	0.0	88.0	98.0	-28.0	166.15
64	-62.0	-5.0	-8.0	12.0	-10.0	0.0	-42.0	-118.0	166.15
65	98.0	-32.0	-6.0	-6.0	16.0	78.0	127.0	-13.0	167.54
66	26.0	-18.0	26.0	10.0	10.0	93.0	-53.0	97.0	167.6
67	7.0	-12.0	-10.0	10.0	42.0	-19.0	-69.0	5.0	168.02
68	60.0	-13.0	3.0	2.0	-34.0	96.0	-12.0	29.0	167.62
69	22.0	7.0	34.0	-39.0	10.0	5.0	-1.0	9.0	168.02
70	18.0	16.0	39.0	0.0	-78.0	98.0	122.0	-9.0	167.54
71	48.0	-7.0	-34.0	-9.0	77.0	32.0	99.0	-37.0	166.88
72	-23.0	-7.0	-13.0	22.0	-10.0	-95.0	24.0	32.0	167.05
73	47.0	-6.0	-6.0	102.0	-19.0	-16.0	45.0	-2.0	167.32
74	-2.0	127.0	-7.0	-86.0	107.0	-107.0	49.0	-91.0	165.85
75	21.0	12.0	-3.0	-55.0	30.0	-60.0	-17.0	51.0	164.91
76	-21.0	-10.0	-17.0	-65.0	6.0	-123.0	11.0	-1.0	164.82
77	-48.0	-41.0	32.0	3.0	17.0	-2.0	-2.0	-35.0	163.02
78	-5.0	7.0	-28.0	-2.0	32.0	-104.0	-113.0	31.0	162.13
79	11.0	-13.0	-24.0	-12.0	-52.0	32.0	-66.0	113.0	156.38
80	-15.0	-31.0	127.0	22.0	-36.0	127.0	127.0	11.0	156.38
81	20.0	87.0	1.0	16.0	127.0	-16.0	-69.0	107.0	161.14
82	-7.0	-12.0	4.0	-2.0	91.0	-76.0	-112.0	-6.0	157.08
83	26.0	28.0	1.0	11.0	-111.0	42.0	84.0	-44.0	158.27
84	-10.0	121.0	-7.0	-10.0	-14.0	91.0	111.0	41.0	162.31
85	-17.0	71.0	-7.0	-22.0	-72.0	-128.0	-12.0	6.0	161.37
