0	51.0	-26.0	7.0	-33.0	-105.0	32.0	-91.0	44.0	118.0
1	-25.0	-78.0	-15.0	43.0	3.0	-107.0	1.0	86.0	129.0
2	16.0	3.0	33.0	-68.0	-23.0	30.0	74.0	-100.0	141.6
3	62.0	17.0	18.0	4.0	-23.0	127.0	28.0	39.0	136.63
4	71.0	14.0	-11.0	75.0	5.0	-72.0	-79.0	92.0	121.71
5	21.0	-18.0	-65.0	-100.0	20.0	112.0	-65.0	108.0	132.69
6	-60.0	6.0	0.0	-28.0	-2.0	127.0	-68.0	-119.0	138.11
7	2.0	-5.0	-64.0	61.0	32.0	-70.0	-22.0	-94.0	133.48
8	19.0	2.0	39.0	0.0	-28.0	57.0	46.0	84.0	123.97
9	-115.0	-6.0	11.0	5.0	77.0	-122.0	-109.0	-8.0	121.71
10	11.0	19.0	26.0	38.0	-5.0	65.0	62.0	69.0	142.74
11	8.0	11.0	53.0	22.0	-126.0	2.0	15.0	-107.0	148.25
12	-58.0	-19.0	-55.0	-19.0	-64.0	-72.0	81.0	-9.0	140.02
13	-42.0	61.0	-1.0	-28.0	-10.0	-42.0	13.0	-18.0	129.0
14	-10.0	-27.0	-22.0	6.0	0.0	16.0	109.0	1.0	114.91
15	13.0	-2.0	70.0	-42.0	-9.0	-5.0	127.0	29.0	114.91
16	5.0	-19.0	18.0	3.0	87.0	106.0	47.0	16.0	123.97
17	25.0	-5.0	-7.0	-8.0	-40.0	58.0	-125.0	26.0	125.33
18	-68.0	2.0	32.0	5.0	34.0	22.0	63.0	29.0	142.74
19	-6.0	-6.0	11.0	10.0	127.0	-73.0	-90.0	-3.0	148.25
20	58.0	19.0	-65.0	-90.0	22.0	127.0	6.0	106.0	148.47
21	62.0	10.0	-22.0	-41.0	43.0	6.0	-21.0	-97.0	150.24
22	-21.0	37.0	-16.0	-31.0	49.0	60.0	-20.0	-63.0	156.88
23	-1.0	16.0	-6.0	-66.0	60.0	127.0	-11.0	104.0	161.13
24	43.0	-11.0	-3.0	28.0	-1.0	42.0	66.0	6.0	154.4
25	-58.0	-15.0	-59.0	-49.0	76.0	-10.0	81.0	-63.0	161.36
26	-5.0	-5.0	51.0	-3.0	98.0	75.0	-5.0	-7.0	168.72
27	93.0	5.0	56.0	16.0	12.0	75.0	11.0	2.0	169.16
28	-19.0	29.0	73.0	8.0	10.0	-68.0	86.0	-33.0	170.56
29	24.0	3.0	12.0	72.0	-104.0	-66.0	29.0	-56.0	170.64
30	41.0	-14.0	78.0	24.0	-52.0	126.0	-56.0	-29.0	169.62
31	36.0	-18.0	-19.0	20.0	30.0	-128.0	69.0	99.0	167.25
32	-1.0	3.0	-102.0	-23.0	65.0	-70.0	-83.0	75.0	169.62
33	-17.0	43.0	92.0	-40.0	-27.0	113.0	11.0	67.0	170.64
34	106.0	5.0	5.0	-30.0	-61.0	94.0	15.0	-14.0	170.14
35	-20.0	-9.0	1.0	36.0	38.0	104.0	17.0	-8.0	164.99
36	38.0	4.0	-17.0	13.0	65.0	57.0	-13.0	-84.0	163.13
37	60.0	9.0	-17.0	-17.0	33.0	21.0	-90.0	-24.0	164.99
38	-13.0	-20.0	21.0	-43.0	127.0	96.0	76.0	60.0	163.13
39	72.0	-5.0	112.0	-5.0	24.0	-128.0	-93.0	104.0	167.82
40	-18.0	46.0	56.0	-54.0	82.0	-55.0	-128.0	-56.0	170.3
41	-16.0	-68.0	16.0	9.0	127.0	9.0	-65.0	-3.0	170.47
42	-36.0	6.0	-63.0	-26.0	-104.0	-26.0	127.0	16.0	170.0
43	62.0	33.0	-13.0	59.0	127.0	-72.0	-16.0	-91.0	170.3
44	-25.0	-17.0	-60.0	0.0	-60.0	-128.0	-70.0	-23.0	169.16
45	-52.0	7.0	-22.0	36.0	-66.0	31.0	89.0	24.0	156.88
46	127.0	38.0	-45.0	0.0	-87.0	31.0	-22.0	-103.0	161.13
47	30.0	-34.0	-15.0	25.0	-117.0	-128.0	-45.0	52.0	162.74
48	-3.0	4.0	37.0	7.0	-50.0	-100.0	-10.0	-64.0	154.4
49	33.0	2.0	17.0	-8.0	0.0	-128.0	58.0	-12.0	153.53
50	-8.0	-27.0	-16.0	117.0	91.0	-20.0	-83.0	-24.0	161.91
51	12.0	-49.0	-2.0	-30.0	38.0	51.0	73.0	109.0	155.2
52	1.0	8.0	0.0	-27.0	51.0	-5.0	-29.0	69.0	151.82
53	-40.0	7.0	-4.0	18.0	32.0	-20.0	1.0	-54.0	153.53
54	58.0	16.0	121.0	61.0	0.0	21.0	7.0	86.0	159.58
55	-42.0	-1.0	23.0	-13.0	-14.0	-66.0	96.0	-3.0	152.98
56	-36.0	-5.0	-4.0	-124.0	-66.0	-86.0	-24.0	-10.0	148.47
57	36.0	-57.0	38.0	43.0	-105.0	112.0	55.0	-95.0	145.52
58	5.0	0.0	-16.0	-17.0	43.0	41.0	-33.0	41.0	137.46
59	0.0	57.0	-25.0	5.0	-32.0	53.0	-30.0	-45.0	130.75
60	1.0	-34.0	-19.0	21.0	7.0	28.0	-43.0	71.0	137.46
61	-45.0	7.0	-52.0	20.0	-52.0	57.0	-74.0	-45.0	138.11
62	-119.0	-17.0	13.0	-27.0	-28.0	56.0	-51.0	43.0	143.74
63	3.0	-17.0	-64.0	-45.0	-10.0	28.0	11.0	-25.0	143.74
64	-1.0	14.0	34.0	-47.0	60.0	-98.0	-80.0	41.0	145.4
65	13.0	8.0	41.0	-45.0	-27.0	-16.0	37.0	38.0	132.69
66	-71.0	6.0	-2.0	-15.0	65.0	-51.0	13.0	71.0	126.5
67	16.0	9.0	16.0	11.0	-12.0	24.0	10.0	-19.0	102.8
68	6.0	-10.0	-19.0	-29.0	127.0	-98.0	2.0	-61.0	108.94
69	21.0	33.0	5.0	100.0	-82.0	64.0	88.0	-128.0	102.2
70	27.0	-17.0	47.0	48.0	-4.0	2.0	62.0	1.0	101.98
71	-4.0	10.0	-14.0	61.0	42.0	115.0	-9.0	-68.0	100.91
72	-13.0	5.0	-21.0	-23.0	60.0	-109.0	1.0	-44.0	100.91
73	127.0	-6.0	12.0	-40.0	-65.0	-95.0	-21.0	57.0	101.12
74	-19.0	-2.0	-4.0	35.0	12.0	84.0	11.0	-5.0	101.53
75	0.0	-37.0	-128.0	6.0	-28.0	43.0	46.0	22.0	101.06
76	-3.0	2.0	44.0	87.0	109.0	-68.0	-111.0	59.0	101.98
77	4.0	-14.0	32.0	14.0	24.0	127.0	-39.0	-14.0	101.27
78	-58.0	-5.0	6.0	61.0	90.0	17.0	79.0	48.0	101.53
79	33.0	-26.0	16.0	-88.0	127.0	127.0	1.0	-116.0	102.2
80	0.0	-1.0	54.0	-4.0	60.0	127.0	-68.0	-97.0	116.33
81	-80.0	6.0	-27.0	-44.0	-90.0	106.0	-14.0	27.0	113.54
82	-64.0	19.0	-115.0	6.0	78.0	-128.0	23.0	31.0	103.28
83	-38.0	116.0	8.0	-18.0	20.0	-18.0	-35.0	7.0	119.66
84	7.0	-10.0	18.0	5.0	26.0	-95.0	-40.0	-108.0	102.35
85	-13.0	-7.0	40.0	5.0	-8.0	-72.0	-63.0	127.0	103.28
86	-53.0	-1.0	2.0	127.0	-79.0	3.0	-111.0	55.0	116.33
