0	22.0	60.0	-8.0	-6.0	30.0	41.0	-6.0	-90.0	148.2
1	-17.0	12.0	-17.0	75.0	10.0	91.0	-112.0	29.0	147.73
2	-34.0	-13.0	-7.0	-23.0	-27.0	-34.0	83.0	6.0	146.22
3	-19.0	16.0	-8.0	-13.0	-52.0	40.0	90.0	-64.0	148.8
4	-15.0	87.0	-3.0	58.0	96.0	83.0	-66.0	35.0	152.06
5	-55.0	14.0	-6.0	-55.0	27.0	7.0	-24.0	8.0	157.08
6	32.0	1.0	-19.0	-13.0	-88.0	-50.0	-30.0	-18.0	159.16
7	21.0	-40.0	-13.0	126.0	107.0	-78.0	79.0	77.0	161.14
8	-29.0	-48.0	-34.0	-35.0	-128.0	127.0	-122.0	41.0	160.19
9	24.0	-6.0	-18.0	-10.0	-73.0	-107.0	30.0	79.0	162.31
10	-6.0	-31.0	127.0	-88.0	14.0	-10.0	-1.0	-18.0	164.82
11	-10.0	-11.0	-6.0	41.0	42.0	59.0	-98.0	-118.0	164.82
12	11.0	11.0	6.0	10.0	6.0	-128.0	122.0	-84.0	163.12
13	6.0	-13.0	-7.0	-22.0	60.0	-107.0	11.0	-91.0	161.37
14	27.0	-13.0	34.0	10.0	-30.0	-116.0	-1.0	0.0	161.78
15	127.0	-7.0	0.0	102.0	-66.0	88.0	70.0	65.0	164.1
16	23.0	-7.0	-23.0	-6.0	-111.0	102.0	-17.0	51.0	163.51
17	-16.0	18.0	-2.0	5.0	-29.0	57.0	-91.0	113.0	164.91
18	20.0	-10.0	-4.0	24.0	127.0	-39.0	29.0	90.0	161.78
19	48.0	19.0	-12.0	10.0	23.0	-104.0	-6.0	-2.0	148.73
20	-81.0	7.0	-10.0	-31.0	100.0	98.0	49.0	-18.0	157.08
21	-21.0	-16.0	15.0	-1.0	-36.0	-95.0	-33.0	11.0	161.14
22	26.0	-5.0	17.0	0.0	96.0	40.0	84.0	35.0	164.91
23	-75.0	9.0	2.0	22.0	-34.0	32.0	20.0	-9.0	165.49
24	18.0	-39.0	-12.0	-128.0	-34.0	19.0	24.0	79.0	167.62
25	33.0	7.0	-13.0	-27.0	70.0	-7.0	39.0	120.0	167.05
26	56.0	26.0	45.0	-2.0	-43.0	-89.0	24.0	71.0	167.54
27	-23.0	-5.0	-3.0	-46.0	-73.0	-76.0	-113.0	-22.0	167.6
28	11.0	16.0	19.0	11.0	-19.0	-128.0	40.0	29.0	167.32
29	36.0	1.0	-12.0	1.0	24.0	115.0	-69.0	5.0	165.85
30	15.0	-5.0	-15.0	29.0	-92.0	-6.0	-42.0	-63.0	166.15
31	-3.0	1.0	-22.0	29.0	-27.0	21.0	127.0	-37.0	168.02
32	98.0	-6.0	-28.0	-1.0	-98.0	93.0	127.0	-8.0	168.02
33	15.0	-19.0	-6.0	22.0	127.0	110.0	40.0	94.0	166.88
34	-14.0	28.0	3.0	-15.0	103.0	-2.0	-56.0	41.0	167.54
35	11.0	-25.0	-22.0	-7.0	107.0	59.0	98.0	32.0	165.49
36	24.0	2.0	-4.0	1.0	-78.0	0.0	9.0	16.0	166.15
37	-44.0	-2.0	-4.0	26.0	-96.0	47.0	11.0	-1.0	167.05
38	26.0	-5.0	5.0	-1.0	10.0	-16.0	123.0	-78.0	165.52
39	-19.0	-36.0	-2.0	-2.0	7.0	-31.0	30.0	1.0	164.4
40	65.0	-8.0	-24.0	-40.0	-31.0	-26.0	24.0	66.0	158.27
41	-1.0	12.0	39.0	-60.0	-10.0	59.0	111.0	-13.0	152.9
42	-16.0	37.0	-14.0	48.0	-2.0	54.0	46.0	-3.0	152.06
43	17.0	-4.0	-12.0	-9.0	16.0	88.0	-53.0	68.0	162.13
44	8.0	15.0	1.0	3.0	-10.0	-28.0	-49.0	66.0	156.38
45	2.0	4.0	-3.0	102.0	127.0	114.0	75.0	31.0	161.37
46	-7.0	-2.0	-47.0	127.0	-4.0	32.0	-91.0	17.0	163.02
47	-10.0	8.0	-7.0	-11.0	-128.0	81.0	79.0	-28.0	152.03
48	-17.0	121.0	127.0	2.0	10.0	8.0	-25.0	6.0	155.04
49	1.0	15.0	-18.0	-30.0	-14.0	-60.0	113.0	-64.0	156.38
50	-49.0	-12.0	-7.0	-55.0	0.0	96.0	100.0	-30.0	152.03
51	-5.0	-4.0	-4.0	4.0	17.0	-19.0	99.0	41.0	150.62
52	57.0	-9.0	34.0	5.0	127.0	75.0	-17.0	9.0	148.8
53	26.0	-35.0	18.0	18.0	-128.0	-31.0	100.0	-91.0	144.12
54	60.0	28.0	-28.0	-5.0	42.0	115.0	15.0	-35.0	149.33
55	-19.0	12.0	127.0	1.0	-71.0	109.0	-128.0	65.0	146.22
56	-106.0	-32.0	-10.0	-39.0	-72.0	113.0	1.0	-44.0	141.05
57	69.0	-4.0	-12.0	12.0	-39.0	-22.0	18.0	15.0	141.6
58	-9.0	10.0	39.0	-8.0	77.0	-2.0	111.0	111.0	139.52
59	-35.0	7.0	4.0	-5.0	91.0	-2.0	0.0	87.0	134.28
60	7.0	-19.0	-17.0	10.0	7.0	-55.0	-93.0	17.0	139.25
61	23.0	-13.0	-22.0	58.0	100.0	32.0	36.0	72.0	144.12
62	-19.0	-13.0	-3.0	26.0	-33.0	74.0	-12.0	-37.0	142.29
63	16.0	3.0	42.0	-10.0	12.0	5.0	-92.0	-6.0	139.35
64	-23.0	-38.0	15.0	-30.0	38.0	-19.0	-12.0	109.0	126.06
65	20.0	11.0	11.0	-65.0	9.0	45.0	-2.0	107.0	121.43
66	122.0	3.0	11.0	-23.0	70.0	-128.0	48.0	63.0	116.7
67	-14.0	-28.0	-18.0	40.0	-49.0	7.0	127.0	41.0	125.58
68	16.0	127.0	-11.0	126.0	12.0	-38.0	18.0	-19.0	126.06
69	0.0	-12.0	16.0	-31.0	-10.0	-122.0	-69.0	-117.0	123.24
70	-12.0	-1.0	32.0	-13.0	38.0	1.0	49.0	-38.0	122.42
71	22.0	-3.0	0.0	-118.0	102.0	96.0	-12.0	97.0	116.54
72	-31.0	-20.0	-3.0	22.0	-30.0	-16.0	84.0	111.0	114.8
73	-2.0	127.0	15.0	16.0	17.0	127.0	-93.0	9.0	121.43
74	-18.0	-24.0	-27.0	3.0	-19.0	104.0	30.0	35.0	116.7
75	57.0	21.0	-12.0	-86.0	126.0	-123.0	-124.0	-31.0	117.94
76	35.0	71.0	18.0	11.0	51.0	78.0	21.0	-91.0	122.42
77	-128.0	3.0	3.0	-34.0	32.0	5.0	4.0	113.0	134.28
78	-5.0	-11.0	-27.0	-2.0	-72.0	42.0	45.0	11.0	140.07
79	10.0	12.0	-40.0	-51.0	0.0	-95.0	49.0	-27.0	140.73
80	-30.0	1.0	1.0	5.0	79.0	73.0	25.0	16.0	123.86
81	-62.0	-9.0	9.0	79.0	-114.0	81.0	37.0	-85.0	139.52
82	16.0	-6.0	3.0	-37.0	10.0	-38.0	75.0	-117.0	135.41
83	-48.0	-41.0	0.0	-12.0	79.0	116.0	-109.0	-127.0	134.61
84	47.0	-18.0	26.0	-22.0	127.0	-7.0	-52.0	119.0	135.41
85	23.0	-31.0	-6.0	-34.0	-49.0	-128.0	127.0	-37.0	140.73
