0	124.0	-5.0	5.0	-14.0	-10.0	85.0	50.0	-34.0	108.89
1	-19.0	-27.0	13.0	58.0	10.0	13.0	-9.0	36.0	124.56
2	7.0	10.0	-25.0	-5.0	127.0	-35.0	16.0	72.0	120.03
3	-28.0	15.0	31.0	18.0	-85.0	119.0	127.0	40.0	124.02
4	26.0	7.0	13.0	12.0	-72.0	90.0	-4.0	12.0	103.06
5	-30.0	15.0	-27.0	-85.0	127.0	82.0	-66.0	34.0	103.43
6	-82.0	-6.0	-51.0	-108.0	-47.0	-33.0	98.0	-103.0	105.19
7	-29.0	0.0	35.0	46.0	102.0	-25.0	-4.0	-27.0	104.77
8	-67.0	-27.0	-7.0	-3.0	-84.0	122.0	48.0	127.0	120.01
9	-29.0	-5.0	-109.0	-2.0	55.0	24.0	-37.0	66.0	104.92
10	32.0	4.0	72.0	12.0	-124.0	-83.0	76.0	76.0	131.14
11	-41.0	25.0	24.0	33.0	-27.0	-85.0	98.0	118.0	110.53
12	67.0	-23.0	-54.0	94.0	-36.0	77.0	-19.0	127.0	129.15
13	28.0	-16.0	-33.0	55.0	54.0	105.0	-31.0	31.0	104.77
14	-81.0	12.0	8.0	-123.0	-78.0	126.0	35.0	-5.0	108.36
15	21.0	-30.0	-62.0	-1.0	2.0	103.0	58.0	-101.0	120.01
16	56.0	0.0	17.0	56.0	112.0	58.0	-75.0	5.0	105.21
17	-11.0	-17.0	87.0	56.0	-15.0	-109.0	-96.0	-33.0	117.51
18	81.0	8.0	-34.0	-19.0	110.0	126.0	-128.0	-59.0	117.94
19	18.0	-2.0	7.0	-3.0	-33.0	-10.0	4.0	68.0	137.11
20	41.0	-11.0	-1.0	22.0	-6.0	-37.0	-12.0	-13.0	105.73
21	107.0	0.0	-8.0	-75.0	-15.0	40.0	-55.0	-48.0	117.51
22	-27.0	-25.0	-40.0	-54.0	27.0	28.0	14.0	20.0	127.79
23	-72.0	2.0	-15.0	-33.0	31.0	-86.0	-2.0	27.0	105.19
24	-30.0	3.0	-93.0	10.0	127.0	127.0	85.0	-13.0	131.14
25	25.0	3.0	24.0	-34.0	20.0	127.0	-1.0	23.0	142.96
26	50.0	-1.0	17.0	8.0	127.0	-124.0	78.0	26.0	134.88
27	-60.0	1.0	32.0	-43.0	-14.0	-52.0	-13.0	-80.0	140.4
28	25.0	-11.0	18.0	19.0	-44.0	-12.0	99.0	36.0	135.27
29	-44.0	-40.0	31.0	-15.0	-10.0	-61.0	97.0	-1.0	138.93
30	41.0	67.0	4.0	-37.0	83.0	-66.0	-85.0	-24.0	142.62
31	-33.0	1.0	-13.0	-55.0	-128.0	94.0	28.0	11.0	138.84
32	26.0	-11.0	0.0	-13.0	-2.0	-95.0	63.0	-37.0	147.37
33	23.0	3.0	5.0	-91.0	58.0	13.0	81.0	-8.0	140.4
34	56.0	-21.0	-66.0	62.0	48.0	-123.0	0.0	23.0	146.83
35	93.0	-13.0	28.0	36.0	-19.0	-92.0	48.0	5.0	145.0
36	-23.0	37.0	44.0	-30.0	-10.0	52.0	109.0	70.0	152.73
37	-28.0	-5.0	-38.0	-39.0	7.0	-105.0	111.0	72.0	146.83
38	-76.0	12.0	24.0	64.0	-15.0	-37.0	43.0	-23.0	152.21
39	-39.0	2.0	22.0	36.0	-67.0	17.0	-128.0	4.0	156.74
40	-20.0	-1.0	-127.0	-59.0	-32.0	-105.0	-48.0	-24.0	149.81
41	77.0	-1.0	-51.0	10.0	-82.0	125.0	107.0	66.0	158.22
42	31.0	-27.0	25.0	12.0	44.0	82.0	58.0	-58.0	165.18
43	-32.0	3.0	-44.0	-69.0	111.0	58.0	-46.0	27.0	158.79
44	4.0	3.0	46.0	-104.0	-15.0	21.0	-48.0	24.0	171.14
45	-70.0	-7.0	-24.0	-4.0	102.0	-59.0	62.0	-97.0	173.25
46	38.0	8.0	23.0	7.0	-127.0	20.0	-128.0	24.0	173.25
47	14.0	-14.0	7.0	-9.0	-87.0	92.0	8.0	-44.0	170.75
48	-90.0	-72.0	-78.0	54.0	112.0	-79.0	3.0	-4.0	167.23
49	51.0	25.0	54.0	10.0	-39.0	106.0	-98.0	1.0	165.18
50	-34.0	-21.0	41.0	-22.0	-92.0	127.0	-92.0	117.0	162.71
51	-10.0	-62.0	0.0	13.0	-2.0	-123.0	59.0	14.0	160.31
52	-34.0	-20.0	-19.0	-15.0	-37.0	-22.0	11.0	49.0	171.97
53	28.0	37.0	-27.0	-33.0	-25.0	-15.0	35.0	27.0	171.14
54	-53.0	-6.0	-12.0	-65.0	57.0	-21.0	66.0	-126.0	173.0
55	-11.0	-11.0	-38.0	-25.0	17.0	-52.0	-60.0	26.0	170.65
56	2.0	12.0	14.0	29.0	17.0	-45.0	-47.0	-16.0	172.57
57	-106.0	-16.0	-20.0	-49.0	-46.0	-123.0	-43.0	-65.0	173.46
58	-31.0	-4.0	60.0	53.0	-83.0	127.0	-85.0	-5.0	165.26
59	18.0	-20.0	-1.0	47.0	103.0	127.0	104.0	0.0	160.9
60	-4.0	5.0	8.0	-15.0	97.0	-113.0	-77.0	-65.0	158.22
61	-33.0	-45.0	-59.0	27.0	-107.0	127.0	5.0	103.0	172.57
62	-62.0	18.0	-1.0	-13.0	7.0	-22.0	121.0	-9.0	162.71
63	7.0	9.0	17.0	-13.0	49.0	-35.0	-35.0	-102.0	172.5
64	63.0	-84.0	-8.0	-5.0	53.0	-112.0	98.0	25.0	170.65
65	11.0	69.0	-25.0	-1.0	127.0	23.0	-67.0	-16.0	163.13
66	-9.0	-14.0	14.0	-24.0	-39.0	-59.0	25.0	117.0	170.13
67	-23.0	-17.0	27.0	0.0	21.0	-128.0	-77.0	113.0	172.44
68	87.0	-35.0	-44.0	-7.0	27.0	53.0	-59.0	17.0	171.97
69	77.0	-4.0	30.0	-3.0	-83.0	-59.0	127.0	98.0	160.9
70	-24.0	-8.0	-22.0	-17.0	-6.0	-70.0	-51.0	-5.0	170.13
71	5.0	29.0	19.0	-58.0	127.0	44.0	-4.0	-36.0	161.59
72	87.0	29.0	-20.0	-24.0	-93.0	-79.0	-24.0	73.0	160.31
73	-5.0	12.0	5.0	-25.0	66.0	-52.0	-56.0	-4.0	154.27
74	64.0	-5.0	-6.0	-20.0	43.0	-56.0	-49.0	-26.0	152.21
75	20.0	-22.0	-128.0	-28.0	-92.0	64.0	-22.0	-41.0	152.73
76	28.0	13.0	15.0	18.0	-30.0	9.0	59.0	52.0	151.51
77	-44.0	4.0	-41.0	10.0	43.0	-109.0	-18.0	80.0	147.37
78	-2.0	17.0	72.0	31.0	-20.0	-54.0	3.0	18.0	142.62
79	57.0	-5.0	12.0	4.0	-75.0	-84.0	71.0	-82.0	137.11
80	-75.0	-7.0	3.0	-18.0	127.0	127.0	-15.0	-77.0	124.02
81	-20.0	5.0	-24.0	17.0	6.0	25.0	99.0	-56.0	132.73
82	-29.0	1.0	-81.0	-11.0	-33.0	-90.0	127.0	60.0	132.73
83	-7.0	-1.0	8.0	-99.0	-68.0	127.0	8.0	39.0	117.94
84	-9.0	-11.0	29.0	3.0	98.0	35.0	25.0	16.0	121.81
85	14.0	-11.0	15.0	-52.0	-40.0	-83.0	34.0	-78.0	105.15
86	40.0	15.0	-28.0	-67.0	-83.0	58.0	127.0	14.0	108.36
87	7.0	27.0	-49.0	9.0	110.0	68.0	127.0	-66.0	105.21
