0	-37.0	56.0	116.0	3.0	-35.0	127.0	107.0	-72.0	173.71
1	14.0	3.0	-10.0	-24.0	58.0	-86.0	9.0	48.0	168.93
2	46.0	-23.0	-7.0	-30.0	19.0	-69.0	76.0	-21.0	170.94
3	109.0	44.0	4.0	-75.0	80.0	16.0	56.0	60.0	169.46
4	17.0	68.0	53.0	37.0	-86.0	8.0	97.0	52.0	170.04
5	105.0	46.0	-1.0	-6.0	2.0	42.0	-6.0	47.0	172.77
6	14.0	10.0	26.0	33.0	127.0	-25.0	102.0	-15.0	170.94
7	23.0	10.0	3.0	15.0	-13.0	31.0	-58.0	55.0	172.77
8	5.0	-57.0	20.0	85.0	-11.0	41.0	5.0	-23.0	171.65
9	21.0	-9.0	27.0	43.0	-92.0	-30.0	-15.0	92.0	171.65
10	75.0	16.0	1.0	0.0	-3.0	119.0	-103.0	-128.0	169.86
11	27.0	25.0	7.0	-12.0	-94.0	52.0	127.0	-4.0	169.86
12	25.0	-28.0	-18.0	-22.0	2.0	127.0	46.0	66.0	163.89
13	23.0	26.0	-19.0	33.0	1.0	14.0	12.0	-71.0	166.94
14	17.0	16.0	-23.0	7.0	18.0	-95.0	7.0	-21.0	169.08
15	6.0	-27.0	-4.0	-15.0	-22.0	44.0	96.0	118.0	167.79
16	30.0	23.0	-45.0	30.0	-2.0	-66.0	-6.0	-31.0	172.19
17	-8.0	127.0	7.0	3.0	12.0	-128.0	-26.0	-24.0	165.73
18	16.0	-19.0	-11.0	-12.0	-59.0	-95.0	60.0	81.0	165.73
19	17.0	62.0	20.0	-49.0	127.0	85.0	44.0	-111.0	159.09
20	-37.0	27.0	37.0	-50.0	66.0	94.0	-64.0	-31.0	163.51
21	18.0	30.0	-4.0	8.0	-59.0	87.0	18.0	66.0	163.51
22	28.0	127.0	-24.0	-54.0	127.0	75.0	81.0	4.0	159.28
23	43.0	-56.0	73.0	4.0	39.0	76.0	-72.0	45.0	159.28
24	21.0	-26.0	-33.0	13.0	89.0	-3.0	-4.0	67.0	156.18
25	15.0	-32.0	-16.0	-11.0	-53.0	85.0	-70.0	-90.0	143.82
26	-7.0	-5.0	-10.0	38.0	-1.0	-6.0	56.0	-91.0	134.87
27	-52.0	14.0	-20.0	2.0	8.0	-84.0	60.0	-54.0	144.76
28	-42.0	57.0	-52.0	-47.0	13.0	65.0	65.0	60.0	151.86
29	25.0	21.0	5.0	25.0	-31.0	31.0	-37.0	52.0	144.25
30	37.0	7.0	12.0	3.0	66.0	-104.0	-77.0	111.0	146.17
31	-34.0	14.0	39.0	-11.0	-36.0	-104.0	-1.0	70.0	126.86
32	-20.0	6.0	127.0	-3.0	-110.0	127.0	-102.0	-86.0	135.41
33	-119.0	54.0	-16.0	120.0	39.0	123.0	-15.0	22.0	141.75
34	25.0	-29.0	-14.0	-66.0	36.0	-51.0	-128.0	90.0	139.11
35	87.0	4.0	-19.0	-19.0	2.0	-79.0	29.0	124.0	150.07
36	-11.0	-31.0	-32.0	-25.0	-1.0	-18.0	43.0	50.0	150.07
37	-34.0	-2.0	26.0	127.0	127.0	64.0	63.0	-56.0	146.63
38	127.0	-65.0	-22.0	-50.0	-14.0	-113.0	11.0	122.0	125.18
39	-29.0	75.0	19.0	-12.0	-97.0	-30.0	63.0	-9.0	123.25
40	30.0	76.0	127.0	-47.0	-3.0	-49.0	81.0	95.0	136.23
41	-76.0	10.0	15.0	-82.0	-13.0	75.0	-4.0	81.0	141.5
42	87.0	16.0	2.0	-56.0	127.0	35.0	-4.0	16.0	144.76
43	-72.0	1.0	-4.0	-28.0	-29.0	-53.0	-10.0	119.0	149.45
44	-60.0	0.0	-42.0	2.0	-75.0	51.0	24.0	12.0	138.94
45	84.0	2.0	-18.0	-19.0	59.0	119.0	-81.0	-50.0	123.25
46	-24.0	21.0	22.0	84.0	88.0	119.0	-102.0	-30.0	121.4
47	-68.0	10.0	5.0	-20.0	-124.0	-41.0	12.0	72.0	116.56
48	55.0	-14.0	-33.0	14.0	-44.0	83.0	68.0	7.0	116.21
49	86.0	-29.0	3.0	47.0	38.0	87.0	77.0	84.0	116.74
50	82.0	116.0	32.0	-26.0	109.0	-4.0	32.0	-63.0	116.56
51	16.0	34.0	21.0	-83.0	-110.0	-98.0	-1.0	52.0	116.74
52	11.0	37.0	31.0	-43.0	20.0	-90.0	-93.0	52.0	115.58
53	-53.0	0.0	26.0	50.0	55.0	-56.0	127.0	127.0	116.39
54	-24.0	8.0	-73.0	-30.0	127.0	-103.0	-74.0	50.0	113.79
55	47.0	-55.0	-8.0	19.0	127.0	127.0	95.0	-43.0	105.6
56	-54.0	-16.0	-12.0	-43.0	-86.0	48.0	76.0	25.0	105.68
57	30.0	-14.0	-12.0	-90.0	-26.0	109.0	81.0	-40.0	105.68
58	9.0	40.0	-3.0	-11.0	36.0	-92.0	79.0	103.0	114.42
59	-32.0	-5.0	-25.0	-27.0	3.0	85.0	70.0	-116.0	115.58
60	-41.0	-11.0	-79.0	13.0	-68.0	-2.0	0.0	-91.0	116.93
61	14.0	-23.0	-22.0	1.0	-70.0	-92.0	-4.0	72.0	119.38
62	-16.0	8.0	3.0	25.0	-36.0	127.0	-45.0	-107.0	117.75
63	-6.0	27.0	26.0	13.0	-37.0	-71.0	126.0	-128.0	119.38
64	-12.0	-35.0	-1.0	-50.0	109.0	-43.0	56.0	80.0	126.86
65	22.0	26.0	29.0	42.0	58.0	-32.0	11.0	-40.0	116.93
66	-47.0	23.0	3.0	86.0	19.0	-96.0	67.0	97.0	135.41
67	33.0	-42.0	11.0	-56.0	34.0	127.0	3.0	-90.0	118.39
68	94.0	-53.0	-33.0	-116.0	12.0	127.0	-128.0	90.0	136.23
69	35.0	-5.0	4.0	3.0	-40.0	28.0	-26.0	29.0	154.3
70	-13.0	-62.0	-1.0	48.0	3.0	-2.0	96.0	40.0	141.5
71	-18.0	-28.0	-12.0	33.0	127.0	126.0	36.0	-73.0	149.45
72	-17.0	-19.0	-9.0	-22.0	-94.0	93.0	-18.0	60.0	147.53
73	-17.0	4.0	12.0	95.0	-16.0	127.0	-10.0	113.0	154.3
74	-18.0	18.0	23.0	64.0	-22.0	-74.0	46.0	-1.0	154.32
75	19.0	28.0	-22.0	-72.0	44.0	-28.0	25.0	-10.0	156.54
76	35.0	-26.0	-20.0	-61.0	-78.0	-33.0	114.0	-19.0	146.17
77	-107.0	14.0	2.0	7.0	39.0	-128.0	-46.0	-49.0	152.23
78	23.0	3.0	26.0	97.0	1.0	19.0	110.0	-121.0	156.54
79	55.0	-22.0	-9.0	-95.0	-14.0	23.0	-57.0	-77.0	163.48
80	16.0	3.0	-1.0	5.0	-1.0	48.0	108.0	16.0	163.89
81	57.0	16.0	73.0	42.0	38.0	35.0	18.0	83.0	168.5
82	23.0	-16.0	22.0	112.0	-33.0	-37.0	-89.0	-41.0	161.65
83	-15.0	-17.0	2.0	19.0	125.0	-4.0	112.0	71.0	159.09
84	51.0	-14.0	37.0	110.0	41.0	-27.0	-10.0	14.0	163.89
85	23.0	7.0	14.0	-44.0	64.0	127.0	-105.0	60.0	166.94
86	39.0	-5.0	-8.0	0.0	-124.0	-93.0	-16.0	40.0	164.99
87	88.0	2.0	-48.0	1.0	80.0	-6.0	-90.0	-73.0	168.93
