0	56.0	-23.0	-123.0	0.0	88.0	127.0	-109.0	40.0	154.92
1	27.0	17.0	-50.0	38.0	59.0	42.0	-34.0	33.0	155.28
2	71.0	21.0	51.0	-88.0	-86.0	104.0	114.0	-53.0	152.62
3	-95.0	8.0	-18.0	-85.0	-128.0	3.0	-81.0	22.0	162.85
4	-44.0	8.0	-2.0	3.0	-128.0	42.0	29.0	15.0	158.47
5	7.0	9.0	17.0	-19.0	-59.0	30.0	-17.0	93.0	162.92
6	72.0	7.0	-20.0	-5.0	-84.0	116.0	37.0	86.0	166.12
7	13.0	-17.0	86.0	-11.0	36.0	-54.0	-99.0	2.0	167.62
8	0.0	3.0	-74.0	-76.0	-81.0	-96.0	-37.0	101.0	168.31
9	19.0	10.0	11.0	-59.0	-36.0	-8.0	-17.0	-70.0	160.91
10	25.0	-5.0	-1.0	67.0	-78.0	-86.0	40.0	-73.0	164.4
11	34.0	-8.0	7.0	-51.0	-40.0	127.0	-63.0	26.0	162.92
12	-45.0	-21.0	5.0	-3.0	-14.0	-128.0	-69.0	-71.0	148.46
13	12.0	9.0	71.0	127.0	127.0	-63.0	113.0	-27.0	158.19
14	45.0	3.0	-21.0	-27.0	91.0	-55.0	116.0	28.0	158.19
15	-17.0	-16.0	35.0	-71.0	-59.0	33.0	105.0	-101.0	151.84
16	60.0	12.0	25.0	4.0	79.0	85.0	-8.0	-24.0	155.28
17	0.0	16.0	-10.0	42.0	-48.0	70.0	15.0	-42.0	157.08
18	23.0	26.0	9.0	-2.0	127.0	-8.0	38.0	14.0	160.91
19	-32.0	52.0	29.0	-59.0	-90.0	127.0	-103.0	42.0	165.23
20	18.0	16.0	7.0	5.0	-64.0	127.0	24.0	-56.0	167.18
21	43.0	11.0	-46.0	62.0	-55.0	-21.0	-4.0	-28.0	167.62
22	-8.0	26.0	20.0	3.0	-20.0	103.0	29.0	122.0	169.25
23	-98.0	-78.0	-41.0	-17.0	-79.0	-128.0	-11.0	-62.0	168.5
24	23.0	20.0	-31.0	-12.0	127.0	52.0	11.0	-90.0	168.94
25	2.0	-87.0	-35.0	36.0	-9.0	56.0	67.0	56.0	169.28
26	-2.0	-11.0	-49.0	-35.0	-10.0	109.0	15.0	12.0	169.25
27	-2.0	24.0	19.0	-100.0	-5.0	62.0	3.0	-59.0	168.32
28	-98.0	-36.0	0.0	-7.0	-8.0	-121.0	10.0	71.0	164.22
29	34.0	-1.0	30.0	-71.0	18.0	101.0	67.0	32.0	164.22
30	34.0	18.0	-15.0	-64.0	54.0	122.0	3.0	8.0	167.6
31	-28.0	-18.0	-109.0	-29.0	17.0	99.0	-119.0	-51.0	168.5
32	-29.0	23.0	73.0	-54.0	7.0	38.0	12.0	-62.0	169.07
33	21.0	-3.0	25.0	56.0	13.0	-69.0	-64.0	22.0	168.32
34	-72.0	-4.0	3.0	63.0	17.0	-10.0	34.0	-86.0	169.28
35	-25.0	-16.0	89.0	-85.0	31.0	-65.0	4.0	-20.0	169.01
36	-58.0	-1.0	-35.0	19.0	73.0	-116.0	-44.0	59.0	165.23
37	-37.0	-30.0	-3.0	-9.0	3.0	62.0	-71.0	41.0	160.9
38	15.0	26.0	-86.0	51.0	-118.0	-11.0	87.0	3.0	152.62
39	-61.0	3.0	-123.0	-29.0	17.0	-79.0	31.0	18.0	146.65
40	14.0	21.0	14.0	-48.0	11.0	-115.0	32.0	24.0	146.65
41	-43.0	-2.0	-4.0	-45.0	127.0	57.0	-55.0	42.0	143.19
42	-21.0	-39.0	25.0	23.0	13.0	24.0	-37.0	41.0	138.52
43	49.0	-1.0	5.0	24.0	36.0	92.0	42.0	-14.0	139.42
44	14.0	5.0	-11.0	-3.0	59.0	-87.0	-128.0	-33.0	138.52
45	38.0	-16.0	-6.0	-5.0	-7.0	18.0	24.0	-86.0	139.42
46	23.0	15.0	43.0	-3.0	13.0	46.0	19.0	8.0	135.78
47	-35.0	10.0	43.0	-42.0	44.0	70.0	16.0	22.0	131.51
48	23.0	-14.0	31.0	67.0	10.0	-105.0	53.0	-88.0	137.04
49	42.0	-12.0	-16.0	40.0	-78.0	-79.0	127.0	-2.0	125.76
50	13.0	-17.0	-59.0	-33.0	-60.0	127.0	-61.0	24.0	133.56
51	54.0	-25.0	-33.0	30.0	45.0	59.0	122.0	-27.0	137.04
52	-98.0	14.0	31.0	101.0	44.0	113.0	-80.0	-60.0	123.6
53	-2.0	54.0	-64.0	-29.0	-29.0	54.0	-78.0	-79.0	133.56
54	-20.0	0.0	5.0	31.0	100.0	-18.0	-7.0	-97.0	129.04
55	1.0	3.0	-53.0	18.0	1.0	122.0	-53.0	75.0	125.76
56	19.0	3.0	-11.0	9.0	65.0	-128.0	-42.0	99.0	135.52
57	13.0	10.0	71.0	-37.0	-30.0	55.0	37.0	23.0	121.73
58	25.0	7.0	-5.0	-15.0	-23.0	113.0	-67.0	12.0	115.61
59	-43.0	-16.0	0.0	9.0	-104.0	-64.0	-17.0	78.0	122.21
60	19.0	30.0	39.0	9.0	57.0	-57.0	-63.0	-14.0	113.73
61	-39.0	-17.0	-7.0	62.0	127.0	-75.0	-54.0	48.0	96.55
62	25.0	2.0	109.0	24.0	63.0	87.0	-110.0	40.0	106.25
63	53.0	0.0	46.0	78.0	-77.0	112.0	42.0	65.0	103.61
64	-22.0	18.0	28.0	22.0	-44.0	24.0	-45.0	2.0	97.35
65	43.0	-68.0	-11.0	101.0	-2.0	57.0	-44.0	-53.0	95.51
66	19.0	-8.0	-76.0	-62.0	127.0	113.0	-66.0	20.0	95.91
67	-12.0	11.0	15.0	-36.0	-90.0	31.0	-27.0	27.0	97.5
68	10.0	37.0	20.0	78.0	-118.0	127.0	-7.0	99.0	98.37
69	21.0	3.0	-26.0	9.0	-80.0	-32.0	39.0	4.0	97.35
70	-3.0	-19.0	-2.0	77.0	-104.0	16.0	-62.0	52.0	95.68
71	55.0	-48.0	-17.0	62.0	120.0	67.0	75.0	7.0	96.55
72	-9.0	21.0	27.0	-42.0	-94.0	-90.0	95.0	7.0	111.02
73	36.0	32.0	-11.0	40.0	9.0	-17.0	59.0	-79.0	106.25
74	-19.0	-28.0	-11.0	-14.0	21.0	14.0	-64.0	-45.0	111.73
75	12.0	-12.0	-123.0	42.0	46.0	-80.0	-44.0	-46.0	113.73
76	10.0	-1.0	41.0	-26.0	44.0	-23.0	-32.0	-109.0	118.71
77	-95.0	26.0	-35.0	10.0	12.0	-128.0	-98.0	-42.0	124.17
78	10.0	-11.0	-10.0	-9.0	57.0	-23.0	65.0	10.0	128.46
79	62.0	-49.0	58.0	10.0	28.0	-92.0	42.0	18.0	128.84
80	-49.0	-28.0	59.0	14.0	121.0	-83.0	64.0	-18.0	123.6
81	-7.0	-15.0	-59.0	-31.0	123.0	-21.0	-88.0	72.0	118.71
82	23.0	8.0	40.0	-19.0	59.0	38.0	-87.0	-65.0	142.45
83	61.0	16.0	58.0	29.0	99.0	122.0	-29.0	-77.0	145.91
84	10.0	-87.0	29.0	73.0	96.0	27.0	127.0	-18.0	148.46
85	-114.0	23.0	-10.0	8.0	-11.0	-16.0	75.0	34.0	150.34
