0	-17.0	-1.0	26.0	-16.0	-128.0	68.0	-30.0	-23.0	137.44
1	-6.0	14.0	-44.0	4.0	50.0	107.0	-50.0	-11.0	137.44
2	7.0	-10.0	-56.0	33.0	127.0	88.0	64.0	54.0	133.74
3	39.0	-74.0	6.0	1.0	-46.0	-109.0	0.0	-18.0	124.67
4	-53.0	-52.0	-5.0	-16.0	-83.0	37.0	-56.0	-19.0	115.36
5	-5.0	34.0	16.0	-12.0	95.0	68.0	85.0	35.0	111.33
6	-45.0	-92.0	-1.0	64.0	112.0	-28.0	73.0	18.0	131.47
7	-11.0	-61.0	-82.0	-68.0	103.0	85.0	127.0	23.0	110.29
8	-81.0	-14.0	-10.0	-10.0	127.0	80.0	-10.0	-20.0	100.31
9	-13.0	45.0	69.0	-5.0	123.0	127.0	-4.0	-58.0	105.47
10	58.0	57.0	-58.0	-62.0	19.0	127.0	63.0	106.0	99.1
11	76.0	-77.0	27.0	-13.0	-54.0	40.0	15.0	56.0	98.21
12	63.0	38.0	66.0	2.0	103.0	108.0	64.0	-16.0	97.42
13	11.0	55.0	15.0	18.0	-121.0	-26.0	6.0	-26.0	97.42
14	127.0	-57.0	-20.0	50.0	-32.0	-99.0	-88.0	-88.0	97.86
15	41.0	-44.0	24.0	46.0	91.0	-40.0	80.0	-11.0	97.55
16	-109.0	-29.0	-9.0	-55.0	-51.0	90.0	-35.0	55.0	100.31
17	-116.0	-11.0	-39.0	-18.0	112.0	127.0	81.0	25.0	101.79
18	-27.0	4.0	23.0	38.0	-26.0	-109.0	127.0	-1.0	98.21
19	59.0	-82.0	29.0	30.0	127.0	124.0	-51.0	-10.0	105.47
20	-8.0	20.0	-20.0	-92.0	2.0	37.0	5.0	23.0	101.51
21	15.0	-12.0	-27.0	-20.0	-75.0	78.0	-16.0	4.0	115.36
22	-25.0	-42.0	1.0	-63.0	2.0	127.0	94.0	-1.0	111.33
23	78.0	114.0	-7.0	113.0	-50.0	-39.0	-39.0	-1.0	122.1
24	18.0	63.0	7.0	0.0	4.0	37.0	-28.0	-2.0	132.58
25	-117.0	-45.0	-5.0	-24.0	-6.0	85.0	113.0	-79.0	133.74
26	44.0	9.0	106.0	-45.0	-53.0	-99.0	-28.0	-39.0	119.98
27	46.0	-13.0	-18.0	100.0	43.0	20.0	-48.0	35.0	124.67
28	-117.0	-61.0	10.0	37.0	-97.0	-128.0	103.0	-67.0	115.06
29	-12.0	-108.0	-50.0	-112.0	-10.0	-122.0	14.0	-65.0	129.17
30	-45.0	21.0	3.0	-128.0	-54.0	85.0	-26.0	127.0	124.83
31	77.0	117.0	-6.0	-21.0	-50.0	-106.0	-71.0	72.0	128.54
32	-18.0	3.0	-19.0	-49.0	-23.0	50.0	-80.0	-115.0	132.58
33	44.0	-60.0	-36.0	16.0	-34.0	118.0	17.0	66.0	124.83
34	54.0	-2.0	-8.0	12.0	1.0	-77.0	-65.0	81.0	135.94
35	8.0	1.0	-50.0	84.0	-39.0	34.0	85.0	50.0	135.47
36	80.0	-11.0	59.0	11.0	43.0	-16.0	41.0	-10.0	139.07
37	8.0	76.0	9.0	30.0	-79.0	12.0	-52.0	2.0	135.03
38	-6.0	117.0	-16.0	33.0	-73.0	4.0	-117.0	110.0	140.65
39	41.0	-3.0	-6.0	49.0	28.0	117.0	-31.0	-128.0	139.22
40	-88.0	53.0	-21.0	4.0	-34.0	-62.0	127.0	52.0	139.98
41	66.0	-23.0	-12.0	-76.0	-30.0	-57.0	-13.0	77.0	143.64
42	-15.0	27.0	-36.0	-34.0	114.0	-89.0	68.0	-81.0	143.64
43	-74.0	-88.0	-44.0	9.0	48.0	-36.0	-25.0	-11.0	138.98
44	-11.0	0.0	-3.0	-41.0	-58.0	-88.0	-35.0	-37.0	139.07
45	-92.0	6.0	14.0	48.0	-61.0	-5.0	-9.0	-55.0	138.98
46	-16.0	-68.0	10.0	-19.0	112.0	-83.0	-22.0	-2.0	139.22
47	29.0	-19.0	88.0	-20.0	-5.0	67.0	7.0	12.0	142.88
48	53.0	76.0	-31.0	35.0	-128.0	-128.0	-10.0	38.0	150.96
49	50.0	-59.0	-8.0	-11.0	71.0	68.0	33.0	28.0	145.89
50	-74.0	5.0	-8.0	78.0	127.0	-10.0	-26.0	-31.0	151.87
51	-37.0	33.0	-31.0	-40.0	62.0	-39.0	-20.0	-5.0	166.58
52	-11.0	47.0	76.0	-24.0	-22.0	111.0	7.0	8.0	161.56
53	-13.0	-4.0	-11.0	1.0	91.0	127.0	-16.0	75.0	168.16
54	3.0	-9.0	22.0	-48.0	-55.0	127.0	16.0	38.0	164.73
55	60.0	6.0	4.0	74.0	-57.0	-72.0	-29.0	20.0	164.36
56	-28.0	2.0	-58.0	-65.0	105.0	6.0	46.0	-33.0	167.75
57	-65.0	1.0	-30.0	30.0	-79.0	-91.0	-25.0	-90.0	168.16
58	48.0	-64.0	1.0	-39.0	-8.0	-59.0	19.0	-46.0	168.16
59	76.0	-9.0	-49.0	-59.0	3.0	41.0	-128.0	-52.0	167.85
60	-33.0	12.0	24.0	-10.0	-29.0	127.0	-30.0	-15.0	168.45
61	-18.0	-36.0	-12.0	-13.0	-92.0	53.0	16.0	89.0	167.75
62	-12.0	6.0	-41.0	73.0	-62.0	90.0	73.0	8.0	167.73
63	-30.0	105.0	-47.0	-55.0	42.0	32.0	37.0	-16.0	165.81
64	-44.0	-8.0	-5.0	13.0	127.0	79.0	115.0	23.0	167.73
65	-21.0	88.0	106.0	50.0	-108.0	65.0	38.0	4.0	167.4
66	37.0	21.0	-11.0	-88.0	56.0	-93.0	44.0	-59.0	167.59
67	-88.0	-16.0	-1.0	-22.0	64.0	24.0	-46.0	127.0	168.06
68	38.0	24.0	5.0	22.0	12.0	-10.0	-88.0	-112.0	151.87
69	-36.0	-102.0	-16.0	33.0	20.0	-73.0	99.0	-65.0	164.36
70	34.0	35.0	-85.0	-13.0	81.0	-98.0	77.0	-31.0	155.34
71	21.0	-44.0	-64.0	44.0	86.0	-26.0	39.0	39.0	164.73
72	-33.0	28.0	-6.0	-1.0	15.0	76.0	115.0	38.0	168.16
73	13.0	10.0	12.0	-1.0	-62.0	67.0	-32.0	-89.0	167.4
74	13.0	-18.0	-3.0	-13.0	51.0	90.0	-71.0	1.0	166.69
75	-26.0	-92.0	-41.0	13.0	-37.0	-57.0	-12.0	105.0	161.12
76	-72.0	-30.0	53.0	-56.0	-34.0	4.0	-64.0	-9.0	163.35
77	-36.0	9.0	9.0	12.0	17.0	97.0	-28.0	48.0	155.0
78	26.0	-34.0	22.0	88.0	51.0	101.0	-128.0	0.0	158.61
79	-4.0	-8.0	-4.0	-17.0	43.0	-121.0	1.0	-84.0	155.34
80	-3.0	3.0	-41.0	1.0	-128.0	74.0	108.0	-59.0	161.12
81	127.0	19.0	3.0	-50.0	12.0	127.0	26.0	-45.0	158.55
82	3.0	-88.0	-60.0	-26.0	127.0	127.0	33.0	15.0	155.0
83	-67.0	-8.0	6.0	39.0	-67.0	-96.0	-119.0	15.0	153.79
84	-18.0	71.0	-12.0	-22.0	127.0	8.0	-128.0	38.0	152.73
85	62.0	-32.0	-14.0	-12.0	20.0	115.0	10.0	-83.0	146.56
86	-19.0	-30.0	13.0	16.0	127.0	-74.0	16.0	53.0	150.96
