0	-4.0	-75.0	-16.0	39.0	105.0	127.0	-18.0	-83.0	160.4
1	54.0	22.0	7.0	-2.0	0.0	127.0	-18.0	-128.0	167.6
2	5.0	-11.0	52.0	28.0	64.0	-48.0	85.0	127.0	172.81
3	4.0	-10.0	-15.0	127.0	99.0	-7.0	-23.0	-102.0	174.86
4	-30.0	108.0	25.0	118.0	-128.0	-17.0	42.0	15.0	171.02
5	36.0	3.0	72.0	127.0	-37.0	57.0	-4.0	-10.0	167.6
6	127.0	15.0	-4.0	96.0	-61.0	27.0	123.0	-128.0	173.67
7	-107.0	127.0	-8.0	-4.0	-128.0	23.0	80.0	-58.0	172.64
8	14.0	-51.0	3.0	22.0	-43.0	95.0	84.0	127.0	161.94
9	114.0	70.0	-7.0	1.0	102.0	39.0	-66.0	-10.0	162.37
10	2.0	-29.0	-16.0	-11.0	-17.0	-39.0	-41.0	3.0	172.42
11	-51.0	8.0	-4.0	68.0	-91.0	84.0	127.0	8.0	166.03
12	-21.0	2.0	123.0	5.0	-91.0	-8.0	127.0	-49.0	177.4
13	-36.0	50.0	10.0	-15.0	-29.0	-16.0	36.0	74.0	173.67
14	17.0	-17.0	-37.0	34.0	40.0	20.0	-49.0	89.0	178.18
15	127.0	-83.0	34.0	-69.0	-23.0	50.0	56.0	127.0	178.97
16	-61.0	88.0	-30.0	-54.0	109.0	91.0	-28.0	-46.0	177.74
17	-4.0	41.0	-30.0	3.0	-89.0	26.0	-64.0	19.0	174.86
18	-20.0	124.0	60.0	-110.0	34.0	-105.0	127.0	-70.0	175.93
19	3.0	-22.0	14.0	80.0	0.0	20.0	11.0	123.0	178.18
20	-18.0	-19.0	-1.0	44.0	84.0	95.0	-22.0	19.0	179.45
21	-4.0	24.0	-26.0	-13.0	88.0	84.0	54.0	-31.0	179.45
22	-46.0	127.0	10.0	-29.0	-24.0	114.0	-18.0	29.0	176.53
23	-70.0	85.0	-34.0	2.0	-92.0	-7.0	-3.0	44.0	172.81
24	39.0	-14.0	5.0	-105.0	5.0	93.0	-40.0	26.0	173.18
25	127.0	-9.0	-7.0	4.0	8.0	54.0	-38.0	-7.0	172.42
26	21.0	2.0	-16.0	-60.0	-51.0	91.0	-81.0	36.0	167.84
27	105.0	22.0	-25.0	-31.0	70.0	127.0	-99.0	-59.0	160.4
28	25.0	5.0	13.0	45.0	27.0	83.0	8.0	1.0	146.97
29	-33.0	38.0	-17.0	-32.0	101.0	122.0	68.0	11.0	151.44
30	-4.0	-4.0	-10.0	6.0	127.0	49.0	45.0	-25.0	148.7
31	-8.0	121.0	-2.0	33.0	33.0	23.0	-63.0	74.0	139.22
32	10.0	-20.0	-2.0	-31.0	45.0	127.0	109.0	64.0	141.98
33	-48.0	-15.0	25.0	-90.0	84.0	59.0	127.0	28.0	152.61
34	-15.0	22.0	0.0	-17.0	-34.0	45.0	15.0	-29.0	137.93
35	127.0	-30.0	-3.0	2.0	12.0	69.0	-29.0	127.0	131.35
36	50.0	-13.0	3.0	-29.0	55.0	18.0	18.0	126.0	115.19
37	-98.0	24.0	97.0	28.0	-128.0	-96.0	20.0	-105.0	133.44
38	77.0	16.0	-26.0	30.0	70.0	127.0	-2.0	-128.0	127.49
39	22.0	23.0	49.0	-68.0	-22.0	-3.0	-75.0	-74.0	115.19
40	-12.0	-33.0	127.0	23.0	24.0	127.0	-30.0	-38.0	140.77
41	-9.0	59.0	-12.0	6.0	127.0	50.0	127.0	58.0	147.42
42	45.0	33.0	15.0	1.0	35.0	94.0	-40.0	-83.0	129.52
43	-4.0	-32.0	3.0	-12.0	-20.0	56.0	35.0	4.0	126.78
44	-4.0	-1.0	2.0	-12.0	27.0	87.0	109.0	110.0	118.86
45	81.0	-64.0	25.0	127.0	114.0	5.0	127.0	21.0	99.66
46	127.0	-10.0	8.0	106.0	93.0	-68.0	20.0	-90.0	107.22
47	127.0	-40.0	72.0	-30.0	51.0	10.0	-42.0	14.0	111.57
48	-115.0	127.0	9.0	12.0	18.0	-81.0	-44.0	72.0	114.33
49	-41.0	92.0	-12.0	-61.0	-40.0	66.0	-39.0	-18.0	135.38
50	-20.0	127.0	127.0	5.0	-29.0	34.0	-66.0	-43.0	137.93
51	127.0	-32.0	10.0	81.0	127.0	-46.0	-128.0	85.0	118.86
52	10.0	62.0	-9.0	-17.0	78.0	78.0	18.0	127.0	122.68
53	-22.0	12.0	-16.0	72.0	72.0	-57.0	17.0	-128.0	132.75
54	-93.0	-9.0	11.0	-9.0	-18.0	-47.0	-27.0	32.0	137.32
55	11.0	-7.0	-10.0	118.0	70.0	114.0	61.0	6.0	144.1
56	9.0	127.0	20.0	6.0	127.0	16.0	0.0	127.0	131.35
57	1.0	-10.0	127.0	-19.0	18.0	-6.0	84.0	-32.0	144.1
58	-115.0	5.0	125.0	26.0	54.0	127.0	38.0	64.0	107.86
59	14.0	88.0	-1.0	34.0	-27.0	59.0	127.0	17.0	128.36
60	37.0	55.0	104.0	-56.0	113.0	-53.0	-63.0	127.0	111.57
61	58.0	-38.0	18.0	6.0	127.0	47.0	94.0	45.0	110.57
62	127.0	-51.0	-1.0	127.0	93.0	38.0	65.0	-69.0	122.68
63	-86.0	22.0	-39.0	-22.0	-3.0	-128.0	50.0	-93.0	107.86
64	97.0	-36.0	-17.0	-4.0	0.0	103.0	52.0	-18.0	120.81
65	-33.0	-65.0	17.0	111.0	24.0	14.0	127.0	127.0	135.38
66	86.0	-51.0	-42.0	-6.0	-36.0	-87.0	85.0	21.0	145.35
67	55.0	17.0	127.0	13.0	127.0	-124.0	-11.0	-9.0	132.75
68	20.0	-49.0	-27.0	118.0	-93.0	-74.0	30.0	97.0	138.13
69	-92.0	2.0	2.0	-35.0	114.0	39.0	-20.0	64.0	136.72
70	4.0	30.0	6.0	56.0	85.0	38.0	84.0	56.0	145.8
71	11.0	-27.0	3.0	-36.0	-18.0	-128.0	-6.0	-105.0	137.93
72	47.0	-22.0	-11.0	25.0	127.0	-69.0	51.0	21.0	146.97
73	-58.0	12.0	28.0	127.0	-42.0	127.0	-110.0	25.0	153.07
74	-112.0	-35.0	-53.0	-12.0	-21.0	73.0	-4.0	51.0	153.07
75	4.0	-15.0	5.0	-1.0	127.0	-117.0	86.0	71.0	152.61
76	-1.0	13.0	126.0	-2.0	127.0	-117.0	31.0	3.0	153.2
77	-11.0	99.0	-14.0	62.0	-19.0	53.0	-41.0	127.0	161.3
78	76.0	24.0	49.0	-6.0	127.0	-66.0	127.0	10.0	164.05
79	24.0	-45.0	-30.0	15.0	-38.0	95.0	113.0	30.0	159.47
80	36.0	27.0	-12.0	-22.0	-36.0	66.0	36.0	-31.0	165.32
81	25.0	-5.0	117.0	-29.0	107.0	8.0	44.0	93.0	161.3
82	29.0	-74.0	-42.0	106.0	-39.0	-57.0	-114.0	-43.0	159.35
83	39.0	-23.0	-31.0	-9.0	-96.0	127.0	-31.0	-27.0	159.35
