0	-99.0	-70.0	-19.0	17.0	89.0	127.0	2.0	-38.0	171.84
1	-97.0	62.0	-16.0	-16.0	-121.0	-34.0	-77.0	55.0	171.94
2	-6.0	24.0	-17.0	65.0	-128.0	-128.0	109.0	63.0	178.1
3	19.0	-6.0	23.0	24.0	98.0	-15.0	55.0	29.0	179.57
4	31.0	2.0	-16.0	-2.0	108.0	-83.0	-88.0	21.0	179.98
5	55.0	45.0	7.0	56.0	30.0	73.0	30.0	-4.0	178.56
6	-42.0	17.0	-30.0	73.0	20.0	121.0	99.0	26.0	179.57
7	51.0	22.0	-17.0	-10.0	-25.0	127.0	15.0	-93.0	178.11
8	26.0	43.0	37.0	-46.0	120.0	116.0	126.0	-109.0	178.1
9	-59.0	-22.0	1.0	81.0	-34.0	-128.0	-82.0	-55.0	171.27
10	71.0	-38.0	20.0	21.0	-82.0	-3.0	29.0	-101.0	171.27
11	-71.0	-4.0	6.0	34.0	127.0	127.0	101.0	3.0	164.21
12	-34.0	81.0	-3.0	3.0	56.0	-38.0	21.0	-51.0	160.21
13	109.0	19.0	10.0	47.0	0.0	-35.0	40.0	106.0	159.28
14	34.0	-10.0	-11.0	-12.0	-7.0	40.0	-109.0	93.0	159.28
15	-14.0	4.0	47.0	8.0	-77.0	59.0	79.0	60.0	156.73
16	55.0	2.0	22.0	-105.0	38.0	-33.0	39.0	-57.0	158.55
17	34.0	-124.0	-66.0	84.0	127.0	-46.0	26.0	-50.0	157.3
18	-8.0	-62.0	-1.0	20.0	73.0	-128.0	-72.0	18.0	156.04
19	-26.0	-9.0	-66.0	-10.0	113.0	-76.0	-43.0	69.0	144.48
20	0.0	12.0	-16.0	19.0	76.0	-110.0	12.0	51.0	150.25
21	-88.0	-16.0	7.0	-67.0	-128.0	77.0	-108.0	28.0	150.11
22	87.0	-5.0	12.0	-58.0	-128.0	-65.0	-18.0	-42.0	139.17
23	-61.0	-3.0	-9.0	99.0	2.0	70.0	64.0	53.0	137.3
24	-47.0	106.0	9.0	99.0	-81.0	66.0	77.0	-56.0	135.57
25	57.0	-1.0	27.0	83.0	-9.0	-126.0	-43.0	102.0	136.49
26	20.0	5.0	-11.0	-38.0	11.0	127.0	-80.0	-101.0	135.11
27	-82.0	-9.0	-16.0	-8.0	69.0	-91.0	-40.0	92.0	137.3
28	7.0	-20.0	19.0	-67.0	3.0	-126.0	89.0	26.0	134.92
29	-32.0	16.0	-11.0	-122.0	-23.0	69.0	-79.0	1.0	133.49
30	68.0	-128.0	-39.0	-23.0	97.0	97.0	47.0	-69.0	127.09
31	-14.0	26.0	2.0	-18.0	127.0	98.0	127.0	-66.0	123.71
32	43.0	60.0	6.0	5.0	85.0	66.0	-21.0	35.0	126.12
33	-59.0	48.0	92.0	-27.0	-128.0	-7.0	-77.0	-46.0	123.71
34	-114.0	-20.0	16.0	26.0	-128.0	24.0	-38.0	74.0	134.92
35	-1.0	-15.0	-11.0	46.0	-128.0	46.0	110.0	-64.0	135.57
36	-3.0	25.0	-2.0	-5.0	-32.0	20.0	36.0	34.0	127.09
37	-65.0	81.0	14.0	127.0	58.0	73.0	81.0	-6.0	122.94
38	7.0	48.0	-5.0	30.0	-54.0	-83.0	36.0	-22.0	122.94
39	62.0	52.0	38.0	-16.0	-40.0	105.0	-18.0	-64.0	114.72
40	46.0	-49.0	-11.0	-100.0	66.0	-31.0	-42.0	67.0	113.57
41	-65.0	49.0	47.0	-89.0	127.0	-113.0	-43.0	55.0	115.17
42	37.0	23.0	-5.0	-7.0	98.0	79.0	-92.0	-4.0	114.08
43	27.0	-23.0	-24.0	-14.0	-7.0	118.0	-80.0	-15.0	113.33
44	25.0	33.0	-24.0	12.0	72.0	106.0	-76.0	-8.0	113.29
45	0.0	18.0	-16.0	84.0	88.0	86.0	-88.0	38.0	113.33
46	22.0	25.0	32.0	22.0	117.0	60.0	33.0	-128.0	114.72
47	-14.0	2.0	11.0	89.0	39.0	-25.0	23.0	83.0	118.59
48	-34.0	-5.0	62.0	54.0	-88.0	-16.0	-51.0	111.0	118.92
49	24.0	92.0	1.0	-13.0	-105.0	27.0	22.0	-84.0	118.92
50	-23.0	-21.0	-26.0	2.0	47.0	-79.0	4.0	-73.0	119.97
51	42.0	89.0	22.0	-101.0	60.0	49.0	77.0	-5.0	126.12
52	-114.0	-38.0	49.0	-120.0	-42.0	-96.0	4.0	44.0	135.57
53	6.0	-128.0	-39.0	-20.0	-91.0	81.0	-103.0	19.0	130.05
54	0.0	54.0	-39.0	-122.0	13.0	30.0	13.0	89.0	124.05
55	-110.0	-5.0	7.0	27.0	66.0	34.0	87.0	103.0	133.49
56	25.0	-4.0	-8.0	58.0	-29.0	23.0	-6.0	11.0	138.54
57	87.0	-40.0	37.0	23.0	35.0	56.0	-28.0	-128.0	139.17
58	-30.0	-18.0	-6.0	79.0	87.0	-51.0	-40.0	-13.0	143.1
59	-30.0	26.0	-11.0	-4.0	-39.0	82.0	-21.0	20.0	147.35
60	56.0	21.0	32.0	5.0	84.0	113.0	127.0	17.0	147.35
61	6.0	47.0	2.0	-6.0	38.0	24.0	-103.0	37.0	152.64
62	53.0	-48.0	19.0	-18.0	4.0	50.0	-39.0	-66.0	150.94
63	-33.0	-14.0	-18.0	-65.0	-64.0	-42.0	83.0	95.0	146.46
64	46.0	-45.0	-34.0	-6.0	-128.0	9.0	16.0	-44.0	144.48
65	65.0	-1.0	1.0	15.0	9.0	47.0	-16.0	-27.0	152.64
66	41.0	-13.0	-14.0	17.0	41.0	-70.0	127.0	74.0	150.94
67	-6.0	59.0	16.0	-65.0	-29.0	76.0	-54.0	95.0	157.3
68	-27.0	-9.0	30.0	3.0	117.0	20.0	56.0	-75.0	163.19
69	10.0	-1.0	61.0	-26.0	-60.0	-27.0	30.0	3.0	160.58
70	9.0	-64.0	-38.0	-6.0	-22.0	-86.0	-9.0	18.0	162.4
71	83.0	-2.0	-3.0	-83.0	100.0	-79.0	77.0	-113.0	164.05
72	22.0	34.0	-16.0	2.0	-70.0	100.0	-128.0	91.0	159.89
73	55.0	-28.0	6.0	-20.0	-10.0	127.0	74.0	18.0	160.23
74	40.0	36.0	6.0	37.0	-76.0	127.0	85.0	32.0	167.08
75	31.0	18.0	-16.0	13.0	28.0	-79.0	-11.0	-128.0	162.61
76	-53.0	-38.0	8.0	20.0	-3.0	90.0	-3.0	-74.0	162.61
77	-16.0	3.0	-8.0	-65.0	77.0	-128.0	-103.0	92.0	161.88
78	45.0	16.0	14.0	8.0	-97.0	-14.0	74.0	44.0	165.64
79	39.0	-67.0	-62.0	127.0	-12.0	-66.0	-78.0	13.0	170.44
80	-13.0	7.0	-3.0	65.0	94.0	-128.0	-128.0	121.0	161.88
81	5.0	-38.0	-36.0	32.0	-44.0	-15.0	-88.0	34.0	160.23
82	-17.0	20.0	-2.0	-51.0	-128.0	10.0	27.0	-109.0	166.77
83	-73.0	8.0	-30.0	15.0	127.0	-128.0	59.0	-122.0	167.08
84	21.0	-73.0	12.0	21.0	50.0	119.0	66.0	21.0	160.58
85	43.0	28.0	23.0	-14.0	62.0	-20.0	-23.0	-128.0	170.44
86	47.0	21.0	50.0	-95.0	117.0	-21.0	-115.0	-10.0	165.64
87	-31.0	-4.0	-6.0	-118.0	-78.0	127.0	63.0	-49.0	171.83
