0	-43.0	17.0	-98.0	-4.0	108.0	3.0	-11.0	-5.0	154.75
1	-8.0	-6.0	-14.0	50.0	25.0	52.0	93.0	14.0	142.46
2	13.0	14.0	39.0	-23.0	-7.0	97.0	-59.0	-39.0	149.85
3	7.0	-14.0	6.0	-77.0	-102.0	28.0	-28.0	18.0	144.54
4	8.0	-6.0	1.0	-38.0	-86.0	21.0	29.0	-75.0	138.11
5	-16.0	3.0	118.0	-26.0	126.0	-10.0	-117.0	44.0	147.02
6	-2.0	-7.0	-12.0	-77.0	127.0	-33.0	45.0	10.0	143.19
7	3.0	26.0	-41.0	-8.0	2.0	46.0	-10.0	-11.0	154.55
8	26.0	-6.0	5.0	-4.0	-16.0	-23.0	101.0	127.0	144.54
9	66.0	-1.0	42.0	-61.0	-44.0	-128.0	44.0	-58.0	151.87
10	-37.0	45.0	-24.0	-110.0	2.0	-68.0	50.0	-5.0	154.55
11	-32.0	-29.0	15.0	-44.0	-72.0	-80.0	18.0	-60.0	143.19
12	-15.0	14.0	-48.0	17.0	-59.0	-36.0	48.0	-32.0	147.36
13	0.0	15.0	-118.0	-65.0	30.0	-43.0	2.0	74.0	147.36
14	-6.0	8.0	105.0	39.0	54.0	127.0	66.0	33.0	150.95
15	61.0	-10.0	90.0	76.0	29.0	22.0	-33.0	-62.0	143.46
16	-32.0	6.0	53.0	87.0	-71.0	65.0	-80.0	-93.0	142.62
17	64.0	24.0	-3.0	21.0	-19.0	-63.0	41.0	39.0	138.11
18	18.0	11.0	-23.0	8.0	-4.0	37.0	42.0	47.0	116.64
19	-8.0	6.0	39.0	44.0	25.0	-96.0	88.0	-5.0	124.06
20	-47.0	-18.0	31.0	5.0	11.0	-68.0	0.0	-25.0	133.27
21	29.0	-14.0	-13.0	10.0	-23.0	-81.0	42.0	28.0	116.64
22	-40.0	17.0	-21.0	87.0	26.0	-32.0	72.0	-62.0	121.23
23	37.0	-24.0	-29.0	-97.0	-17.0	-11.0	48.0	23.0	116.01
24	62.0	-7.0	3.0	-47.0	7.0	65.0	66.0	117.0	113.56
25	9.0	13.0	-3.0	100.0	127.0	-45.0	17.0	39.0	113.79
26	-64.0	2.0	38.0	5.0	127.0	125.0	-79.0	-70.0	126.75
27	18.0	4.0	-21.0	-70.0	-18.0	127.0	15.0	24.0	132.15
28	30.0	-13.0	1.0	-14.0	99.0	51.0	-93.0	82.0	140.66
29	0.0	-35.0	42.0	-77.0	-12.0	127.0	-43.0	-51.0	116.22
30	-2.0	-27.0	10.0	-3.0	-72.0	-21.0	28.0	-37.0	112.6
31	-39.0	-16.0	-55.0	-112.0	-86.0	127.0	33.0	14.0	128.7
32	-21.0	-13.0	-30.0	-25.0	47.0	50.0	-82.0	91.0	121.23
33	119.0	-17.0	-61.0	-23.0	-86.0	127.0	78.0	55.0	135.18
34	-12.0	10.0	17.0	1.0	16.0	-118.0	61.0	52.0	136.16
35	79.0	-5.0	-35.0	21.0	-16.0	45.0	69.0	-31.0	119.55
36	-32.0	45.0	19.0	-8.0	49.0	66.0	0.0	39.0	113.96
37	-34.0	44.0	71.0	69.0	41.0	61.0	-54.0	107.0	134.71
38	36.0	-4.0	-36.0	6.0	53.0	119.0	15.0	10.0	133.27
39	71.0	-6.0	1.0	-42.0	127.0	127.0	2.0	-128.0	125.24
40	-30.0	3.0	-36.0	-97.0	-61.0	70.0	-1.0	-15.0	118.8
41	-20.0	-35.0	-15.0	116.0	0.0	-23.0	-34.0	0.0	130.47
42	0.0	7.0	-13.0	64.0	67.0	127.0	6.0	23.0	137.25
43	78.0	2.0	-55.0	49.0	-51.0	64.0	72.0	47.0	128.7
44	9.0	3.0	-33.0	-7.0	-107.0	81.0	-4.0	37.0	116.22
45	18.0	-1.0	-18.0	1.0	70.0	14.0	19.0	-65.0	126.75
46	-6.0	4.0	-61.0	-15.0	127.0	-48.0	39.0	15.0	113.79
47	10.0	-3.0	-36.0	-45.0	-19.0	76.0	12.0	-13.0	112.6
48	5.0	-11.0	54.0	-34.0	127.0	45.0	16.0	-37.0	133.52
49	-43.0	2.0	-41.0	-35.0	24.0	17.0	38.0	-39.0	137.25
50	-8.0	-11.0	-29.0	-79.0	5.0	-5.0	-33.0	28.0	150.95
51	3.0	47.0	-37.0	-44.0	127.0	-33.0	28.0	-93.0	144.51
52	-9.0	43.0	3.0	-111.0	12.0	127.0	-23.0	33.0	160.92
53	-8.0	-5.0	29.0	-44.0	-63.0	32.0	-100.0	1.0	163.0
54	119.0	-10.0	17.0	39.0	-58.0	126.0	-43.0	-9.0	157.83
55	-12.0	3.0	-49.0	100.0	-86.0	19.0	-28.0	32.0	166.06
56	-41.0	55.0	-4.0	21.0	-8.0	99.0	-29.0	72.0	166.06
57	18.0	7.0	-15.0	80.0	24.0	12.0	-79.0	-53.0	173.26
58	22.0	8.0	11.0	-7.0	41.0	39.0	-15.0	-35.0	168.28
59	6.0	25.0	0.0	17.0	-9.0	45.0	119.0	-89.0	175.17
60	20.0	-15.0	-2.0	122.0	33.0	-128.0	18.0	25.0	178.61
61	-50.0	-6.0	12.0	-45.0	32.0	70.0	78.0	48.0	178.45
62	-23.0	23.0	-21.0	-128.0	54.0	36.0	7.0	-32.0	178.2
63	28.0	17.0	22.0	32.0	0.0	43.0	15.0	39.0	178.45
64	28.0	-21.0	28.0	13.0	-28.0	126.0	28.0	58.0	178.73
65	-25.0	-9.0	-46.0	12.0	-17.0	21.0	41.0	127.0	176.55
66	76.0	-21.0	5.0	81.0	-26.0	77.0	6.0	117.0	173.26
67	5.0	5.0	71.0	-63.0	64.0	-10.0	-32.0	33.0	171.37
68	3.0	7.0	18.0	-44.0	-93.0	65.0	-33.0	-103.0	176.55
69	-37.0	6.0	9.0	77.0	30.0	55.0	43.0	-9.0	174.12
70	35.0	-17.0	-3.0	116.0	109.0	-42.0	58.0	53.0	168.28
71	-100.0	-80.0	9.0	-12.0	34.0	-5.0	-14.0	0.0	168.75
72	35.0	-13.0	38.0	-7.0	-96.0	-85.0	-101.0	-89.0	178.2
73	13.0	3.0	22.0	22.0	-96.0	-72.0	26.0	-10.0	178.76
74	-21.0	17.0	23.0	70.0	127.0	121.0	107.0	-9.0	177.53
75	-41.0	7.0	25.0	29.0	-28.0	127.0	91.0	-8.0	174.12
76	-24.0	-11.0	23.0	-95.0	17.0	55.0	-28.0	-61.0	177.44
77	15.0	-22.0	-7.0	-8.0	67.0	17.0	-80.0	-74.0	178.73
78	-9.0	7.0	-4.0	100.0	21.0	-21.0	69.0	-102.0	173.01
79	13.0	-22.0	-15.0	-15.0	-62.0	66.0	66.0	33.0	165.86
80	71.0	-29.0	-12.0	-9.0	-107.0	72.0	119.0	16.0	159.37
81	-24.0	-6.0	-29.0	-32.0	11.0	-128.0	39.0	-51.0	163.0
82	-25.0	7.0	-46.0	-25.0	-74.0	-10.0	-6.0	-5.0	160.92
83	15.0	7.0	-49.0	-61.0	127.0	29.0	-18.0	-128.0	157.55
84	-3.0	4.0	-36.0	-111.0	-12.0	37.0	44.0	105.0	157.55
85	16.0	-17.0	-13.0	52.0	-12.0	14.0	-32.0	66.0	143.46
86	-9.0	20.0	-33.0	-61.0	61.0	-54.0	-34.0	53.0	145.74
