0	127.0	-84.0	94.0	-15.0	-19.0	127.0	50.0	-19.0	168.38
1	17.0	44.0	-6.0	-33.0	67.0	-26.0	127.0	-58.0	169.66
2	-20.0	-1.0	-20.0	-52.0	-87.0	67.0	25.0	-87.0	163.1
3	29.0	30.0	-37.0	-81.0	-59.0	-42.0	17.0	-44.0	162.15
4	39.0	1.0	98.0	35.0	-93.0	-117.0	-35.0	32.0	168.03
5	-67.0	18.0	32.0	-19.0	-64.0	121.0	51.0	64.0	170.14
6	10.0	-28.0	28.0	-21.0	123.0	88.0	44.0	-47.0	159.78
7	-101.0	-75.0	-2.0	-20.0	29.0	-101.0	96.0	4.0	158.21
8	-42.0	-4.0	-24.0	-15.0	-46.0	86.0	-2.0	-128.0	157.42
9	8.0	-31.0	-107.0	-36.0	7.0	-107.0	-13.0	-34.0	154.7
10	27.0	44.0	47.0	30.0	-21.0	127.0	88.0	-29.0	150.28
11	-60.0	11.0	20.0	-45.0	-51.0	127.0	-5.0	-5.0	157.2
12	22.0	-102.0	-6.0	-19.0	3.0	105.0	5.0	61.0	153.67
13	-93.0	-29.0	-17.0	-36.0	-116.0	-53.0	-53.0	-8.0	151.02
14	-60.0	83.0	-67.0	-51.0	-114.0	-51.0	52.0	-102.0	145.82
15	-118.0	34.0	7.0	-37.0	-7.0	-104.0	-2.0	44.0	146.81
16	5.0	-4.0	-20.0	-35.0	127.0	127.0	63.0	-7.0	145.82
17	121.0	-27.0	-5.0	-32.0	-82.0	-85.0	-108.0	34.0	132.78
18	81.0	-5.0	-1.0	-38.0	-13.0	108.0	-53.0	58.0	143.68
19	-33.0	-54.0	-28.0	-7.0	32.0	-29.0	-48.0	-128.0	125.46
20	23.0	-78.0	61.0	-16.0	-128.0	106.0	39.0	29.0	117.73
21	-29.0	-63.0	5.0	-74.0	127.0	127.0	85.0	-61.0	117.32
22	80.0	20.0	-3.0	-82.0	-43.0	127.0	-62.0	15.0	104.88
23	-25.0	48.0	29.0	103.0	55.0	98.0	-75.0	-31.0	104.88
24	-53.0	2.0	-45.0	61.0	80.0	-65.0	-33.0	10.0	103.21
25	32.0	-5.0	-30.0	-55.0	104.0	-17.0	97.0	-54.0	103.21
26	56.0	-5.0	34.0	-44.0	76.0	-128.0	-33.0	-45.0	109.86
27	-26.0	-78.0	85.0	-22.0	127.0	72.0	-52.0	81.0	113.23
28	20.0	0.0	-24.0	0.0	4.0	126.0	-92.0	73.0	116.44
29	-30.0	-6.0	-7.0	-128.0	127.0	-119.0	-14.0	40.0	107.65
30	55.0	15.0	-16.0	-13.0	100.0	-1.0	97.0	92.0	103.76
31	36.0	46.0	1.0	-101.0	109.0	-42.0	29.0	-96.0	107.93
32	42.0	47.0	-12.0	28.0	-116.0	-90.0	-8.0	79.0	102.79
33	15.0	3.0	-24.0	-35.0	-127.0	-18.0	-19.0	-119.0	106.27
34	-79.0	19.0	31.0	86.0	127.0	127.0	-86.0	20.0	111.86
35	64.0	90.0	-7.0	7.0	127.0	-11.0	93.0	-85.0	107.93
36	-5.0	18.0	9.0	35.0	114.0	-77.0	-63.0	61.0	114.16
37	-21.0	5.0	-44.0	-37.0	5.0	-31.0	127.0	-128.0	115.0
38	-43.0	-71.0	-25.0	-15.0	127.0	28.0	-61.0	-128.0	115.0
39	65.0	85.0	-14.0	11.0	-104.0	-128.0	17.0	48.0	114.16
40	51.0	-48.0	-29.0	36.0	-20.0	-128.0	51.0	12.0	103.6
41	-110.0	30.0	17.0	110.0	-11.0	127.0	20.0	-15.0	103.6
42	39.0	-23.0	-10.0	-21.0	32.0	9.0	75.0	-85.0	117.73
43	79.0	-54.0	-13.0	-12.0	-33.0	-63.0	-105.0	51.0	119.41
44	-25.0	-4.0	13.0	-16.0	107.0	-128.0	-112.0	-27.0	122.7
45	13.0	-6.0	15.0	1.0	90.0	123.0	-28.0	116.0	132.78
46	25.0	40.0	-122.0	47.0	-14.0	-81.0	-109.0	-24.0	141.8
47	-8.0	37.0	-3.0	10.0	55.0	125.0	0.0	9.0	143.68
48	-44.0	-54.0	-14.0	-43.0	-75.0	127.0	84.0	76.0	129.43
49	-23.0	-27.0	23.0	76.0	8.0	-26.0	19.0	-88.0	130.93
50	62.0	-26.0	-21.0	30.0	-40.0	-22.0	64.0	-25.0	126.81
51	54.0	-22.0	-7.0	39.0	69.0	-82.0	91.0	-96.0	122.97
52	50.0	67.0	-5.0	66.0	19.0	-47.0	97.0	-88.0	140.95
53	-21.0	-19.0	100.0	-72.0	-73.0	89.0	-4.0	97.0	136.81
54	36.0	-15.0	52.0	7.0	90.0	54.0	28.0	32.0	122.97
55	-16.0	-42.0	-6.0	-38.0	26.0	-112.0	-13.0	70.0	130.47
56	30.0	-34.0	-20.0	30.0	-9.0	-5.0	54.0	32.0	136.81
57	-60.0	12.0	-7.0	-15.0	109.0	113.0	71.0	-20.0	122.7
58	-25.0	-11.0	68.0	1.0	-107.0	96.0	-118.0	107.0	137.41
59	-63.0	-73.0	-13.0	18.0	-31.0	-17.0	-55.0	-110.0	145.22
60	-33.0	78.0	17.0	-74.0	112.0	-97.0	-3.0	29.0	153.67
61	50.0	33.0	-29.0	63.0	-48.0	127.0	-128.0	29.0	148.6
62	-67.0	-9.0	111.0	127.0	22.0	127.0	27.0	-98.0	146.81
63	-102.0	-115.0	-13.0	2.0	26.0	-91.0	-1.0	41.0	151.02
64	71.0	36.0	16.0	-7.0	-128.0	122.0	33.0	67.0	155.34
65	1.0	-36.0	37.0	-52.0	116.0	100.0	15.0	105.0	157.2
66	55.0	77.0	-2.0	-27.0	64.0	59.0	127.0	10.0	159.78
67	-17.0	-98.0	-16.0	6.0	86.0	41.0	-49.0	65.0	162.15
68	-124.0	9.0	-4.0	88.0	106.0	35.0	71.0	113.0	165.8
69	23.0	-52.0	37.0	-128.0	92.0	-128.0	-42.0	38.0	164.5
70	54.0	40.0	33.0	-22.0	-57.0	127.0	22.0	112.0	170.92
71	49.0	51.0	36.0	94.0	65.0	30.0	11.0	-26.0	171.42
72	-24.0	-55.0	-30.0	9.0	109.0	127.0	25.0	1.0	171.39
73	-13.0	10.0	61.0	31.0	101.0	15.0	-47.0	35.0	171.68
74	-37.0	-44.0	-11.0	-28.0	-84.0	-45.0	-36.0	127.0	171.42
75	48.0	37.0	98.0	22.0	-99.0	-117.0	-37.0	-106.0	171.68
76	59.0	7.0	-53.0	-18.0	99.0	101.0	20.0	-33.0	171.31
77	-50.0	-18.0	1.0	88.0	-49.0	108.0	0.0	105.0	171.31
78	-71.0	-45.0	-24.0	75.0	-96.0	-67.0	-55.0	-5.0	171.26
79	-13.0	-4.0	-2.0	39.0	64.0	121.0	27.0	-56.0	170.39
80	56.0	47.0	24.0	100.0	12.0	-125.0	103.0	17.0	170.39
81	121.0	32.0	-11.0	51.0	64.0	15.0	14.0	-93.0	170.14
82	-29.0	-80.0	7.0	44.0	9.0	-128.0	17.0	-19.0	170.28
83	-128.0	22.0	-53.0	-30.0	-33.0	108.0	-128.0	-76.0	169.93
84	-62.0	45.0	-27.0	31.0	-67.0	-128.0	-16.0	15.0	168.38
85	6.0	-6.0	1.0	-53.0	22.0	-11.0	-124.0	-12.0	170.38
86	51.0	20.0	1.0	-23.0	-24.0	-62.0	-3.0	-48.0	168.03
