0	35.0	-20.0	-17.0	86.0	-11.0	14.0	63.0	-39.0	128.53
1	127.0	-12.0	-2.0	-42.0	-115.0	-4.0	64.0	111.0	137.0
2	-22.0	-19.0	-24.0	-40.0	-7.0	-39.0	127.0	127.0	129.84
3	-35.0	28.0	-6.0	7.0	35.0	-32.0	47.0	-5.0	131.25
4	-4.0	64.0	-9.0	0.0	96.0	90.0	-23.0	-68.0	116.26
5	-12.0	45.0	21.0	-15.0	127.0	59.0	-37.0	-66.0	125.01
6	33.0	-11.0	2.0	-85.0	61.0	-4.0	-89.0	127.0	123.67
7	31.0	2.0	22.0	51.0	-15.0	127.0	0.0	-2.0	109.65
8	-35.0	-1.0	22.0	7.0	-40.0	-9.0	-37.0	-13.0	111.38
9	87.0	66.0	30.0	-5.0	-79.0	9.0	119.0	-25.0	134.38
10	86.0	-19.0	127.0	8.0	127.0	66.0	127.0	-27.0	109.66
11	42.0	11.0	-25.0	-24.0	48.0	127.0	86.0	-14.0	107.35
12	-12.0	110.0	-41.0	10.0	-37.0	-13.0	47.0	48.0	109.66
13	-14.0	64.0	-57.0	86.0	-45.0	-49.0	-82.0	-40.0	125.03
14	-30.0	13.0	13.0	-18.0	-73.0	-39.0	71.0	-27.0	117.56
15	29.0	27.0	44.0	-33.0	21.0	12.0	11.0	-34.0	109.71
16	-8.0	0.0	-12.0	-2.0	-51.0	71.0	37.0	127.0	107.35
17	-15.0	-3.0	30.0	-26.0	-79.0	30.0	61.0	63.0	116.48
18	-5.0	4.0	-9.0	58.0	-51.0	127.0	43.0	30.0	125.01
19	6.0	-29.0	-8.0	-4.0	127.0	127.0	-23.0	-67.0	110.42
20	38.0	43.0	-11.0	25.0	76.0	-3.0	-7.0	85.0	139.51
21	15.0	108.0	-28.0	58.0	127.0	-118.0	20.0	76.0	144.01
22	-37.0	19.0	44.0	12.0	85.0	49.0	83.0	-42.0	131.25
23	-4.0	29.0	-8.0	3.0	-91.0	14.0	-99.0	-26.0	143.1
24	-5.0	-19.0	3.0	-29.0	-37.0	-55.0	13.0	-6.0	150.43
25	-3.0	1.0	-10.0	127.0	22.0	-8.0	-4.0	42.0	144.31
26	31.0	-1.0	-41.0	25.0	61.0	61.0	34.0	-5.0	150.43
27	-9.0	44.0	27.0	-38.0	115.0	71.0	-96.0	-128.0	156.51
28	42.0	57.0	2.0	43.0	-91.0	127.0	-4.0	46.0	156.21
29	-2.0	127.0	22.0	-15.0	-78.0	-26.0	95.0	-67.0	152.44
30	-12.0	40.0	-18.0	-68.0	16.0	-8.0	-35.0	127.0	147.4
31	-2.0	-45.0	-34.0	127.0	47.0	-71.0	42.0	72.0	153.17
32	88.0	4.0	3.0	96.0	122.0	-55.0	-17.0	-56.0	152.44
33	13.0	-8.0	-4.0	127.0	95.0	42.0	-120.0	59.0	159.17
34	46.0	-2.0	2.0	31.0	-36.0	34.0	-60.0	91.0	156.51
35	-6.0	18.0	24.0	-116.0	127.0	-66.0	114.0	58.0	144.72
36	-116.0	-21.0	-16.0	25.0	14.0	68.0	84.0	127.0	147.4
37	-35.0	127.0	-37.0	124.0	-29.0	59.0	15.0	127.0	161.74
38	31.0	3.0	0.0	3.0	-128.0	16.0	16.0	42.0	165.41
39	61.0	-3.0	-28.0	25.0	16.0	-19.0	34.0	-101.0	166.32
40	-4.0	-39.0	20.0	48.0	127.0	127.0	6.0	-9.0	165.97
41	25.0	26.0	14.0	20.0	-29.0	54.0	29.0	-41.0	164.47
42	127.0	126.0	33.0	12.0	-80.0	48.0	56.0	9.0	166.41
43	61.0	29.0	2.0	86.0	127.0	16.0	7.0	103.0	166.47
44	10.0	-49.0	0.0	44.0	127.0	-8.0	29.0	39.0	166.97
45	31.0	6.0	-12.0	-10.0	57.0	50.0	-14.0	127.0	168.96
46	-32.0	10.0	-10.0	43.0	-57.0	49.0	127.0	2.0	169.76
47	41.0	26.0	0.0	-8.0	28.0	3.0	67.0	83.0	169.75
48	51.0	10.0	127.0	66.0	76.0	-68.0	-4.0	-5.0	170.66
49	22.0	-7.0	0.0	3.0	-12.0	-128.0	-12.0	16.0	170.66
50	-33.0	-47.0	-10.0	-20.0	66.0	-3.0	53.0	113.0	170.12
51	-13.0	12.0	12.0	-73.0	126.0	21.0	25.0	57.0	168.19
52	127.0	6.0	114.0	127.0	96.0	-101.0	55.0	-9.0	168.19
53	31.0	-20.0	12.0	127.0	127.0	26.0	-53.0	-1.0	170.12
54	-31.0	-5.0	-33.0	28.0	7.0	38.0	-28.0	59.0	166.34
55	56.0	-11.0	27.0	-103.0	-5.0	127.0	71.0	62.0	167.14
56	74.0	5.0	127.0	31.0	65.0	-77.0	-80.0	-18.0	166.97
57	0.0	6.0	-7.0	104.0	-78.0	127.0	41.0	-43.0	166.32
58	50.0	-21.0	3.0	-3.0	-57.0	127.0	127.0	-101.0	165.21
59	62.0	23.0	18.0	10.0	127.0	36.0	29.0	-82.0	159.61
60	-5.0	-30.0	-24.0	-35.0	127.0	101.0	2.0	36.0	159.61
61	-22.0	1.0	11.0	-97.0	127.0	-53.0	-13.0	48.0	165.09
62	42.0	-7.0	14.0	18.0	8.0	45.0	13.0	77.0	165.97
63	36.0	-27.0	-34.0	18.0	-7.0	-128.0	-43.0	32.0	165.09
64	98.0	6.0	-28.0	5.0	127.0	-128.0	-118.0	-43.0	154.32
65	-85.0	117.0	127.0	33.0	66.0	127.0	-9.0	-28.0	159.17
66	-12.0	39.0	127.0	18.0	122.0	127.0	127.0	5.0	159.4
67	-85.0	22.0	-11.0	104.0	-119.0	46.0	-11.0	-16.0	159.13
68	62.0	-91.0	-8.0	-23.0	51.0	74.0	-35.0	-9.0	144.01
69	88.0	-21.0	28.0	-5.0	127.0	98.0	52.0	-44.0	137.0
70	17.0	-45.0	91.0	12.0	66.0	-103.0	21.0	-66.0	143.92
71	-4.0	33.0	11.0	-74.0	87.0	91.0	-43.0	29.0	156.21
72	22.0	6.0	19.0	-19.0	41.0	54.0	127.0	-69.0	145.12
73	-18.0	-59.0	10.0	-68.0	-119.0	30.0	81.0	37.0	149.84
74	-35.0	13.0	-11.0	-11.0	127.0	91.0	-58.0	127.0	143.66
75	-78.0	117.0	50.0	127.0	-38.0	-33.0	127.0	-39.0	146.86
76	127.0	-42.0	27.0	-15.0	-23.0	59.0	61.0	-128.0	145.12
77	127.0	-40.0	3.0	127.0	-113.0	127.0	63.0	-5.0	143.66
78	107.0	26.0	15.0	114.0	-119.0	-111.0	63.0	58.0	134.78
79	23.0	19.0	2.0	-40.0	127.0	93.0	28.0	62.0	134.42
80	31.0	43.0	28.0	1.0	124.0	-41.0	-96.0	-18.0	125.03
81	8.0	57.0	15.0	-28.0	66.0	127.0	-9.0	-45.0	111.38
82	127.0	-24.0	-24.0	-109.0	96.0	45.0	42.0	72.0	110.74
83	6.0	-34.0	0.0	-30.0	-49.0	-53.0	127.0	71.0	117.56
84	-35.0	2.0	24.0	2.0	-78.0	-8.0	63.0	42.0	134.42
85	10.0	31.0	124.0	-8.0	8.0	80.0	115.0	-1.0	112.32
86	-114.0	124.0	111.0	-23.0	-45.0	127.0	-1.0	-22.0	134.78
