0	-17.0	-3.0	-4.0	-31.0	94.0	46.0	57.0	57.0	163.67
1	22.0	-11.0	22.0	1.0	-99.0	78.0	1.0	-128.0	168.68
2	75.0	-1.0	-22.0	40.0	-70.0	-128.0	-91.0	-21.0	164.57
3	127.0	21.0	-17.0	2.0	-28.0	-128.0	-50.0	-98.0	169.61
4	-29.0	-1.0	16.0	-53.0	-62.0	-41.0	-98.0	77.0	169.72
5	-27.0	127.0	127.0	-17.0	-5.0	-70.0	121.0	46.0	169.9
6	65.0	23.0	-3.0	-49.0	-12.0	125.0	123.0	-121.0	169.72
7	-28.0	14.0	-24.0	36.0	117.0	127.0	8.0	23.0	168.68
8	54.0	17.0	-13.0	-25.0	20.0	27.0	-11.0	-55.0	169.61
9	-104.0	-23.0	-72.0	4.0	-42.0	-34.0	-14.0	-46.0	169.72
10	-52.0	-34.0	-31.0	1.0	75.0	25.0	-12.0	72.0	162.71
11	-18.0	31.0	13.0	113.0	87.0	125.0	-5.0	20.0	160.12
12	11.0	-8.0	9.0	-9.0	127.0	5.0	12.0	-28.0	167.95
13	127.0	48.0	24.0	-19.0	35.0	0.0	53.0	-43.0	169.16
14	-4.0	18.0	-33.0	-9.0	76.0	0.0	14.0	20.0	169.35
15	-70.0	-37.0	-43.0	4.0	-57.0	8.0	6.0	0.0	169.04
16	12.0	6.0	17.0	-12.0	-44.0	76.0	13.0	-3.0	164.57
17	-36.0	5.0	-18.0	118.0	127.0	40.0	29.0	-43.0	155.38
18	-122.0	18.0	-18.0	-19.0	6.0	127.0	-33.0	16.0	157.05
19	41.0	-2.0	-2.0	4.0	51.0	-64.0	60.0	-56.0	153.74
20	13.0	-9.0	-13.0	-10.0	52.0	99.0	-50.0	127.0	151.41
21	28.0	-57.0	-2.0	-15.0	-84.0	127.0	67.0	12.0	149.95
22	7.0	-15.0	29.0	-2.0	-16.0	-128.0	11.0	25.0	152.87
23	15.0	14.0	1.0	-36.0	49.0	127.0	-12.0	-83.0	143.81
24	-15.0	-29.0	0.0	-24.0	32.0	-51.0	11.0	-19.0	140.37
25	52.0	8.0	28.0	-89.0	-27.0	-41.0	47.0	30.0	135.41
26	14.0	-58.0	32.0	-1.0	-111.0	123.0	44.0	-80.0	133.72
27	20.0	-19.0	1.0	-9.0	-22.0	23.0	-53.0	-40.0	132.84
28	-29.0	10.0	77.0	-5.0	8.0	-80.0	-34.0	-58.0	116.61
29	-36.0	10.0	-8.0	-9.0	8.0	-113.0	-31.0	115.0	130.93
30	81.0	-30.0	15.0	27.0	-27.0	127.0	-11.0	-46.0	129.29
31	-46.0	-1.0	6.0	26.0	-19.0	102.0	-84.0	-83.0	135.0
32	74.0	5.0	13.0	2.0	16.0	-80.0	63.0	-7.0	135.0
33	8.0	102.0	24.0	-24.0	127.0	-64.0	-75.0	46.0	128.86
34	10.0	-95.0	-8.0	50.0	-27.0	63.0	62.0	-25.0	116.26
35	1.0	-6.0	10.0	34.0	64.0	127.0	-16.0	-56.0	118.86
36	93.0	11.0	-17.0	90.0	54.0	100.0	-24.0	11.0	118.16
37	87.0	-13.0	-4.0	4.0	58.0	97.0	-27.0	29.0	116.61
38	-45.0	-14.0	-11.0	-16.0	-111.0	-52.0	-36.0	74.0	116.04
39	-26.0	-8.0	14.0	4.0	-12.0	-128.0	-22.0	55.0	116.26
40	40.0	-24.0	33.0	19.0	107.0	79.0	54.0	-45.0	117.58
41	-81.0	21.0	-35.0	36.0	35.0	16.0	71.0	25.0	116.26
42	63.0	20.0	-5.0	4.0	127.0	31.0	17.0	55.0	116.04
43	-66.0	89.0	-23.0	21.0	127.0	3.0	-48.0	-24.0	121.64
44	-2.0	36.0	0.0	79.0	-33.0	-62.0	-110.0	-106.0	125.97
45	43.0	42.0	3.0	4.0	-13.0	101.0	-82.0	83.0	121.64
46	-7.0	56.0	-10.0	127.0	-72.0	65.0	44.0	53.0	131.19
47	-39.0	3.0	-77.0	-30.0	-7.0	-91.0	-36.0	-50.0	137.01
48	27.0	10.0	-13.0	-11.0	-35.0	81.0	-19.0	0.0	116.94
49	12.0	-34.0	-18.0	10.0	127.0	-128.0	57.0	-36.0	122.01
50	13.0	-20.0	-24.0	7.0	-8.0	96.0	60.0	46.0	132.14
51	-5.0	10.0	127.0	-82.0	-82.0	44.0	107.0	-52.0	141.08
52	-122.0	17.0	-18.0	-128.0	-8.0	72.0	13.0	8.0	153.74
53	-70.0	-39.0	10.0	21.0	-10.0	17.0	-42.0	-34.0	145.15
54	80.0	9.0	15.0	34.0	14.0	79.0	76.0	57.0	135.8
55	-16.0	8.0	22.0	-60.0	93.0	-38.0	-46.0	-36.0	118.86
56	-2.0	-3.0	-77.0	36.0	-9.0	-94.0	-102.0	-39.0	128.27
57	75.0	98.0	22.0	47.0	-90.0	59.0	46.0	55.0	125.48
58	-18.0	20.0	13.0	32.0	-17.0	16.0	-98.0	-80.0	122.01
59	11.0	-128.0	127.0	50.0	53.0	92.0	127.0	-38.0	128.27
60	13.0	-31.0	-16.0	39.0	35.0	92.0	127.0	-109.0	131.19
61	34.0	-58.0	-1.0	9.0	78.0	70.0	8.0	-7.0	131.14
62	19.0	-5.0	111.0	-7.0	127.0	-62.0	-20.0	87.0	132.84
63	6.0	-14.0	15.0	-29.0	0.0	9.0	-18.0	12.0	123.93
64	-84.0	100.0	-16.0	16.0	-38.0	-53.0	-15.0	-94.0	131.14
65	-39.0	24.0	12.0	-69.0	-25.0	114.0	87.0	127.0	137.01
66	29.0	4.0	4.0	4.0	49.0	40.0	-40.0	-121.0	147.29
67	-48.0	12.0	-29.0	-41.0	74.0	-65.0	35.0	47.0	147.29
68	18.0	42.0	-18.0	-13.0	-34.0	44.0	56.0	62.0	149.95
69	7.0	77.0	2.0	-23.0	87.0	-100.0	-82.0	46.0	144.06
70	87.0	-21.0	-62.0	64.0	127.0	127.0	13.0	-43.0	144.06
71	8.0	39.0	-51.0	31.0	-76.0	96.0	-82.0	62.0	155.38
72	54.0	15.0	50.0	127.0	127.0	-78.0	70.0	62.0	161.14
73	-22.0	-1.0	1.0	64.0	-53.0	127.0	-98.0	99.0	157.79
74	21.0	-14.0	15.0	-31.0	-59.0	2.0	38.0	25.0	156.4
75	-58.0	0.0	15.0	3.0	-4.0	127.0	29.0	-20.0	162.34
76	-60.0	16.0	33.0	25.0	-33.0	85.0	127.0	-125.0	168.6
77	-17.0	-12.0	14.0	-24.0	48.0	55.0	100.0	-121.0	169.16
78	66.0	13.0	14.0	113.0	-30.0	-49.0	-57.0	11.0	168.81
79	81.0	-128.0	1.0	6.0	-44.0	-43.0	6.0	38.0	167.95
80	-35.0	-4.0	-4.0	79.0	2.0	-76.0	27.0	127.0	162.09
81	6.0	-5.0	-14.0	1.0	-13.0	63.0	-41.0	-68.0	156.4
82	-35.0	4.0	14.0	-2.0	87.0	45.0	-44.0	103.0	161.14
83	2.0	6.0	-25.0	-39.0	127.0	21.0	51.0	82.0	162.34
84	127.0	-23.0	15.0	28.0	54.0	-59.0	-22.0	-77.0	158.49
85	18.0	-103.0	-4.0	-64.0	60.0	-63.0	-38.0	-68.0	158.49
86	-51.0	12.0	2.0	100.0	51.0	127.0	-39.0	127.0	157.61
