0	-79.0	16.0	36.0	13.0	127.0	87.0	102.0	-3.0	156.74
1	45.0	-31.0	14.0	-27.0	-3.0	112.0	54.0	-5.0	158.0
2	-19.0	-5.0	4.0	6.0	-41.0	-11.0	-57.0	18.0	159.31
3	9.0	127.0	19.0	35.0	-83.0	-61.0	12.0	33.0	152.77
4	-5.0	-3.0	4.0	21.0	-10.0	127.0	54.0	79.0	161.86
5	72.0	1.0	-6.0	-25.0	-57.0	88.0	-47.0	-66.0	160.24
6	91.0	8.0	-2.0	23.0	29.0	127.0	-7.0	-5.0	158.0
7	-31.0	-29.0	26.0	7.0	62.0	24.0	11.0	13.0	151.59
8	4.0	-7.0	-1.0	16.0	70.0	-32.0	-40.0	31.0	144.16
9	-18.0	-41.0	-16.0	7.0	127.0	-104.0	70.0	42.0	133.02
10	-16.0	6.0	2.0	7.0	43.0	36.0	45.0	53.0	143.27
11	63.0	17.0	-4.0	-12.0	-128.0	-69.0	87.0	41.0	142.67
12	9.0	93.0	8.0	-23.0	-55.0	-90.0	26.0	15.0	141.86
13	21.0	-3.0	0.0	10.0	-127.0	114.0	51.0	48.0	140.01
14	52.0	-39.0	11.0	-117.0	-96.0	13.0	95.0	-82.0	132.6
15	-1.0	-16.0	21.0	-8.0	107.0	33.0	-25.0	31.0	133.02
16	24.0	-7.0	-16.0	-4.0	102.0	63.0	30.0	127.0	131.98
17	2.0	10.0	-49.0	-24.0	92.0	103.0	91.0	127.0	132.6
18	40.0	32.0	-3.0	20.0	21.0	12.0	-111.0	-98.0	125.69
19	-1.0	-3.0	-5.0	9.0	-29.0	-34.0	13.0	38.0	124.15
20	8.0	7.0	-16.0	23.0	-2.0	-6.0	16.0	-128.0	121.57
21	22.0	10.0	35.0	-34.0	-13.0	-33.0	65.0	-20.0	111.41
22	-14.0	10.0	9.0	-15.0	11.0	33.0	-64.0	66.0	110.93
23	-34.0	-32.0	-16.0	-4.0	-7.0	33.0	2.0	22.0	105.65
24	-13.0	-48.0	-1.0	20.0	-13.0	26.0	-56.0	127.0	107.74
25	54.0	10.0	-2.0	5.0	43.0	34.0	4.0	-17.0	108.37
26	-4.0	3.0	23.0	-53.0	-43.0	123.0	127.0	-68.0	109.44
27	-7.0	-17.0	-9.0	0.0	2.0	123.0	28.0	-59.0	105.65
28	-57.0	25.0	-11.0	88.0	37.0	112.0	40.0	92.0	110.17
29	-12.0	-46.0	14.0	127.0	5.0	13.0	13.0	70.0	110.93
30	-13.0	-29.0	9.0	9.0	127.0	127.0	39.0	-22.0	116.41
31	72.0	-24.0	27.0	-59.0	127.0	-65.0	-61.0	-68.0	119.99
32	19.0	-4.0	9.0	-10.0	-43.0	-34.0	50.0	39.0	121.12
33	-76.0	20.0	-33.0	-9.0	-43.0	-7.0	0.0	127.0	114.43
34	-7.0	-37.0	-6.0	14.0	-11.0	-20.0	-68.0	70.0	116.41
35	16.0	5.0	7.0	127.0	-26.0	58.0	14.0	66.0	117.73
36	9.0	-34.0	-1.0	14.0	127.0	-13.0	-37.0	-88.0	111.41
37	20.0	-6.0	23.0	14.0	22.0	52.0	-76.0	108.0	109.57
38	-67.0	43.0	1.0	-62.0	97.0	26.0	40.0	41.0	109.44
39	38.0	-11.0	23.0	-8.0	-52.0	42.0	-57.0	-82.0	114.17
40	24.0	-4.0	-47.0	-3.0	5.0	127.0	121.0	-70.0	114.17
41	5.0	8.0	26.0	33.0	80.0	-122.0	7.0	-95.0	118.32
42	92.0	-6.0	26.0	33.0	32.0	-33.0	103.0	28.0	118.28
43	-51.0	1.0	-11.0	-8.0	95.0	-58.0	47.0	54.0	127.33
44	120.0	-5.0	-1.0	-19.0	-76.0	-37.0	13.0	127.0	127.33
45	1.0	9.0	-35.0	28.0	-96.0	74.0	47.0	86.0	121.99
46	9.0	-13.0	-24.0	-7.0	19.0	127.0	-67.0	2.0	129.43
47	-10.0	-28.0	8.0	0.0	-80.0	-3.0	13.0	-1.0	128.59
48	-25.0	44.0	3.0	-8.0	-11.0	-32.0	-51.0	23.0	126.96
49	-51.0	29.0	8.0	6.0	9.0	-18.0	-87.0	31.0	121.57
50	13.0	5.0	10.0	42.0	75.0	-44.0	78.0	40.0	124.15
51	-26.0	-27.0	-18.0	-28.0	11.0	-17.0	62.0	-23.0	131.98
52	28.0	6.0	9.0	14.0	97.0	117.0	52.0	-14.0	142.67
53	-4.0	-19.0	-1.0	6.0	114.0	24.0	116.0	-23.0	145.25
54	-113.0	-2.0	0.0	17.0	-115.0	33.0	-62.0	76.0	151.59
55	75.0	-13.0	-13.0	18.0	-52.0	68.0	2.0	44.0	147.54
56	8.0	-9.0	-4.0	-23.0	-6.0	-73.0	95.0	108.0	147.54
57	29.0	-22.0	16.0	-15.0	106.0	-69.0	-42.0	-72.0	145.25
58	-30.0	-4.0	-5.0	-25.0	48.0	-42.0	-13.0	70.0	145.72
59	-30.0	53.0	-1.0	-36.0	51.0	-42.0	16.0	-22.0	145.72
60	-12.0	23.0	-2.0	-1.0	-51.0	52.0	-11.0	-41.0	149.66
61	-83.0	7.0	-13.0	4.0	127.0	84.0	-65.0	32.0	152.77
62	36.0	6.0	1.0	57.0	47.0	127.0	90.0	127.0	161.86
63	-5.0	-37.0	0.0	118.0	34.0	-128.0	66.0	24.0	164.46
64	27.0	3.0	-4.0	53.0	57.0	112.0	116.0	-44.0	161.48
65	11.0	9.0	3.0	6.0	50.0	5.0	-20.0	-34.0	164.42
66	11.0	10.0	5.0	-37.0	11.0	-27.0	69.0	10.0	167.44
67	-18.0	11.0	-21.0	-4.0	-7.0	93.0	2.0	48.0	167.28
68	99.0	-51.0	-20.0	-60.0	19.0	36.0	-86.0	41.0	171.21
69	-13.0	1.0	36.0	1.0	-2.0	87.0	43.0	-16.0	171.21
70	28.0	-23.0	127.0	20.0	127.0	80.0	-22.0	23.0	171.26
71	3.0	8.0	26.0	32.0	76.0	-77.0	119.0	24.0	171.18
72	-43.0	3.0	-5.0	54.0	2.0	-98.0	-13.0	3.0	167.44
73	-1.0	32.0	-38.0	9.0	76.0	-98.0	-10.0	103.0	167.07
74	8.0	-10.0	4.0	-7.0	-59.0	123.0	-80.0	-17.0	167.07
75	75.0	10.0	1.0	-26.0	47.0	127.0	74.0	2.0	166.33
76	13.0	17.0	-6.0	10.0	-10.0	34.0	0.0	-34.0	163.4
77	19.0	-79.0	3.0	9.0	-80.0	23.0	59.0	-41.0	164.86
78	-65.0	55.0	-13.0	11.0	-17.0	-48.0	-9.0	39.0	162.74
79	-33.0	0.0	16.0	-1.0	6.0	13.0	-75.0	-5.0	155.06
80	9.0	7.0	-23.0	-15.0	-90.0	95.0	52.0	-7.0	162.28
81	21.0	3.0	9.0	-5.0	2.0	10.0	-71.0	-27.0	165.87
82	-48.0	13.0	3.0	-8.0	50.0	127.0	35.0	18.0	161.48
83	-4.0	3.0	-25.0	9.0	5.0	127.0	-56.0	-52.0	152.95
84	12.0	-51.0	-1.0	-17.0	-81.0	68.0	13.0	-4.0	149.97
85	8.0	-13.0	-4.0	26.0	5.0	33.0	-22.0	-85.0	159.31
86	44.0	-32.0	-6.0	18.0	21.0	-128.0	34.0	53.0	162.74
87	22.0	-24.0	-3.0	-14.0	21.0	-75.0	119.0	-5.0	164.46
