0	-48.0	-43.0	-59.0	27.0	127.0	77.0	-46.0	17.0	170.34
1	-39.0	-22.0	-2.0	-7.0	11.0	-66.0	-9.0	-25.0	171.84
2	-12.0	14.0	27.0	1.0	47.0	18.0	-46.0	-38.0	171.2
3	-55.0	-33.0	-30.0	1.0	77.0	-106.0	-105.0	-30.0	172.27
4	75.0	11.0	48.0	-69.0	-87.0	-31.0	24.0	-84.0	171.72
5	18.0	-41.0	27.0	-69.0	39.0	126.0	43.0	-15.0	171.2
6	26.0	-28.0	-17.0	4.0	-60.0	-68.0	13.0	-7.0	171.72
7	62.0	-2.0	-66.0	61.0	-41.0	-27.0	-3.0	116.0	172.27
8	127.0	44.0	-10.0	-24.0	-1.0	127.0	38.0	-56.0	172.65
9	1.0	6.0	21.0	-31.0	23.0	53.0	52.0	-125.0	171.52
10	-27.0	-19.0	50.0	65.0	-25.0	-97.0	36.0	-128.0	171.81
11	107.0	16.0	45.0	-23.0	35.0	127.0	-34.0	111.0	171.73
12	74.0	14.0	-10.0	11.0	-40.0	-66.0	-31.0	78.0	170.34
13	-27.0	24.0	39.0	-16.0	55.0	-96.0	21.0	-88.0	170.11
14	-48.0	-115.0	36.0	-2.0	73.0	127.0	84.0	0.0	166.39
15	28.0	-9.0	8.0	-50.0	18.0	58.0	-128.0	127.0	161.76
16	-101.0	6.0	-11.0	51.0	83.0	34.0	107.0	44.0	158.11
17	6.0	-21.0	-12.0	127.0	-50.0	96.0	107.0	37.0	158.11
18	-19.0	-19.0	-23.0	-34.0	-52.0	107.0	-4.0	-7.0	127.63
19	-5.0	11.0	-13.0	38.0	0.0	52.0	90.0	-33.0	145.36
20	25.0	-13.0	57.0	22.0	127.0	101.0	-4.0	0.0	137.99
21	-91.0	23.0	10.0	73.0	28.0	35.0	-76.0	19.0	152.14
22	-16.0	-106.0	61.0	60.0	127.0	34.0	6.0	-97.0	148.72
23	-24.0	-2.0	-34.0	-84.0	-48.0	-116.0	-65.0	17.0	145.42
24	5.0	15.0	-73.0	-18.0	15.0	-23.0	23.0	22.0	157.07
25	-47.0	-46.0	-4.0	35.0	127.0	59.0	-1.0	17.0	145.42
26	15.0	-32.0	-36.0	-15.0	42.0	-1.0	-118.0	-34.0	138.86
27	96.0	-20.0	17.0	6.0	-16.0	-119.0	-63.0	-20.0	138.86
28	15.0	11.0	-1.0	-28.0	55.0	46.0	-115.0	-125.0	116.46
29	-48.0	-18.0	-67.0	-23.0	4.0	-46.0	27.0	-54.0	127.63
30	75.0	27.0	36.0	-48.0	5.0	39.0	-128.0	49.0	122.37
31	-111.0	24.0	-36.0	19.0	6.0	-22.0	-90.0	-32.0	130.4
32	3.0	-30.0	29.0	-27.0	-21.0	-106.0	-27.0	32.0	123.14
33	51.0	4.0	-65.0	51.0	25.0	15.0	51.0	2.0	121.44
34	4.0	43.0	1.0	111.0	82.0	127.0	44.0	-97.0	125.0
35	15.0	-28.0	8.0	-40.0	-59.0	63.0	-1.0	24.0	108.02
36	-101.0	3.0	-27.0	-95.0	92.0	-128.0	-100.0	58.0	98.95
37	80.0	1.0	127.0	-83.0	59.0	66.0	-81.0	49.0	96.96
38	86.0	118.0	-7.0	46.0	30.0	-27.0	-9.0	-54.0	95.91
39	-54.0	-30.0	25.0	6.0	-27.0	86.0	-4.0	-9.0	95.64
40	-10.0	14.0	38.0	13.0	-9.0	127.0	-47.0	-58.0	97.02
41	28.0	50.0	22.0	49.0	-114.0	56.0	-44.0	13.0	110.99
42	-82.0	-59.0	-33.0	7.0	-67.0	77.0	-14.0	96.0	102.7
43	9.0	-7.0	-5.0	65.0	35.0	-38.0	-62.0	44.0	95.62
44	-3.0	-9.0	73.0	-5.0	49.0	80.0	69.0	-20.0	95.62
45	0.0	-20.0	15.0	-8.0	23.0	-119.0	65.0	5.0	96.96
46	0.0	6.0	2.0	40.0	77.0	46.0	29.0	86.0	104.89
47	-20.0	80.0	28.0	15.0	86.0	-22.0	-26.0	20.0	100.64
48	-48.0	-48.0	-36.0	-26.0	-103.0	85.0	74.0	-9.0	107.06
49	-103.0	-74.0	4.0	19.0	32.0	-76.0	-27.0	-38.0	102.7
50	62.0	11.0	-75.0	46.0	127.0	-100.0	-67.0	-4.0	114.54
51	-22.0	-20.0	5.0	127.0	127.0	-97.0	-25.0	116.0	114.54
52	-5.0	-35.0	23.0	0.0	-128.0	-120.0	-33.0	86.0	134.24
53	8.0	33.0	0.0	-32.0	-66.0	61.0	-81.0	-65.0	133.72
54	13.0	28.0	-6.0	52.0	30.0	49.0	-65.0	39.0	122.37
55	9.0	3.0	38.0	94.0	60.0	127.0	54.0	-42.0	118.07
56	-95.0	42.0	92.0	-24.0	19.0	61.0	-25.0	-36.0	145.36
57	38.0	11.0	-11.0	10.0	67.0	90.0	-128.0	-72.0	110.94
58	13.0	15.0	8.0	-12.0	-111.0	-21.0	-64.0	-31.0	108.02
59	15.0	-16.0	1.0	27.0	-83.0	-121.0	84.0	102.0	124.07
60	-3.0	-43.0	84.0	19.0	26.0	91.0	-61.0	-15.0	107.06
61	39.0	-18.0	19.0	7.0	107.0	127.0	0.0	-72.0	121.44
62	2.0	11.0	-17.0	4.0	-9.0	-5.0	15.0	-58.0	136.35
63	-19.0	16.0	-18.0	46.0	36.0	18.0	-111.0	-101.0	142.89
64	21.0	41.0	40.0	37.0	-72.0	-9.0	28.0	-114.0	137.99
65	34.0	27.0	39.0	-22.0	5.0	68.0	56.0	8.0	166.39
66	-54.0	-4.0	73.0	15.0	19.0	-100.0	-62.0	52.0	142.2
67	-6.0	-2.0	52.0	-12.0	16.0	27.0	127.0	20.0	153.93
68	51.0	13.0	-18.0	-46.0	-13.0	-54.0	101.0	59.0	152.14
69	-12.0	-13.0	5.0	-23.0	119.0	15.0	56.0	78.0	153.93
70	-20.0	0.0	-23.0	-29.0	68.0	34.0	102.0	-12.0	154.79
71	99.0	48.0	-32.0	-78.0	44.0	117.0	-1.0	-4.0	148.85
72	9.0	-24.0	-70.0	-71.0	-48.0	13.0	-12.0	127.0	155.46
73	-48.0	-26.0	25.0	20.0	-2.0	127.0	-35.0	34.0	160.68
74	38.0	-49.0	-31.0	13.0	-2.0	-128.0	-128.0	-29.0	151.48
75	-43.0	-16.0	101.0	11.0	-41.0	127.0	-46.0	-31.0	164.29
76	-66.0	0.0	3.0	53.0	30.0	54.0	35.0	17.0	160.68
77	5.0	32.0	-66.0	97.0	4.0	39.0	127.0	-35.0	160.96
78	22.0	24.0	-27.0	73.0	30.0	127.0	-55.0	17.0	167.25
79	-66.0	-5.0	-70.0	1.0	-1.0	62.0	28.0	11.0	169.47
80	11.0	17.0	-1.0	-87.0	-59.0	-105.0	-24.0	-48.0	171.81
81	8.0	-10.0	7.0	-71.0	-29.0	-115.0	-44.0	-34.0	170.11
82	87.0	-19.0	41.0	127.0	-64.0	27.0	-17.0	-32.0	171.05
83	-40.0	64.0	127.0	60.0	43.0	66.0	-19.0	127.0	171.82
