0	22.0	9.0	0.0	21.0	12.0	127.0	-36.0	127.0	152.9
1	56.0	35.0	113.0	114.0	-96.0	-104.0	24.0	127.0	154.48
2	51.0	66.0	45.0	127.0	64.0	-88.0	48.0	-27.0	149.64
3	51.0	-7.0	-29.0	22.0	-49.0	126.0	-36.0	12.0	154.13
4	16.0	-26.0	127.0	-10.0	-117.0	-87.0	-2.0	54.0	155.22
5	-3.0	-20.0	30.0	42.0	-81.0	-94.0	24.0	-8.0	154.7
6	19.0	-26.0	40.0	60.0	-40.0	-72.0	58.0	15.0	162.67
7	-15.0	7.0	-8.0	-68.0	-75.0	120.0	2.0	37.0	166.46
8	-3.0	-23.0	2.0	20.0	30.0	-58.0	10.0	53.0	168.35
9	41.0	20.0	4.0	-25.0	-85.0	8.0	-124.0	-27.0	172.68
10	55.0	-5.0	6.0	-3.0	13.0	104.0	-53.0	-63.0	171.27
11	58.0	0.0	1.0	102.0	127.0	-30.0	-81.0	77.0	172.43
12	58.0	7.0	0.0	0.0	-44.0	24.0	107.0	4.0	172.96
13	42.0	-3.0	13.0	14.0	-21.0	4.0	-20.0	92.0	173.09
14	127.0	-13.0	-12.0	-26.0	106.0	-88.0	-22.0	35.0	172.96
15	40.0	-17.0	66.0	-13.0	-73.0	42.0	-16.0	-7.0	170.59
16	-47.0	-9.0	23.0	19.0	-4.0	127.0	4.0	105.0	172.43
17	34.0	92.0	-29.0	-47.0	52.0	65.0	101.0	-5.0	173.18
18	-36.0	11.0	-20.0	0.0	-100.0	-14.0	21.0	14.0	173.09
19	-105.0	88.0	-12.0	69.0	-108.0	-5.0	-128.0	-14.0	173.57
20	20.0	-10.0	10.0	-94.0	14.0	-104.0	-20.0	127.0	173.48
21	19.0	32.0	3.0	16.0	72.0	8.0	0.0	63.0	170.52
22	10.0	20.0	17.0	-36.0	-16.0	-42.0	33.0	92.0	170.59
23	-42.0	-31.0	18.0	127.0	127.0	-19.0	-33.0	-105.0	169.38
24	-43.0	-23.0	-4.0	122.0	39.0	27.0	28.0	-126.0	168.35
25	-2.0	66.0	109.0	-36.0	-34.0	84.0	-17.0	-6.0	168.71
26	123.0	14.0	-3.0	-27.0	95.0	62.0	7.0	-128.0	169.38
27	24.0	-81.0	5.0	28.0	4.0	106.0	-25.0	87.0	168.34
28	-3.0	82.0	105.0	-56.0	127.0	127.0	42.0	-33.0	168.71
29	127.0	17.0	-4.0	0.0	-127.0	127.0	-25.0	-15.0	165.61
30	106.0	-2.0	7.0	15.0	84.0	102.0	127.0	116.0	162.59
31	-107.0	2.0	11.0	-11.0	127.0	-47.0	97.0	-40.0	165.61
32	125.0	26.0	-4.0	71.0	-128.0	33.0	59.0	-99.0	166.46
33	38.0	127.0	-15.0	16.0	-77.0	-86.0	50.0	-13.0	168.07
34	24.0	16.0	-2.0	-4.0	64.0	-128.0	-13.0	50.0	163.68
35	24.0	-12.0	7.0	-11.0	114.0	35.0	-64.0	-8.0	154.7
36	71.0	42.0	-5.0	28.0	52.0	-128.0	10.0	98.0	149.5
37	-61.0	54.0	102.0	109.0	74.0	-70.0	127.0	46.0	162.59
38	127.0	27.0	98.0	28.0	-61.0	40.0	-11.0	127.0	168.18
39	-83.0	-9.0	90.0	-95.0	107.0	127.0	-18.0	86.0	164.32
40	-37.0	-38.0	-19.0	105.0	116.0	-21.0	4.0	-30.0	152.9
41	-47.0	22.0	-5.0	77.0	14.0	73.0	-32.0	40.0	135.39
42	-33.0	41.0	1.0	-17.0	-61.0	-73.0	12.0	-110.0	136.44
43	127.0	-9.0	-39.0	-26.0	54.0	125.0	-74.0	-99.0	138.77
44	-73.0	50.0	4.0	3.0	-128.0	79.0	-25.0	-10.0	135.98
45	29.0	-6.0	-5.0	-39.0	-49.0	-4.0	-72.0	45.0	135.39
46	41.0	-41.0	-14.0	57.0	-73.0	-94.0	-22.0	72.0	135.54
47	-14.0	-40.0	-21.0	96.0	-75.0	83.0	28.0	-83.0	129.97
48	15.0	7.0	1.0	-25.0	44.0	56.0	14.0	-74.0	133.29
49	-24.0	25.0	4.0	67.0	127.0	34.0	-11.0	36.0	139.17
50	-55.0	37.0	-3.0	65.0	-87.0	21.0	14.0	-128.0	131.75
51	29.0	56.0	-39.0	0.0	-77.0	127.0	-122.0	115.0	129.08
52	21.0	1.0	-8.0	-13.0	-112.0	48.0	127.0	63.0	133.29
53	-73.0	-9.0	-9.0	-24.0	84.0	-24.0	42.0	2.0	129.7
54	51.0	104.0	36.0	-52.0	-24.0	72.0	-31.0	-15.0	131.03
55	11.0	79.0	20.0	111.0	40.0	-48.0	87.0	-6.0	111.99
56	-41.0	-12.0	19.0	-68.0	-32.0	-49.0	97.0	92.0	138.66
57	-43.0	46.0	4.0	-101.0	-59.0	127.0	58.0	-112.0	112.55
58	30.0	-30.0	23.0	105.0	57.0	-21.0	-16.0	24.0	109.42
59	13.0	9.0	-25.0	-44.0	-40.0	-106.0	127.0	35.0	106.89
60	-24.0	-6.0	10.0	-22.0	14.0	84.0	0.0	100.0	109.42
61	127.0	8.0	-25.0	73.0	127.0	62.0	103.0	34.0	110.79
62	8.0	-42.0	-29.0	-13.0	61.0	-24.0	86.0	-12.0	108.98
63	-100.0	-3.0	-46.0	-78.0	-120.0	91.0	-79.0	127.0	106.18
64	29.0	-5.0	-36.0	82.0	111.0	79.0	2.0	-105.0	108.49
65	-29.0	21.0	46.0	17.0	123.0	-118.0	-81.0	-110.0	116.38
66	-71.0	-12.0	-32.0	10.0	-101.0	50.0	-9.0	-44.0	108.49
67	11.0	-54.0	-39.0	10.0	-3.0	124.0	39.0	127.0	108.18
68	-75.0	-1.0	46.0	-15.0	-62.0	-103.0	-22.0	98.0	106.18
69	30.0	-55.0	-3.0	-29.0	83.0	67.0	63.0	-44.0	108.33
70	35.0	-62.0	-36.0	-26.0	40.0	127.0	4.0	127.0	112.37
71	30.0	54.0	10.0	25.0	104.0	-118.0	29.0	97.0	131.75
72	-20.0	-81.0	7.0	-16.0	-19.0	-99.0	47.0	20.0	130.29
73	17.0	12.0	4.0	-42.0	9.0	-83.0	-79.0	79.0	139.17
74	53.0	17.0	7.0	27.0	123.0	-118.0	-13.0	3.0	136.12
75	-83.0	-83.0	-28.0	77.0	63.0	127.0	-4.0	-24.0	129.97
76	-17.0	-83.0	-8.0	15.0	3.0	-42.0	85.0	10.0	111.99
77	24.0	-14.0	100.0	0.0	127.0	-107.0	-9.0	92.0	110.63
78	22.0	18.0	45.0	39.0	127.0	75.0	51.0	8.0	110.79
79	-42.0	-84.0	-30.0	20.0	98.0	126.0	-94.0	-6.0	142.03
80	-31.0	-6.0	1.0	-69.0	122.0	30.0	-103.0	67.0	142.71
81	22.0	33.0	0.0	-33.0	72.0	30.0	74.0	-64.0	144.46
82	9.0	-13.0	-1.0	-13.0	20.0	103.0	-11.0	5.0	142.03
83	9.0	101.0	6.0	0.0	-89.0	-99.0	-103.0	23.0	138.77
84	6.0	101.0	25.0	115.0	63.0	-90.0	105.0	-102.0	149.5
