0	84.0	77.0	-29.0	-12.0	-22.0	-22.0	21.0	-72.0	127.73
1	2.0	-23.0	-35.0	12.0	32.0	56.0	-37.0	5.0	129.27
2	-67.0	-15.0	27.0	-67.0	79.0	-87.0	-97.0	-25.0	127.73
3	33.0	29.0	6.0	39.0	-46.0	-87.0	-25.0	111.0	128.61
4	127.0	41.0	5.0	54.0	53.0	99.0	0.0	70.0	129.94
5	2.0	-10.0	12.0	-23.0	-7.0	29.0	58.0	58.0	141.12
6	12.0	110.0	-8.0	-55.0	8.0	-72.0	-27.0	2.0	133.94
7	67.0	13.0	-37.0	18.0	50.0	-4.0	54.0	-17.0	141.84
8	17.0	-10.0	7.0	15.0	34.0	65.0	35.0	-1.0	138.06
9	-42.0	5.0	40.0	-124.0	127.0	-89.0	47.0	22.0	155.98
10	-36.0	-10.0	-45.0	104.0	44.0	-35.0	-79.0	-8.0	160.11
11	53.0	9.0	73.0	-2.0	39.0	50.0	26.0	19.0	160.65
12	8.0	13.0	8.0	-117.0	105.0	54.0	-14.0	127.0	163.4
13	127.0	127.0	127.0	-27.0	56.0	0.0	56.0	89.0	162.49
14	107.0	-12.0	-18.0	-31.0	-2.0	115.0	6.0	-53.0	162.57
15	-25.0	41.0	113.0	-57.0	-40.0	108.0	54.0	16.0	164.35
16	-1.0	-37.0	5.0	-27.0	-53.0	-48.0	98.0	-36.0	171.1
17	5.0	127.0	117.0	38.0	-63.0	10.0	64.0	-42.0	169.69
18	-10.0	56.0	18.0	120.0	25.0	88.0	-21.0	-36.0	171.99
19	-78.0	-3.0	21.0	36.0	-59.0	-34.0	40.0	11.0	169.89
20	61.0	-33.0	21.0	-83.0	19.0	62.0	-39.0	95.0	164.35
21	-11.0	-40.0	-29.0	-24.0	-95.0	124.0	-47.0	24.0	170.02
22	0.0	-7.0	-33.0	55.0	43.0	116.0	14.0	102.0	171.08
23	34.0	39.0	-15.0	14.0	73.0	-73.0	0.0	111.0	169.69
24	-66.0	42.0	21.0	127.0	-90.0	-46.0	78.0	103.0	172.64
25	4.0	-14.0	20.0	15.0	42.0	67.0	3.0	74.0	176.49
26	104.0	12.0	5.0	-10.0	-36.0	0.0	-31.0	31.0	175.02
27	-55.0	41.0	21.0	75.0	2.0	-46.0	40.0	-24.0	171.99
28	-5.0	12.0	-15.0	16.0	-59.0	70.0	-6.0	37.0	172.47
29	25.0	-10.0	127.0	22.0	32.0	-128.0	-67.0	-58.0	172.47
30	-5.0	16.0	9.0	34.0	111.0	56.0	-52.0	-110.0	174.29
31	37.0	-33.0	-6.0	45.0	-22.0	127.0	-123.0	76.0	177.31
32	72.0	14.0	-10.0	-12.0	-22.0	87.0	-59.0	56.0	177.89
33	64.0	18.0	-37.0	-43.0	0.0	3.0	62.0	-50.0	178.15
34	-67.0	-64.0	-11.0	-10.0	127.0	2.0	-41.0	-2.0	178.15
35	-52.0	-66.0	34.0	39.0	-5.0	-128.0	89.0	19.0	177.92
36	-53.0	-66.0	-17.0	-31.0	4.0	29.0	58.0	-30.0	177.89
37	68.0	-33.0	5.0	35.0	-29.0	-40.0	-29.0	-8.0	177.98
38	-15.0	-20.0	9.0	6.0	-128.0	110.0	117.0	75.0	176.49
39	-1.0	11.0	12.0	4.0	34.0	127.0	24.0	28.0	171.78
40	-95.0	2.0	5.0	46.0	0.0	-63.0	88.0	106.0	171.78
41	-23.0	56.0	42.0	4.0	-2.0	54.0	-13.0	61.0	167.41
42	79.0	-4.0	17.0	-20.0	77.0	97.0	54.0	-128.0	163.71
43	96.0	58.0	-19.0	6.0	92.0	61.0	-44.0	39.0	162.49
44	26.0	127.0	-2.0	54.0	102.0	-7.0	127.0	-73.0	162.57
45	50.0	-4.0	-31.0	-2.0	77.0	58.0	54.0	-44.0	159.25
46	101.0	-13.0	9.0	-13.0	118.0	-64.0	29.0	-1.0	159.25
47	-6.0	-46.0	4.0	-32.0	-12.0	-45.0	13.0	68.0	158.35
48	30.0	36.0	25.0	-128.0	0.0	31.0	97.0	21.0	157.95
49	-75.0	53.0	-18.0	-49.0	116.0	-75.0	-52.0	-7.0	157.95
50	34.0	-41.0	42.0	107.0	127.0	-38.0	62.0	-13.0	144.4
51	-13.0	-49.0	27.0	-17.0	-107.0	28.0	97.0	111.0	141.84
52	0.0	93.0	14.0	75.0	90.0	0.0	84.0	-3.0	144.82
53	59.0	11.0	-45.0	-54.0	-68.0	-55.0	-70.0	-8.0	131.13
54	-4.0	36.0	127.0	14.0	-100.0	-108.0	29.0	-59.0	138.47
55	12.0	98.0	41.0	36.0	4.0	29.0	-35.0	127.0	147.48
56	2.0	-31.0	8.0	-22.0	-68.0	-11.0	89.0	127.0	136.37
57	79.0	25.0	105.0	127.0	92.0	18.0	-4.0	70.0	145.16
58	-3.0	-23.0	-4.0	-30.0	36.0	0.0	64.0	-112.0	147.48
59	57.0	-33.0	-41.0	-33.0	127.0	-38.0	28.0	-40.0	153.78
60	-78.0	-59.0	17.0	39.0	65.0	-45.0	-21.0	-101.0	146.33
61	-78.0	30.0	-2.0	-30.0	-70.0	50.0	-30.0	-128.0	147.19
62	50.0	-24.0	-9.0	-54.0	-25.0	-12.0	49.0	-128.0	145.16
63	-23.0	-10.0	-35.0	24.0	87.0	-7.0	107.0	100.0	141.12
64	31.0	60.0	2.0	-2.0	-92.0	64.0	-41.0	127.0	132.02
65	1.0	41.0	-9.0	35.0	-60.0	52.0	-23.0	-25.0	133.94
66	94.0	15.0	3.0	88.0	99.0	-26.0	-46.0	-30.0	131.13
67	63.0	66.0	-7.0	-10.0	-22.0	-89.0	-17.0	60.0	133.87
68	94.0	-50.0	12.0	2.0	-102.0	-63.0	121.0	57.0	124.72
69	60.0	42.0	-10.0	43.0	-53.0	108.0	1.0	68.0	117.39
70	28.0	21.0	-47.0	81.0	10.0	-75.0	0.0	-5.0	116.83
71	7.0	127.0	-7.0	127.0	127.0	0.0	40.0	-42.0	117.37
72	-78.0	-20.0	127.0	31.0	50.0	51.0	-18.0	-128.0	118.5
73	16.0	111.0	86.0	127.0	64.0	37.0	-20.0	-128.0	117.39
74	33.0	-6.0	-2.0	-94.0	127.0	-68.0	-39.0	-39.0	118.54
75	3.0	2.0	2.0	-42.0	127.0	93.0	-33.0	29.0	122.9
76	-86.0	-2.0	-7.0	14.0	-27.0	87.0	-52.0	58.0	120.98
77	-10.0	-13.0	-3.0	30.0	127.0	127.0	49.0	34.0	126.28
78	-12.0	5.0	102.0	99.0	-46.0	97.0	104.0	-3.0	121.02
79	-84.0	13.0	3.0	24.0	67.0	20.0	-6.0	56.0	118.5
80	49.0	22.0	-6.0	27.0	111.0	97.0	17.0	26.0	123.48
81	56.0	-72.0	86.0	3.0	-128.0	87.0	-44.0	-5.0	124.72
82	1.0	3.0	38.0	14.0	48.0	-27.0	-3.0	18.0	123.48
