0	-14.0	-28.0	12.0	-30.0	-28.0	-38.0	95.0	-25.0	167.47
1	42.0	-28.0	92.0	71.0	-42.0	-128.0	-39.0	-6.0	167.98
2	3.0	127.0	-39.0	57.0	127.0	-6.0	-9.0	51.0	167.41
3	-81.0	-11.0	32.0	25.0	-98.0	41.0	127.0	127.0	166.33
4	-5.0	-8.0	30.0	-73.0	-21.0	-68.0	38.0	-2.0	164.04
5	-14.0	-10.0	32.0	-28.0	86.0	115.0	75.0	127.0	163.89
6	-57.0	-2.0	17.0	72.0	-52.0	126.0	64.0	96.0	161.97
7	-30.0	-10.0	-15.0	-67.0	30.0	-91.0	20.0	100.0	159.79
8	38.0	17.0	-38.0	14.0	-1.0	-91.0	-68.0	58.0	165.18
9	76.0	56.0	-32.0	61.0	89.0	114.0	28.0	-128.0	162.69
10	127.0	54.0	17.0	19.0	-102.0	-112.0	67.0	34.0	161.97
11	89.0	5.0	-3.0	-24.0	127.0	-68.0	22.0	-25.0	165.38
12	-4.0	68.0	-30.0	11.0	-64.0	-123.0	67.0	-127.0	165.01
13	-10.0	-26.0	-31.0	6.0	-56.0	65.0	127.0	-128.0	164.6
14	15.0	2.0	24.0	16.0	97.0	111.0	68.0	-5.0	163.14
15	48.0	-15.0	12.0	113.0	5.0	122.0	-15.0	-15.0	164.04
16	-12.0	-21.0	-24.0	-17.0	16.0	54.0	0.0	-52.0	159.79
17	-4.0	36.0	-12.0	-14.0	8.0	-128.0	-15.0	71.0	150.81
18	-54.0	39.0	-8.0	23.0	127.0	127.0	-52.0	125.0	143.44
19	-106.0	20.0	-19.0	13.0	31.0	-51.0	-110.0	-128.0	155.45
20	78.0	1.0	-14.0	-71.0	22.0	-46.0	23.0	69.0	151.58
21	75.0	-74.0	-14.0	3.0	28.0	43.0	75.0	46.0	145.47
22	-12.0	-8.0	127.0	-12.0	-89.0	107.0	-52.0	-35.0	135.08
23	-4.0	-19.0	-21.0	65.0	7.0	13.0	-27.0	-16.0	122.71
24	-28.0	77.0	-24.0	2.0	-97.0	-83.0	24.0	6.0	102.63
25	48.0	-9.0	14.0	-17.0	44.0	-16.0	-52.0	125.0	119.1
26	-106.0	-12.0	-13.0	-11.0	7.0	-118.0	-3.0	77.0	118.91
27	43.0	72.0	34.0	48.0	19.0	83.0	62.0	-36.0	110.96
28	-54.0	27.0	4.0	-39.0	65.0	127.0	44.0	-77.0	110.96
29	62.0	12.0	30.0	23.0	79.0	61.0	13.0	43.0	119.1
30	5.0	27.0	13.0	-59.0	97.0	90.0	-27.0	-23.0	112.41
31	56.0	-17.0	10.0	30.0	-116.0	36.0	42.0	58.0	114.48
32	-7.0	-17.0	38.0	5.0	-115.0	-106.0	-52.0	42.0	114.7
33	-72.0	26.0	12.0	-59.0	-64.0	61.0	-2.0	-6.0	121.14
34	127.0	-8.0	-39.0	46.0	46.0	-128.0	-98.0	-114.0	114.7
35	33.0	-20.0	26.0	2.0	-116.0	91.0	88.0	-124.0	129.01
36	23.0	-42.0	-17.0	127.0	120.0	-82.0	66.0	-128.0	132.61
37	127.0	127.0	25.0	-9.0	58.0	-46.0	22.0	18.0	135.08
38	-49.0	-39.0	-52.0	41.0	28.0	53.0	98.0	56.0	130.18
39	5.0	1.0	-12.0	-23.0	-98.0	111.0	-51.0	-10.0	125.49
40	31.0	-68.0	-33.0	24.0	-115.0	53.0	-33.0	-65.0	134.4
41	11.0	42.0	-24.0	4.0	47.0	127.0	-1.0	65.0	130.98
42	-31.0	-6.0	30.0	-51.0	43.0	-3.0	-43.0	9.0	128.75
43	-2.0	-38.0	43.0	1.0	127.0	-128.0	24.0	-49.0	134.4
44	6.0	-11.0	47.0	-74.0	31.0	59.0	-110.0	127.0	135.15
45	-29.0	-51.0	-13.0	-90.0	-116.0	127.0	21.0	-11.0	134.52
46	7.0	-90.0	34.0	-17.0	-35.0	7.0	127.0	65.0	130.98
47	11.0	-10.0	-24.0	127.0	32.0	-15.0	-54.0	-110.0	134.52
48	0.0	52.0	-7.0	14.0	-102.0	111.0	-3.0	100.0	129.12
49	-18.0	12.0	-19.0	-11.0	-4.0	-56.0	15.0	-11.0	122.71
50	71.0	-55.0	-24.0	-30.0	92.0	107.0	-33.0	-104.0	130.89
51	71.0	38.0	-61.0	-41.0	-4.0	-64.0	-78.0	93.0	118.91
52	121.0	-2.0	23.0	-5.0	-22.0	15.0	-52.0	-52.0	102.89
53	31.0	-43.0	-28.0	-17.0	86.0	122.0	23.0	108.0	128.75
54	127.0	-4.0	-24.0	13.0	40.0	66.0	-19.0	127.0	130.18
55	-31.0	24.0	4.0	-30.0	22.0	-33.0	127.0	56.0	134.11
56	-66.0	5.0	-56.0	42.0	70.0	-6.0	62.0	-5.0	134.98
57	-92.0	-30.0	12.0	6.0	-46.0	-82.0	109.0	-39.0	138.52
58	-109.0	31.0	38.0	37.0	62.0	1.0	49.0	55.0	150.81
59	-2.0	-38.0	-22.0	37.0	-35.0	41.0	90.0	42.0	143.44
60	6.0	-22.0	47.0	24.0	90.0	17.0	-33.0	46.0	155.45
61	-32.0	3.0	-8.0	-9.0	-128.0	60.0	11.0	-55.0	156.63
62	127.0	36.0	44.0	-121.0	-1.0	20.0	-89.0	17.0	158.2
63	58.0	20.0	-8.0	45.0	-22.0	18.0	19.0	6.0	151.58
64	-18.0	51.0	12.0	-19.0	127.0	67.0	54.0	11.0	147.29
65	-10.0	50.0	-13.0	15.0	127.0	84.0	38.0	35.0	142.61
66	15.0	12.0	30.0	57.0	-128.0	-56.0	-43.0	-1.0	142.61
67	-50.0	115.0	17.0	-5.0	123.0	33.0	-14.0	98.0	152.73
68	-109.0	27.0	-13.0	0.0	-15.0	-14.0	-36.0	-11.0	150.33
69	-4.0	-39.0	31.0	48.0	42.0	-54.0	-34.0	5.0	159.31
70	-32.0	-7.0	16.0	18.0	-76.0	25.0	-33.0	127.0	158.2
71	-12.0	50.0	-22.0	-83.0	-97.0	-112.0	49.0	-54.0	159.67
72	-57.0	-17.0	22.0	17.0	70.0	107.0	-13.0	-34.0	160.0
73	19.0	42.0	-6.0	-45.0	127.0	54.0	-65.0	71.0	165.01
74	-31.0	-15.0	10.0	-28.0	127.0	27.0	49.0	-52.0	164.6
75	-10.0	56.0	31.0	-11.0	46.0	43.0	-1.0	-37.0	165.45
76	13.0	-22.0	-12.0	56.0	23.0	18.0	127.0	-39.0	165.99
77	89.0	-1.0	14.0	61.0	64.0	26.0	95.0	9.0	163.14
78	39.0	127.0	-13.0	94.0	0.0	-4.0	41.0	-54.0	165.38
79	-91.0	52.0	127.0	-45.0	-89.0	84.0	127.0	-16.0	167.41
80	-31.0	127.0	0.0	66.0	-26.0	-123.0	-36.0	22.0	167.81
81	110.0	49.0	10.0	19.0	83.0	127.0	0.0	-11.0	166.33
82	-26.0	-34.0	127.0	7.0	29.0	125.0	64.0	-22.0	165.57
83	8.0	-20.0	107.0	1.0	-128.0	-42.0	-1.0	-58.0	166.37
84	6.0	-10.0	20.0	-25.0	115.0	127.0	-13.0	-51.0	167.07
85	-7.0	-36.0	-7.0	121.0	58.0	127.0	-11.0	-38.0	167.81
86	62.0	-16.0	127.0	-86.0	127.0	127.0	83.0	9.0	167.07
87	0.0	-3.0	-38.0	127.0	-29.0	-52.0	-41.0	0.0	167.27
