0	-7.0	-46.0	37.0	18.0	2.0	28.0	31.0	14.0	136.72
1	-9.0	8.0	-28.0	9.0	-65.0	-26.0	-67.0	25.0	128.43
2	-8.0	-1.0	-78.0	-111.0	-36.0	-3.0	47.0	-66.0	143.97
3	-6.0	13.0	-54.0	-9.0	31.0	77.0	-92.0	-5.0	143.97
4	4.0	14.0	-42.0	-21.0	-67.0	14.0	-101.0	41.0	138.55
5	-112.0	36.0	39.0	-21.0	57.0	-128.0	75.0	62.0	142.27
6	47.0	8.0	123.0	82.0	-66.0	-98.0	-9.0	10.0	148.56
7	-63.0	32.0	18.0	63.0	-47.0	41.0	2.0	-86.0	150.65
8	-4.0	-22.0	-42.0	-111.0	-34.0	-128.0	-27.0	0.0	145.14
9	35.0	-3.0	32.0	52.0	-116.0	13.0	7.0	30.0	154.79
10	23.0	1.0	-42.0	-39.0	-71.0	89.0	-34.0	-80.0	147.39
11	-57.0	25.0	39.0	96.0	72.0	-62.0	-1.0	-48.0	151.16
12	-80.0	-10.0	4.0	75.0	-128.0	-35.0	64.0	90.0	145.14
13	10.0	5.0	6.0	74.0	-36.0	-7.0	9.0	33.0	148.56
14	2.0	-33.0	12.0	-30.0	-4.0	-65.0	8.0	0.0	150.65
15	110.0	-31.0	52.0	-47.0	83.0	14.0	69.0	-6.0	155.38
16	-49.0	26.0	-21.0	-2.0	5.0	-88.0	36.0	21.0	163.52
17	-84.0	-8.0	-83.0	-46.0	-105.0	103.0	-120.0	-54.0	163.55
18	0.0	1.0	-1.0	66.0	68.0	73.0	20.0	-33.0	165.98
19	-47.0	37.0	54.0	84.0	10.0	93.0	36.0	-42.0	168.47
20	-67.0	-13.0	-14.0	-66.0	50.0	-40.0	-102.0	73.0	157.9
21	49.0	-38.0	9.0	-29.0	75.0	54.0	127.0	-22.0	163.55
22	-42.0	19.0	-18.0	31.0	-34.0	31.0	12.0	-22.0	157.9
23	24.0	-40.0	-7.0	-60.0	84.0	-12.0	-73.0	-62.0	160.79
24	3.0	-12.0	14.0	-1.0	-91.0	1.0	7.0	-121.0	166.93
25	-19.0	20.0	13.0	-63.0	-46.0	-48.0	22.0	-110.0	169.06
26	-40.0	-44.0	18.0	77.0	-111.0	69.0	32.0	-76.0	166.93
27	36.0	-8.0	-24.0	-9.0	-29.0	67.0	-128.0	127.0	163.98
28	9.0	-14.0	53.0	-24.0	-6.0	63.0	4.0	-63.0	171.17
29	2.0	23.0	84.0	65.0	-23.0	95.0	39.0	98.0	172.64
30	58.0	-38.0	-35.0	-30.0	127.0	-7.0	-98.0	57.0	170.29
31	-17.0	10.0	-14.0	-47.0	-67.0	-46.0	38.0	-85.0	168.47
32	16.0	-27.0	25.0	-45.0	60.0	91.0	58.0	108.0	164.13
33	-57.0	19.0	4.0	-15.0	-42.0	106.0	-53.0	37.0	169.29
34	-8.0	22.0	-15.0	-3.0	96.0	44.0	23.0	51.0	173.37
35	6.0	8.0	41.0	-71.0	80.0	-45.0	-32.0	1.0	167.19
36	-11.0	5.0	16.0	13.0	45.0	77.0	-65.0	-74.0	170.48
37	0.0	-32.0	1.0	97.0	46.0	-107.0	103.0	-65.0	173.21
38	58.0	8.0	-54.0	-68.0	-6.0	42.0	38.0	18.0	172.12
39	44.0	41.0	15.0	-32.0	-128.0	-41.0	30.0	-35.0	173.53
40	-14.0	-40.0	24.0	24.0	-43.0	62.0	-84.0	-29.0	173.6
41	46.0	21.0	-2.0	58.0	-128.0	2.0	8.0	84.0	173.37
42	26.0	3.0	-9.0	38.0	-51.0	58.0	-17.0	-118.0	173.79
43	-66.0	4.0	-77.0	-38.0	24.0	127.0	-103.0	-65.0	173.79
44	31.0	-53.0	44.0	-47.0	74.0	99.0	12.0	10.0	171.17
45	16.0	7.0	11.0	90.0	-112.0	-12.0	27.0	10.0	172.12
46	56.0	11.0	5.0	37.0	-85.0	-58.0	72.0	-113.0	173.52
47	-77.0	-8.0	-90.0	12.0	-61.0	-9.0	-96.0	26.0	168.62
48	8.0	-41.0	-49.0	-63.0	7.0	-45.0	-80.0	-16.0	167.19
49	-9.0	-6.0	17.0	18.0	-49.0	72.0	52.0	-63.0	170.13
50	-92.0	19.0	43.0	-26.0	70.0	104.0	120.0	-69.0	160.92
51	0.0	7.0	57.0	106.0	69.0	-80.0	47.0	28.0	163.52
52	50.0	20.0	19.0	-2.0	51.0	-8.0	50.0	22.0	154.79
53	34.0	6.0	1.0	-35.0	-59.0	26.0	-83.0	9.0	140.04
54	-4.0	-65.0	-6.0	0.0	19.0	-126.0	-46.0	9.0	128.43
55	33.0	-10.0	20.0	49.0	106.0	-128.0	8.0	-18.0	126.8
56	-36.0	53.0	-19.0	-28.0	-36.0	-82.0	14.0	7.0	125.07
57	-50.0	-5.0	-6.0	-10.0	-23.0	89.0	-24.0	-10.0	131.55
58	41.0	19.0	77.0	-12.0	127.0	-88.0	82.0	18.0	122.99
59	-50.0	25.0	-27.0	-35.0	6.0	69.0	-98.0	9.0	129.61
60	18.0	-54.0	-50.0	5.0	-128.0	58.0	-9.0	28.0	125.07
61	44.0	-2.0	-17.0	-21.0	23.0	0.0	-2.0	11.0	97.29
62	7.0	-18.0	-4.0	90.0	11.0	8.0	-34.0	-44.0	101.48
63	-105.0	-5.0	16.0	-27.0	38.0	1.0	3.0	-50.0	101.4
64	-3.0	18.0	-4.0	-76.0	21.0	127.0	55.0	26.0	96.28
65	-11.0	2.0	-23.0	-26.0	-111.0	33.0	19.0	46.0	147.03
66	8.0	-13.0	-8.0	-1.0	51.0	22.0	-11.0	9.0	138.55
67	25.0	25.0	75.0	40.0	-126.0	-128.0	-64.0	48.0	133.32
68	34.0	21.0	-4.0	34.0	16.0	60.0	8.0	48.0	92.24
69	-93.0	-25.0	-1.0	-9.0	91.0	28.0	104.0	0.0	94.47
70	51.0	-26.0	-33.0	46.0	-36.0	-14.0	-16.0	-121.0	120.48
71	-27.0	52.0	-54.0	-19.0	75.0	-3.0	30.0	102.0	130.42
72	0.0	26.0	-53.0	-34.0	86.0	127.0	-7.0	34.0	96.28
73	35.0	-16.0	47.0	-12.0	41.0	-125.0	28.0	50.0	135.45
74	-49.0	16.0	11.0	-13.0	-25.0	-80.0	-12.0	27.0	126.63
75	6.0	-38.0	3.0	32.0	-128.0	-13.0	8.0	15.0	131.55
76	-57.0	12.0	-86.0	25.0	28.0	126.0	-71.0	-51.0	95.21
77	-8.0	45.0	-59.0	-22.0	-7.0	-9.0	8.0	1.0	94.02
78	51.0	6.0	87.0	12.0	78.0	88.0	-15.0	-103.0	120.48
79	17.0	-32.0	7.0	-11.0	49.0	97.0	83.0	23.0	90.54
80	-17.0	28.0	-97.0	-22.0	72.0	-61.0	57.0	93.0	92.69
81	-49.0	1.0	-16.0	-26.0	-37.0	38.0	18.0	8.0	92.69
82	-1.0	5.0	46.0	23.0	-30.0	42.0	-17.0	-90.0	92.29
83	-77.0	-18.0	6.0	62.0	96.0	-115.0	-13.0	-48.0	101.48
