0	54.0	4.0	-48.0	-14.0	-45.0	127.0	123.0	-23.0	172.9
1	37.0	6.0	-40.0	-59.0	45.0	-11.0	17.0	37.0	171.5
2	-60.0	19.0	-10.0	2.0	34.0	-46.0	60.0	-41.0	172.47
3	-28.0	-13.0	17.0	20.0	81.0	-95.0	87.0	-114.0	171.62
4	-10.0	127.0	12.0	-87.0	-128.0	-1.0	56.0	40.0	170.93
5	-14.0	-29.0	29.0	10.0	45.0	-2.0	-7.0	115.0	172.47
6	-52.0	2.0	-21.0	-4.0	-117.0	45.0	17.0	-28.0	170.93
7	-28.0	-8.0	-52.0	-24.0	32.0	76.0	-80.0	-52.0	172.43
8	-20.0	-8.0	-12.0	57.0	7.0	68.0	48.0	31.0	172.43
9	1.0	7.0	-18.0	6.0	17.0	-113.0	-128.0	85.0	169.8
10	57.0	10.0	29.0	-50.0	36.0	65.0	113.0	-37.0	156.55
11	-120.0	-8.0	7.0	-89.0	119.0	127.0	-81.0	12.0	152.97
12	-76.0	3.0	-36.0	-18.0	-43.0	20.0	-7.0	79.0	161.6
13	-5.0	-45.0	-3.0	-39.0	92.0	45.0	-6.0	-50.0	164.29
14	39.0	-20.0	-10.0	-25.0	6.0	91.0	-13.0	-119.0	147.42
15	-6.0	6.0	-18.0	-24.0	39.0	100.0	13.0	-103.0	145.19
16	18.0	-17.0	9.0	-44.0	18.0	127.0	2.0	-112.0	140.06
17	-28.0	-15.0	42.0	-58.0	54.0	35.0	123.0	-109.0	135.85
18	42.0	-37.0	12.0	-25.0	50.0	-64.0	88.0	115.0	133.56
19	44.0	8.0	11.0	-19.0	-64.0	73.0	-50.0	12.0	143.04
20	127.0	-19.0	-26.0	-7.0	-128.0	-57.0	29.0	37.0	143.85
21	127.0	3.0	12.0	29.0	-31.0	127.0	12.0	-57.0	145.19
22	-1.0	18.0	27.0	18.0	127.0	105.0	14.0	70.0	150.01
23	-22.0	-2.0	40.0	-10.0	-22.0	-54.0	-5.0	-5.0	138.18
24	-20.0	-5.0	-33.0	-46.0	57.0	105.0	-96.0	-3.0	133.56
25	45.0	-56.0	-10.0	-33.0	-109.0	20.0	-93.0	-41.0	131.18
26	74.0	5.0	-61.0	-2.0	28.0	13.0	116.0	-119.0	131.61
27	-55.0	7.0	-25.0	10.0	127.0	127.0	-111.0	-30.0	128.55
28	-50.0	0.0	127.0	-4.0	76.0	-128.0	-7.0	55.0	116.92
29	-4.0	-2.0	5.0	33.0	53.0	-4.0	29.0	18.0	115.19
30	-35.0	-19.0	47.0	15.0	-44.0	13.0	-45.0	-18.0	115.19
31	-6.0	7.0	21.0	24.0	-17.0	127.0	-23.0	-70.0	109.37
32	51.0	3.0	17.0	99.0	-44.0	-94.0	-35.0	37.0	107.48
33	-4.0	13.0	20.0	-10.0	127.0	95.0	6.0	-15.0	109.37
34	22.0	12.0	18.0	-58.0	21.0	74.0	-5.0	63.0	106.88
35	0.0	-36.0	23.0	-13.0	35.0	-59.0	-21.0	-33.0	105.9
36	-49.0	-17.0	-43.0	-38.0	66.0	48.0	-50.0	56.0	107.48
37	73.0	1.0	-25.0	36.0	52.0	95.0	-93.0	0.0	107.83
38	15.0	13.0	-105.0	3.0	-33.0	-22.0	0.0	89.0	106.37
39	30.0	30.0	-3.0	24.0	-110.0	63.0	-3.0	-5.0	106.74
40	-1.0	-33.0	-49.0	86.0	120.0	99.0	-97.0	-84.0	105.9
41	15.0	-26.0	-36.0	22.0	-20.0	76.0	-7.0	-27.0	106.0
42	44.0	7.0	6.0	45.0	35.0	-81.0	13.0	62.0	106.37
43	-13.0	27.0	-49.0	-2.0	-21.0	-1.0	-29.0	57.0	105.97
44	54.0	-12.0	-3.0	-13.0	34.0	-1.0	2.0	-60.0	107.56
45	75.0	-25.0	8.0	-16.0	-128.0	105.0	-45.0	-1.0	108.54
46	-64.0	2.0	5.0	-10.0	15.0	-84.0	21.0	-50.0	116.92
47	-20.0	43.0	-62.0	-32.0	1.0	-50.0	127.0	63.0	119.2
48	-80.0	24.0	-4.0	29.0	-10.0	-31.0	-21.0	127.0	123.0
49	82.0	7.0	13.0	19.0	-128.0	15.0	-90.0	127.0	120.14
50	-62.0	15.0	89.0	16.0	127.0	-72.0	2.0	-58.0	122.4
51	19.0	-24.0	-24.0	-56.0	-45.0	-81.0	-15.0	12.0	122.73
52	61.0	111.0	47.0	-12.0	-23.0	127.0	-24.0	-28.0	128.55
53	15.0	63.0	-63.0	-24.0	90.0	32.0	22.0	68.0	119.2
54	-53.0	-54.0	11.0	-81.0	32.0	-91.0	24.0	-123.0	123.0
55	-5.0	23.0	3.0	-18.0	127.0	-128.0	23.0	-60.0	132.93
56	90.0	-12.0	-74.0	-93.0	-14.0	20.0	104.0	-86.0	132.93
57	31.0	4.0	6.0	69.0	9.0	-49.0	86.0	-128.0	132.04
58	20.0	-31.0	-40.0	41.0	127.0	-54.0	-8.0	-30.0	136.14
59	-79.0	-31.0	11.0	20.0	69.0	84.0	14.0	-128.0	139.25
60	-37.0	-16.0	4.0	-44.0	-43.0	-50.0	34.0	-10.0	141.17
61	73.0	14.0	-10.0	57.0	34.0	-60.0	65.0	27.0	139.25
62	33.0	7.0	-21.0	127.0	120.0	88.0	-67.0	-93.0	140.06
63	-62.0	56.0	-10.0	-89.0	-57.0	-12.0	-89.0	127.0	148.95
64	-1.0	-2.0	-3.0	-14.0	-67.0	127.0	64.0	-15.0	150.01
65	36.0	-21.0	27.0	-66.0	44.0	127.0	6.0	-23.0	164.79
66	-31.0	-6.0	-5.0	19.0	105.0	127.0	-67.0	69.0	165.87
67	6.0	-29.0	-18.0	-43.0	4.0	-24.0	-8.0	-99.0	158.39
68	-26.0	13.0	-7.0	18.0	-23.0	-4.0	-29.0	86.0	164.29
69	31.0	6.0	12.0	17.0	124.0	55.0	-128.0	114.0	158.39
70	-9.0	8.0	1.0	46.0	-93.0	75.0	52.0	-51.0	160.68
71	5.0	-8.0	102.0	10.0	6.0	73.0	87.0	71.0	169.76
72	25.0	-13.0	-10.0	-27.0	127.0	85.0	64.0	27.0	156.84
73	-42.0	6.0	-2.0	81.0	103.0	-119.0	-128.0	-106.0	152.97
74	74.0	0.0	56.0	-48.0	66.0	-70.0	-78.0	-1.0	168.9
75	-83.0	6.0	-5.0	28.0	-1.0	-22.0	27.0	68.0	152.02
76	17.0	-4.0	-12.0	1.0	-61.0	93.0	-24.0	38.0	168.9
77	51.0	-25.0	-39.0	-54.0	18.0	92.0	-117.0	-114.0	170.39
78	19.0	-19.0	-46.0	-44.0	50.0	-9.0	41.0	24.0	162.21
79	10.0	40.0	93.0	52.0	-40.0	-113.0	22.0	-45.0	170.9
80	10.0	-22.0	-35.0	-50.0	121.0	95.0	-85.0	25.0	169.76
81	-6.0	8.0	-59.0	-4.0	28.0	77.0	-33.0	127.0	164.79
82	-13.0	-20.0	5.0	-4.0	-128.0	-128.0	17.0	-38.0	170.64
83	2.0	-8.0	18.0	-12.0	-128.0	-11.0	-76.0	-61.0	172.7
