0	-26.0	58.0	4.0	-6.0	-103.0	92.0	127.0	-84.0	120.54
1	-1.0	127.0	7.0	19.0	98.0	-76.0	-8.0	-6.0	143.84
2	4.0	-11.0	24.0	4.0	115.0	-23.0	30.0	-62.0	125.05
3	12.0	-10.0	22.0	41.0	49.0	127.0	100.0	-21.0	117.94
4	107.0	-10.0	7.0	-1.0	-4.0	127.0	29.0	-89.0	110.29
5	-56.0	4.0	26.0	-76.0	42.0	-117.0	63.0	-13.0	122.23
6	50.0	-14.0	-10.0	31.0	9.0	52.0	-39.0	-57.0	124.12
7	-71.0	12.0	-21.0	29.0	42.0	-110.0	-110.0	-103.0	122.23
8	21.0	13.0	22.0	-25.0	92.0	0.0	127.0	0.0	136.63
9	-63.0	3.0	-4.0	101.0	-81.0	-116.0	100.0	-29.0	140.74
10	39.0	-43.0	-10.0	-7.0	107.0	77.0	105.0	-30.0	128.37
11	21.0	80.0	19.0	41.0	90.0	127.0	63.0	1.0	123.29
12	40.0	-5.0	-33.0	55.0	-110.0	-30.0	115.0	33.0	136.63
13	-31.0	-27.0	1.0	-11.0	-124.0	127.0	26.0	62.0	134.1
14	-9.0	-103.0	-29.0	120.0	127.0	-116.0	-18.0	50.0	142.99
15	17.0	-27.0	-45.0	30.0	58.0	89.0	49.0	120.0	145.15
16	127.0	-30.0	-24.0	-66.0	-128.0	116.0	-44.0	-89.0	150.5
17	10.0	13.0	-26.0	58.0	127.0	-128.0	117.0	20.0	142.23
18	127.0	-10.0	27.0	40.0	-106.0	127.0	-11.0	47.0	141.15
19	-18.0	-14.0	-6.0	58.0	13.0	-56.0	77.0	18.0	141.15
20	47.0	-25.0	-7.0	4.0	16.0	30.0	-63.0	-18.0	144.05
21	35.0	-5.0	-3.0	-84.0	10.0	15.0	127.0	-123.0	152.49
22	-8.0	30.0	-6.0	4.0	0.0	31.0	0.0	-103.0	149.54
23	7.0	-10.0	-29.0	-61.0	-99.0	51.0	-8.0	-38.0	154.6
24	6.0	28.0	-21.0	119.0	127.0	-128.0	-46.0	127.0	150.5
25	-5.0	-20.0	12.0	6.0	127.0	-69.0	-32.0	-7.0	143.56
26	11.0	0.0	37.0	24.0	-10.0	127.0	-39.0	-2.0	152.82
27	14.0	95.0	-53.0	44.0	42.0	127.0	84.0	4.0	156.0
28	-26.0	-10.0	127.0	-29.0	-92.0	127.0	113.0	33.0	163.86
29	16.0	10.0	3.0	45.0	107.0	-21.0	24.0	1.0	164.72
30	-104.0	-42.0	121.0	6.0	-5.0	-116.0	-36.0	117.0	165.25
31	117.0	-39.0	-4.0	-123.0	89.0	127.0	-76.0	113.0	163.86
32	6.0	-6.0	-13.0	61.0	9.0	-119.0	-57.0	-111.0	164.76
33	2.0	12.0	-2.0	52.0	-13.0	39.0	62.0	-6.0	149.54
34	32.0	23.0	13.0	41.0	-42.0	35.0	41.0	-30.0	158.37
35	-5.0	-50.0	10.0	16.0	105.0	-51.0	0.0	11.0	164.84
36	24.0	37.0	127.0	127.0	-62.0	71.0	-3.0	69.0	165.26
37	26.0	-16.0	124.0	-128.0	-112.0	106.0	74.0	0.0	165.66
38	24.0	120.0	-22.0	-87.0	-96.0	96.0	-113.0	61.0	165.66
39	-83.0	-12.0	17.0	48.0	85.0	-60.0	63.0	73.0	165.25
40	35.0	-15.0	3.0	-35.0	83.0	97.0	127.0	-109.0	164.29
41	2.0	12.0	8.0	-83.0	-5.0	-71.0	-50.0	85.0	163.52
42	-86.0	118.0	50.0	-88.0	118.0	-57.0	82.0	45.0	165.03
43	7.0	33.0	3.0	99.0	127.0	60.0	-98.0	45.0	165.4
44	-21.0	-26.0	-11.0	127.0	-63.0	1.0	120.0	2.0	166.03
45	56.0	-29.0	3.0	71.0	125.0	36.0	-19.0	13.0	165.84
46	-1.0	37.0	-11.0	127.0	-120.0	32.0	-12.0	-63.0	165.71
47	68.0	11.0	-6.0	54.0	8.0	77.0	-8.0	50.0	165.92
48	37.0	27.0	15.0	74.0	0.0	103.0	-10.0	-43.0	166.09
49	-5.0	127.0	127.0	-2.0	-18.0	127.0	54.0	83.0	165.92
50	19.0	-7.0	-3.0	107.0	22.0	72.0	-65.0	53.0	166.42
51	0.0	17.0	12.0	5.0	95.0	127.0	94.0	-35.0	166.0
52	74.0	123.0	-4.0	-21.0	127.0	84.0	69.0	79.0	166.03
53	-37.0	52.0	-25.0	54.0	24.0	54.0	-46.0	6.0	165.84
54	-60.0	-12.0	-14.0	127.0	102.0	51.0	-128.0	68.0	165.33
55	-43.0	18.0	6.0	10.0	127.0	-16.0	84.0	-59.0	165.52
56	50.0	2.0	85.0	48.0	-59.0	-23.0	110.0	57.0	164.38
57	90.0	-4.0	3.0	-48.0	-124.0	-30.0	34.0	11.0	160.89
58	3.0	18.0	4.0	104.0	10.0	-60.0	25.0	-54.0	161.6
59	70.0	127.0	-10.0	-25.0	-30.0	87.0	23.0	119.0	164.82
60	15.0	-50.0	107.0	22.0	14.0	69.0	-18.0	13.0	165.26
61	38.0	30.0	23.0	-123.0	-106.0	77.0	24.0	-29.0	165.27
62	46.0	19.0	2.0	30.0	75.0	70.0	127.0	103.0	165.33
63	127.0	-79.0	-6.0	40.0	13.0	-6.0	-16.0	54.0	165.53
64	40.0	31.0	-3.0	23.0	-11.0	-128.0	44.0	52.0	161.6
65	12.0	-6.0	12.0	-47.0	47.0	-128.0	72.0	116.0	159.92
66	39.0	12.0	6.0	-1.0	-119.0	88.0	-128.0	127.0	159.92
67	-9.0	-3.0	-10.0	81.0	24.0	39.0	-37.0	18.0	164.82
68	68.0	-14.0	-1.0	127.0	68.0	-69.0	101.0	48.0	162.81
69	46.0	-3.0	-23.0	-3.0	100.0	110.0	-12.0	83.0	154.6
70	-9.0	12.0	-5.0	127.0	115.0	-71.0	36.0	9.0	156.0
71	-37.0	-13.0	117.0	8.0	-119.0	-7.0	-128.0	-9.0	156.34
72	62.0	123.0	6.0	-105.0	-19.0	42.0	69.0	60.0	143.56
73	127.0	-7.0	6.0	-66.0	60.0	38.0	127.0	-88.0	141.95
74	17.0	5.0	-22.0	6.0	127.0	31.0	-105.0	22.0	141.95
75	48.0	-24.0	-15.0	31.0	99.0	-89.0	-60.0	-31.0	124.12
76	-49.0	-2.0	-21.0	5.0	89.0	127.0	-18.0	53.0	134.1
77	-88.0	18.0	119.0	-47.0	127.0	120.0	-25.0	-63.0	142.37
78	28.0	13.0	-6.0	67.0	74.0	22.0	109.0	98.0	130.39
79	36.0	15.0	-16.0	127.0	24.0	-67.0	-3.0	-1.0	135.0
80	-1.0	3.0	-25.0	34.0	81.0	-37.0	97.0	17.0	120.54
81	17.0	58.0	3.0	3.0	-124.0	89.0	0.0	14.0	117.94
82	28.0	-16.0	-1.0	4.0	22.0	-61.0	77.0	35.0	119.81
83	-51.0	-9.0	3.0	28.0	80.0	-14.0	92.0	73.0	118.16
