0	27.0	-18.0	-37.0	75.0	13.0	-4.0	-24.0	-13.0	60.14
1	15.0	14.0	7.0	-9.0	-17.0	-9.0	-85.0	29.0	46.78
2	73.0	104.0	73.0	30.0	-19.0	-10.0	14.0	34.0	40.92
3	-84.0	-106.0	-28.0	-128.0	-1.0	-7.0	99.0	-26.0	42.89
4	-30.0	-12.0	-16.0	20.0	6.0	-11.0	-104.0	51.0	41.97
5	-100.0	73.0	6.0	-54.0	-3.0	-9.0	117.0	43.0	39.7
6	-83.0	-116.0	33.0	37.0	17.0	23.0	-47.0	-19.0	37.91
7	98.0	-112.0	26.0	-50.0	12.0	15.0	70.0	9.0	31.85
8	76.0	54.0	-20.0	127.0	-7.0	19.0	-32.0	127.0	31.48
9	-53.0	8.0	10.0	-128.0	30.0	21.0	20.0	-18.0	30.61
10	36.0	18.0	-8.0	18.0	-16.0	-12.0	-77.0	44.0	30.61
11	116.0	32.0	-24.0	11.0	4.0	-5.0	-3.0	-35.0	31.43
12	-84.0	-9.0	93.0	127.0	11.0	-7.0	6.0	-9.0	31.48
13	95.0	80.0	29.0	-92.0	-21.0	4.0	17.0	-18.0	32.59
14	-53.0	64.0	-57.0	-18.0	1.0	13.0	18.0	0.0	31.48
15	81.0	-32.0	24.0	-9.0	6.0	-5.0	-13.0	4.0	33.8
16	-128.0	12.0	0.0	-3.0	-17.0	-13.0	14.0	-28.0	33.8
17	33.0	-109.0	67.0	16.0	-3.0	22.0	-67.0	-7.0	54.56
18	-17.0	-121.0	127.0	-8.0	4.0	3.0	64.0	-30.0	63.12
19	-103.0	64.0	-15.0	-31.0	-4.0	13.0	-40.0	73.0	69.67
20	65.0	61.0	-100.0	-15.0	-11.0	-64.0	22.0	-65.0	69.67
21	87.0	127.0	-21.0	-4.0	7.0	23.0	-66.0	26.0	66.59
22	-110.0	-91.0	-53.0	29.0	-2.0	29.0	-9.0	56.0	79.14
23	9.0	48.0	-21.0	19.0	12.0	7.0	-88.0	40.0	72.16
24	-70.0	10.0	-66.0	8.0	4.0	30.0	-3.0	71.0	82.89
25	127.0	-128.0	25.0	-11.0	-2.0	-34.0	-3.0	-25.0	75.55
26	-63.0	-128.0	-10.0	-9.0	4.0	11.0	-76.0	30.0	79.62
27	42.0	89.0	-73.0	-11.0	7.0	-8.0	31.0	-1.0	81.55
28	-94.0	7.0	24.0	22.0	-16.0	13.0	36.0	-86.0	91.99
29	77.0	29.0	45.0	17.0	26.0	-17.0	43.0	38.0	116.8
30	90.0	-95.0	8.0	-9.0	-16.0	-4.0	-48.0	-25.0	99.99
31	-24.0	-67.0	-95.0	-5.0	9.0	12.0	97.0	-69.0	97.87
32	-20.0	-49.0	18.0	21.0	-10.0	6.0	21.0	-11.0	125.5
33	-45.0	5.0	-3.0	22.0	1.0	1.0	-47.0	-10.0	102.86
34	73.0	-51.0	-63.0	-38.0	21.0	49.0	-43.0	-37.0	101.33
35	-125.0	106.0	-11.0	-20.0	12.0	-23.0	25.0	-11.0	110.17
36	63.0	-66.0	-16.0	-7.0	-4.0	8.0	-67.0	7.0	101.33
37	64.0	79.0	-61.0	14.0	-11.0	-7.0	-88.0	20.0	116.8
38	-103.0	106.0	-124.0	-28.0	24.0	-14.0	-43.0	25.0	104.49
39	-105.0	-19.0	127.0	-39.0	7.0	22.0	23.0	-58.0	113.6
40	51.0	15.0	-21.0	-25.0	28.0	-24.0	-59.0	38.0	116.5
41	-128.0	100.0	13.0	-81.0	19.0	24.0	88.0	-16.0	123.73
42	127.0	-1.0	-18.0	2.0	3.0	-6.0	11.0	-5.0	118.65
43	127.0	121.0	42.0	-7.0	-27.0	28.0	64.0	50.0	123.73
44	108.0	104.0	25.0	24.0	41.0	-24.0	2.0	-18.0	127.06
45	24.0	86.0	-11.0	83.0	9.0	8.0	-9.0	56.0	128.11
46	33.0	-13.0	6.0	2.0	13.0	-10.0	-14.0	-21.0	128.58
47	19.0	79.0	127.0	45.0	-14.0	20.0	6.0	18.0	127.2
48	79.0	-2.0	-38.0	-16.0	2.0	-13.0	62.0	-128.0	127.06
49	98.0	4.0	-67.0	14.0	41.0	-18.0	37.0	16.0	128.55
50	127.0	-44.0	-100.0	9.0	1.0	-22.0	-10.0	-18.0	128.55
51	-99.0	85.0	34.0	-15.0	-4.0	7.0	18.0	17.0	114.83
52	105.0	-53.0	-31.0	-16.0	-10.0	-39.0	-64.0	-61.0	116.5
53	48.0	7.0	32.0	-55.0	-6.0	3.0	93.0	19.0	99.99
54	-8.0	127.0	-89.0	-13.0	28.0	9.0	-34.0	17.0	113.6
55	67.0	-93.0	127.0	-38.0	52.0	35.0	-6.0	-49.0	121.07
56	127.0	-42.0	-128.0	28.0	18.0	16.0	-6.0	1.0	110.17
57	-95.0	71.0	-60.0	-20.0	-3.0	29.0	-64.0	10.0	115.24
58	127.0	72.0	-20.0	127.0	12.0	14.0	23.0	41.0	89.58
59	-128.0	59.0	29.0	-10.0	18.0	-45.0	-73.0	22.0	88.93
60	-104.0	97.0	-122.0	28.0	7.0	-39.0	-21.0	-40.0	79.14
61	127.0	-128.0	7.0	-4.0	18.0	-6.0	10.0	-12.0	97.87
62	11.0	127.0	38.0	37.0	-1.0	22.0	-1.0	-61.0	89.58
63	-77.0	-120.0	127.0	106.0	-35.0	5.0	3.0	5.0	93.41
64	106.0	74.0	72.0	-29.0	30.0	-47.0	-110.0	92.0	95.05
65	118.0	-99.0	76.0	16.0	-3.0	3.0	65.0	-124.0	72.16
66	-42.0	26.0	-3.0	-11.0	-21.0	-24.0	-23.0	-113.0	76.11
67	40.0	38.0	-72.0	50.0	-13.0	-58.0	14.0	34.0	88.93
68	-73.0	-33.0	8.0	-51.0	-2.0	15.0	17.0	-1.0	79.62
69	127.0	100.0	6.0	19.0	7.0	-4.0	-54.0	52.0	67.07
70	-90.0	-123.0	-21.0	-4.0	11.0	-25.0	-5.0	21.0	65.68
71	117.0	-1.0	-3.0	4.0	0.0	49.0	-13.0	80.0	43.64
72	-28.0	-73.0	-20.0	-23.0	21.0	-2.0	22.0	36.0	54.56
73	127.0	-25.0	6.0	15.0	22.0	13.0	11.0	4.0	42.89
74	-116.0	50.0	15.0	127.0	15.0	42.0	13.0	-28.0	40.18
75	-65.0	22.0	4.0	-30.0	-17.0	-56.0	7.0	-53.0	48.19
76	-47.0	95.0	42.0	23.0	12.0	-10.0	-17.0	25.0	63.09
77	-70.0	41.0	-67.0	30.0	-25.0	-3.0	-66.0	-30.0	66.59
78	16.0	-118.0	34.0	2.0	14.0	-4.0	-17.0	-3.0	55.52
79	-128.0	127.0	-34.0	1.0	-17.0	1.0	-8.0	-100.0	55.13
80	109.0	90.0	112.0	6.0	11.0	8.0	84.0	-4.0	49.7
81	57.0	-32.0	-29.0	-17.0	-6.0	-1.0	-128.0	-113.0	35.31
82	96.0	63.0	41.0	47.0	3.0	-17.0	8.0	86.0	43.64
83	-31.0	-99.0	-29.0	-33.0	2.0	8.0	-63.0	-46.0	49.7
84	-21.0	127.0	-55.0	67.0	-8.0	-45.0	38.0	-8.0	35.31
85	-122.0	76.0	13.0	48.0	-10.0	9.0	-54.0	-4.0	40.92
86	118.0	-128.0	-60.0	63.0	18.0	-4.0	-36.0	-54.0	60.14
87	76.0	-108.0	-46.0	-67.0	-44.0	-6.0	-76.0	-37.0	63.12
