0	-20.0	-13.0	13.0	11.0	-8.0	-11.0	-57.0	37.0	74.56
1	4.0	42.0	-110.0	-112.0	-8.0	-2.0	36.0	10.0	74.02
2	-25.0	13.0	38.0	-30.0	-10.0	-15.0	-29.0	27.0	70.54
3	-82.0	103.0	69.0	21.0	-7.0	-10.0	23.0	-54.0	62.33
4	40.0	-81.0	20.0	54.0	4.0	8.0	9.0	1.0	67.94
5	-81.0	43.0	-27.0	-94.0	0.0	14.0	-40.0	-8.0	67.53
6	120.0	-63.0	-94.0	-11.0	11.0	53.0	-19.0	17.0	59.9
7	-9.0	108.0	7.0	48.0	-17.0	43.0	-4.0	-12.0	58.84
8	-6.0	-128.0	56.0	34.0	4.0	-7.0	-45.0	98.0	48.17
9	67.0	39.0	-36.0	-21.0	34.0	-14.0	42.0	26.0	31.51
10	98.0	-4.0	35.0	-18.0	5.0	-10.0	4.0	-71.0	20.85
11	-51.0	101.0	-2.0	14.0	39.0	-46.0	6.0	21.0	20.68
12	-22.0	-57.0	-8.0	-44.0	82.0	-14.0	-26.0	60.0	20.78
13	-68.0	-28.0	97.0	-9.0	23.0	0.0	-22.0	23.0	20.68
14	-93.0	-3.0	-128.0	7.0	14.0	14.0	33.0	-46.0	20.63
15	32.0	17.0	13.0	73.0	4.0	-1.0	-9.0	15.0	20.36
16	103.0	127.0	-101.0	-38.0	-12.0	1.0	17.0	7.0	20.85
17	-119.0	-46.0	-15.0	12.0	-9.0	14.0	-54.0	-1.0	30.3
18	-93.0	-63.0	55.0	8.0	-5.0	-32.0	-22.0	-1.0	30.66
19	127.0	-68.0	21.0	-6.0	11.0	11.0	-11.0	-12.0	42.02
20	48.0	31.0	-16.0	2.0	-13.0	4.0	-33.0	-4.0	31.51
21	50.0	95.0	-17.0	1.0	14.0	5.0	-53.0	-83.0	32.52
22	-12.0	127.0	68.0	35.0	-4.0	10.0	31.0	-72.0	43.23
23	39.0	-104.0	55.0	38.0	-16.0	12.0	-30.0	10.0	44.4
24	-107.0	-38.0	-81.0	-8.0	4.0	30.0	0.0	72.0	50.06
25	23.0	-74.0	36.0	-67.0	-6.0	6.0	16.0	-1.0	45.52
26	-12.0	-35.0	60.0	23.0	-6.0	-24.0	18.0	47.0	53.52
27	-20.0	3.0	3.0	32.0	0.0	-11.0	-48.0	80.0	58.41
28	96.0	117.0	85.0	21.0	0.0	31.0	-39.0	-65.0	42.02
29	95.0	-67.0	-103.0	-47.0	-21.0	-18.0	-17.0	-107.0	53.72
30	32.0	127.0	5.0	5.0	-19.0	-9.0	-4.0	101.0	53.72
31	127.0	-7.0	3.0	11.0	-5.0	40.0	-27.0	30.0	54.95
32	78.0	27.0	-127.0	44.0	0.0	13.0	43.0	-24.0	51.71
33	60.0	-38.0	4.0	65.0	-11.0	8.0	-21.0	24.0	37.13
34	-128.0	-125.0	-104.0	11.0	-7.0	18.0	75.0	-13.0	32.52
35	127.0	-2.0	0.0	-9.0	5.0	8.0	8.0	-86.0	40.99
36	-14.0	127.0	37.0	25.0	-9.0	47.0	-7.0	-5.0	44.4
37	-57.0	13.0	26.0	-11.0	-34.0	-22.0	-6.0	3.0	51.71
38	-128.0	-128.0	-92.0	32.0	3.0	-12.0	-55.0	-107.0	54.95
39	-105.0	-128.0	-112.0	-28.0	-14.0	6.0	-68.0	31.0	58.85
40	-99.0	101.0	-7.0	41.0	18.0	-3.0	30.0	29.0	70.25
41	41.0	-111.0	67.0	-16.0	4.0	-7.0	90.0	59.0	75.64
42	76.0	88.0	-128.0	1.0	6.0	9.0	-17.0	-93.0	77.74
43	8.0	-6.0	103.0	-78.0	13.0	-24.0	-5.0	-52.0	86.28
44	38.0	-42.0	-38.0	-10.0	9.0	-3.0	-27.0	-11.0	94.63
45	21.0	72.0	21.0	38.0	0.0	-47.0	41.0	-78.0	94.63
46	-50.0	-79.0	14.0	-62.0	0.0	10.0	17.0	37.0	96.5
47	-50.0	25.0	-62.0	15.0	30.0	-91.0	-54.0	-52.0	103.16
48	127.0	-89.0	-26.0	-58.0	8.0	-15.0	-52.0	31.0	115.27
49	-11.0	126.0	60.0	-95.0	48.0	-27.0	-32.0	0.0	102.37
50	127.0	-43.0	-49.0	41.0	21.0	0.0	29.0	22.0	115.27
51	-89.0	49.0	-40.0	-26.0	6.0	18.0	120.0	-62.0	116.74
52	-71.0	-51.0	125.0	-70.0	-26.0	-2.0	-40.0	24.0	120.91
53	-56.0	27.0	-10.0	18.0	-6.0	6.0	-46.0	-12.0	117.5
54	-86.0	-14.0	-58.0	-105.0	-8.0	-15.0	-32.0	31.0	122.55
55	-24.0	127.0	-7.0	7.0	-14.0	13.0	1.0	69.0	123.06
56	26.0	104.0	8.0	53.0	-12.0	9.0	25.0	9.0	110.6
57	36.0	-117.0	55.0	-69.0	12.0	1.0	6.0	-35.0	109.55
58	82.0	-128.0	13.0	30.0	1.0	23.0	1.0	33.0	128.9
59	127.0	58.0	-106.0	-6.0	16.0	-7.0	79.0	-30.0	128.9
60	23.0	12.0	36.0	-8.0	-2.0	-19.0	1.0	14.0	127.38
61	70.0	87.0	-2.0	-27.0	-17.0	-23.0	68.0	-83.0	126.55
62	-96.0	-37.0	21.0	5.0	-4.0	-4.0	13.0	29.0	127.38
63	-21.0	-76.0	-56.0	-17.0	-15.0	-1.0	22.0	-26.0	129.89
64	-4.0	1.0	56.0	34.0	7.0	-4.0	-23.0	50.0	129.82
65	-95.0	97.0	13.0	-32.0	6.0	-37.0	-38.0	-21.0	122.55
66	127.0	13.0	13.0	-4.0	-3.0	1.0	74.0	-3.0	112.17
67	120.0	16.0	-48.0	-62.0	-9.0	25.0	51.0	72.0	116.74
68	127.0	-53.0	-63.0	49.0	-13.0	20.0	-40.0	40.0	99.29
69	-47.0	-27.0	92.0	-64.0	-3.0	16.0	-8.0	9.0	93.34
70	-8.0	-79.0	126.0	-14.0	-20.0	-8.0	-32.0	-9.0	83.44
71	103.0	63.0	-106.0	37.0	-17.0	7.0	-26.0	19.0	79.47
72	98.0	18.0	-9.0	-99.0	7.0	2.0	-52.0	-28.0	70.54
73	-65.0	20.0	-15.0	88.0	12.0	4.0	-49.0	8.0	83.5
74	-84.0	69.0	-106.0	23.0	7.0	-3.0	105.0	52.0	93.34
75	17.0	-86.0	71.0	-18.0	16.0	-5.0	14.0	-29.0	86.28
76	-80.0	-76.0	65.0	13.0	19.0	4.0	10.0	-21.0	91.07
77	103.0	87.0	33.0	25.0	9.0	49.0	-1.0	23.0	87.9
78	-82.0	-6.0	4.0	-59.0	9.0	-17.0	52.0	-59.0	83.5
79	-72.0	47.0	-101.0	-12.0	-12.0	-9.0	-2.0	2.0	74.02
80	-3.0	29.0	-82.0	31.0	-21.0	-30.0	2.0	60.0	67.94
81	-84.0	-51.0	39.0	100.0	-10.0	-2.0	-60.0	-34.0	61.04
82	38.0	-16.0	44.0	-128.0	19.0	-9.0	117.0	3.0	59.9
83	-66.0	82.0	-13.0	-33.0	15.0	45.0	-13.0	-7.0	58.85
84	-61.0	-114.0	-16.0	25.0	14.0	-18.0	45.0	-25.0	77.74
