0	-93.0	-35.0	69.0	41.0	14.0	8.0	42.0	59.0	70.54
1	17.0	95.0	67.0	-47.0	30.0	-7.0	-22.0	-28.0	86.28
2	127.0	49.0	-58.0	38.0	-4.0	10.0	17.0	-83.0	70.54
3	103.0	-38.0	125.0	-18.0	-8.0	31.0	-48.0	9.0	87.9
4	32.0	-46.0	-27.0	1.0	4.0	-47.0	-40.0	0.0	94.63
5	-84.0	-79.0	-128.0	-16.0	-9.0	10.0	-7.0	-26.0	93.34
6	-8.0	-53.0	68.0	65.0	4.0	16.0	-17.0	3.0	99.29
7	76.0	127.0	-49.0	25.0	0.0	4.0	-4.0	-52.0	91.07
8	67.0	-81.0	26.0	-67.0	48.0	11.0	29.0	98.0	74.56
9	-14.0	47.0	7.0	-21.0	16.0	-19.0	-39.0	-1.0	79.47
10	-25.0	-27.0	-101.0	100.0	-9.0	-1.0	-46.0	-65.0	74.02
11	-128.0	-67.0	13.0	-69.0	8.0	-5.0	1.0	-1.0	83.5
12	127.0	-86.0	-17.0	-6.0	7.0	-12.0	-2.0	-7.0	103.16
13	-65.0	27.0	56.0	34.0	1.0	-37.0	75.0	24.0	122.55
14	-6.0	101.0	-36.0	-18.0	-5.0	7.0	-57.0	-4.0	116.74
15	-50.0	-3.0	13.0	54.0	5.0	43.0	33.0	69.0	127.38
16	95.0	17.0	21.0	1.0	12.0	23.0	25.0	-93.0	126.55
17	-81.0	-128.0	-106.0	-44.0	9.0	8.0	43.0	-62.0	115.27
18	103.0	103.0	56.0	32.0	13.0	-2.0	-11.0	7.0	128.9
19	23.0	13.0	0.0	-28.0	-9.0	-2.0	8.0	-35.0	129.89
20	4.0	97.0	-62.0	-8.0	-12.0	9.0	-60.0	-107.0	115.27
21	98.0	-38.0	38.0	49.0	-19.0	-15.0	1.0	-30.0	102.37
22	-11.0	87.0	20.0	11.0	-17.0	-4.0	-52.0	101.0	117.5
23	-51.0	-28.0	4.0	-11.0	-21.0	-30.0	10.0	-46.0	128.9
24	8.0	-57.0	-104.0	-11.0	-12.0	53.0	-40.0	-12.0	123.06
25	-93.0	13.0	-81.0	5.0	-17.0	-9.0	14.0	33.0	120.91
26	-12.0	-51.0	85.0	5.0	-3.0	20.0	36.0	23.0	129.82
27	50.0	-125.0	55.0	-94.0	5.0	-11.0	4.0	-25.0	122.55
28	127.0	127.0	14.0	38.0	0.0	-17.0	-30.0	10.0	116.74
29	-20.0	-6.0	103.0	11.0	-17.0	-11.0	-33.0	-21.0	127.38
30	-24.0	108.0	-82.0	32.0	11.0	47.0	-52.0	27.0	112.17
31	-71.0	58.0	36.0	-62.0	-6.0	13.0	9.0	60.0	110.6
32	-119.0	-111.0	-56.0	-33.0	0.0	18.0	-29.0	10.0	109.55
33	-80.0	-79.0	-8.0	34.0	9.0	6.0	13.0	17.0	86.28
34	-82.0	3.0	3.0	21.0	-14.0	-4.0	79.0	-71.0	83.5
35	120.0	88.0	60.0	-59.0	-4.0	5.0	-13.0	-54.0	74.02
36	-96.0	-68.0	-112.0	-62.0	-13.0	-7.0	-54.0	-24.0	67.94
37	21.0	126.0	13.0	23.0	11.0	-7.0	-17.0	80.0	61.04
38	-4.0	-128.0	3.0	48.0	-2.0	25.0	23.0	50.0	77.74
39	26.0	31.0	55.0	41.0	7.0	18.0	-19.0	-29.0	70.25
40	-47.0	87.0	-2.0	-27.0	0.0	12.0	-5.0	-3.0	77.74
41	98.0	20.0	71.0	37.0	12.0	40.0	-9.0	37.0	94.63
42	-3.0	-104.0	-106.0	25.0	-7.0	4.0	-23.0	-86.0	96.5
43	-105.0	117.0	-48.0	-6.0	-12.0	-14.0	-68.0	21.0	93.34
44	48.0	-16.0	33.0	-64.0	-14.0	-18.0	-4.0	31.0	75.64
45	-50.0	-2.0	-7.0	30.0	-5.0	-15.0	-27.0	-9.0	67.94
46	103.0	-128.0	126.0	-17.0	14.0	-2.0	74.0	9.0	59.9
47	70.0	29.0	-101.0	44.0	4.0	-46.0	-45.0	40.0	58.84
48	38.0	16.0	-127.0	-128.0	-6.0	-27.0	-32.0	-83.0	58.85
49	39.0	127.0	-103.0	-70.0	-15.0	-8.0	51.0	30.0	58.41
50	23.0	-63.0	8.0	53.0	-10.0	0.0	120.0	-13.0	43.23
51	120.0	-117.0	-92.0	23.0	19.0	-3.0	-22.0	1.0	37.13
52	-86.0	-43.0	97.0	-30.0	82.0	45.0	-55.0	26.0	32.52
53	127.0	63.0	-2.0	15.0	19.0	14.0	-32.0	14.0	42.02
54	-66.0	127.0	-63.0	31.0	23.0	-22.0	22.0	47.0	32.52
55	-57.0	42.0	-106.0	-14.0	0.0	-32.0	-26.0	52.0	31.51
56	-99.0	39.0	-13.0	-8.0	-6.0	-10.0	105.0	31.0	20.85
57	127.0	-74.0	-40.0	88.0	-21.0	6.0	-38.0	-78.0	20.68
58	-95.0	-51.0	-15.0	35.0	-8.0	-23.0	31.0	72.0	20.36
59	-82.0	104.0	37.0	2.0	16.0	-15.0	18.0	-34.0	20.85
60	-22.0	82.0	-9.0	-112.0	7.0	14.0	-26.0	-12.0	20.68
61	-21.0	-128.0	55.0	7.0	34.0	2.0	-8.0	15.0	20.63
62	38.0	-4.0	21.0	7.0	18.0	-10.0	-53.0	29.0	30.3
63	78.0	101.0	-16.0	-99.0	6.0	-9.0	-49.0	-107.0	30.66
64	127.0	-13.0	5.0	73.0	21.0	-9.0	-21.0	-72.0	20.78
65	127.0	18.0	35.0	-4.0	15.0	1.0	30.0	24.0	31.51
66	127.0	-63.0	-38.0	11.0	3.0	-24.0	90.0	23.0	40.99
67	-20.0	-76.0	60.0	-26.0	-3.0	13.0	-1.0	2.0	42.02
68	36.0	43.0	-94.0	-10.0	39.0	49.0	6.0	37.0	53.52
69	-68.0	-37.0	-15.0	-38.0	4.0	1.0	-32.0	-8.0	51.71
70	32.0	-76.0	92.0	12.0	-13.0	30.0	6.0	-12.0	48.17
71	-84.0	-42.0	39.0	-78.0	-11.0	-3.0	45.0	-5.0	45.52
72	-12.0	25.0	-110.0	21.0	-26.0	9.0	-40.0	60.0	44.4
73	60.0	-6.0	-10.0	-32.0	-20.0	1.0	-54.0	-59.0	53.72
74	82.0	72.0	-26.0	-58.0	-8.0	-1.0	68.0	72.0	44.4
75	41.0	-114.0	21.0	18.0	4.0	6.0	41.0	-1.0	50.06
76	-107.0	13.0	36.0	-12.0	-7.0	14.0	1.0	-11.0	54.95
77	-9.0	-89.0	-128.0	8.0	6.0	4.0	-6.0	-21.0	54.95
78	40.0	127.0	4.0	-105.0	9.0	-3.0	-27.0	3.0	53.72
79	-56.0	27.0	44.0	-9.0	-34.0	-14.0	117.0	22.0	51.71
80	-89.0	69.0	65.0	13.0	-16.0	-18.0	0.0	8.0	58.85
81	-61.0	12.0	-7.0	-9.0	-10.0	-91.0	16.0	19.0	59.9
82	96.0	-14.0	-16.0	25.0	0.0	8.0	52.0	29.0	62.33
83	-128.0	1.0	13.0	14.0	14.0	-24.0	17.0	-52.0	83.44
84	-72.0	-7.0	13.0	-95.0	6.0	0.0	2.0	31.0	67.53
