0	-4.0	-126.0	19.0	3.0	-15.0	11.0	43.0	-52.0	110.14
1	-71.0	109.0	-28.0	29.0	-27.0	17.0	16.0	3.0	112.1
2	-15.0	84.0	56.0	19.0	42.0	50.0	-49.0	23.0	112.1
3	-79.0	76.0	100.0	28.0	-17.0	-9.0	-17.0	-64.0	117.43
4	12.0	59.0	-81.0	-28.0	30.0	11.0	70.0	-16.0	116.06
5	88.0	4.0	13.0	-13.0	18.0	-30.0	40.0	-11.0	102.99
6	31.0	-95.0	21.0	-20.0	-33.0	24.0	-79.0	-48.0	106.17
7	76.0	38.0	84.0	-79.0	-5.0	25.0	-83.0	39.0	97.61
8	87.0	-16.0	-46.0	-5.0	-10.0	-22.0	38.0	57.0	97.61
9	-93.0	50.0	127.0	-23.0	-14.0	-5.0	-91.0	-20.0	95.85
10	-74.0	41.0	77.0	1.0	-20.0	16.0	27.0	-24.0	104.5
11	117.0	83.0	-40.0	19.0	-5.0	-18.0	39.0	-22.0	100.73
12	-49.0	-19.0	55.0	-8.0	-9.0	-17.0	38.0	27.0	98.21
13	-91.0	-2.0	-1.0	38.0	36.0	-26.0	86.0	25.0	81.58
14	95.0	27.0	-128.0	23.0	18.0	69.0	-8.0	-65.0	71.65
15	-16.0	63.0	-9.0	39.0	7.0	74.0	-128.0	118.0	58.72
16	74.0	-84.0	110.0	-7.0	-1.0	-16.0	25.0	-25.0	61.1
17	-85.0	95.0	-3.0	8.0	-20.0	11.0	-5.0	28.0	68.24
18	-88.0	116.0	28.0	-25.0	6.0	11.0	16.0	-52.0	68.24
19	75.0	-7.0	-5.0	59.0	6.0	13.0	2.0	-11.0	78.65
20	127.0	-76.0	18.0	-62.0	2.0	22.0	69.0	11.0	68.58
21	127.0	78.0	45.0	41.0	6.0	-16.0	16.0	-11.0	63.62
22	76.0	-25.0	-94.0	-19.0	-20.0	-15.0	-54.0	57.0	61.06
23	-35.0	-89.0	-77.0	-86.0	-3.0	-20.0	24.0	38.0	60.37
24	101.0	-75.0	20.0	6.0	-16.0	-12.0	-2.0	-30.0	55.11
25	-6.0	75.0	5.0	-16.0	27.0	57.0	13.0	0.0	53.93
26	23.0	-111.0	33.0	-1.0	-2.0	17.0	13.0	-81.0	60.37
27	-22.0	-94.0	-108.0	-9.0	-5.0	-6.0	-44.0	22.0	68.24
28	-4.0	45.0	46.0	3.0	0.0	-4.0	-60.0	25.0	93.72
29	-128.0	-125.0	38.0	-45.0	-10.0	62.0	51.0	40.0	69.2
30	-2.0	127.0	25.0	26.0	-21.0	-7.0	-87.0	-3.0	53.93
31	85.0	17.0	-5.0	0.0	-7.0	-58.0	4.0	12.0	68.58
32	-4.0	80.0	8.0	8.0	20.0	-10.0	-14.0	3.0	95.67
33	31.0	-39.0	66.0	-71.0	-9.0	-24.0	40.0	-16.0	95.82
34	-91.0	3.0	127.0	4.0	13.0	-31.0	-56.0	-81.0	101.12
35	-1.0	-19.0	-26.0	-108.0	6.0	-60.0	98.0	11.0	93.72
36	33.0	22.0	127.0	122.0	15.0	17.0	8.0	4.0	101.12
37	32.0	46.0	-38.0	-67.0	8.0	-14.0	-76.0	25.0	96.32
38	11.0	8.0	-89.0	0.0	-19.0	9.0	21.0	-83.0	106.17
39	-78.0	-128.0	-31.0	-68.0	-22.0	22.0	-16.0	10.0	116.06
40	-128.0	-20.0	-64.0	18.0	36.0	12.0	20.0	17.0	110.14
41	14.0	28.0	-33.0	-16.0	11.0	-6.0	-9.0	-3.0	97.19
42	-128.0	51.0	-23.0	35.0	-26.0	-15.0	-19.0	3.0	94.82
43	127.0	-63.0	-18.0	-19.0	-11.0	-12.0	-15.0	-69.0	70.05
44	-1.0	-5.0	4.0	127.0	2.0	61.0	-2.0	18.0	61.1
45	104.0	103.0	-128.0	-19.0	1.0	13.0	2.0	-12.0	71.65
46	-33.0	-80.0	15.0	26.0	-26.0	7.0	20.0	46.0	95.67
47	3.0	39.0	-24.0	12.0	-10.0	35.0	17.0	-8.0	108.83
48	21.0	-103.0	-11.0	-74.0	1.0	22.0	1.0	34.0	97.19
49	-106.0	97.0	79.0	25.0	12.0	-73.0	-23.0	2.0	101.81
50	127.0	-64.0	6.0	69.0	5.0	5.0	7.0	9.0	101.81
51	-96.0	-39.0	-67.0	-37.0	9.0	57.0	127.0	16.0	105.92
52	127.0	-6.0	19.0	-17.0	11.0	3.0	-50.0	10.0	103.16
53	-56.0	46.0	-84.0	109.0	-10.0	-75.0	-60.0	17.0	116.94
54	118.0	-92.0	6.0	-7.0	18.0	-42.0	-115.0	10.0	123.76
55	-14.0	101.0	-103.0	-128.0	-4.0	42.0	11.0	3.0	123.85
56	49.0	127.0	99.0	-18.0	2.0	7.0	16.0	74.0	128.85
57	-89.0	25.0	63.0	15.0	12.0	46.0	-47.0	-16.0	127.54
58	127.0	-64.0	-75.0	-63.0	-20.0	28.0	48.0	-114.0	132.27
59	2.0	113.0	-40.0	55.0	10.0	30.0	20.0	-2.0	133.74
60	109.0	-10.0	-30.0	-2.0	11.0	-26.0	-28.0	-17.0	137.19
61	13.0	89.0	-3.0	-51.0	22.0	8.0	6.0	-9.0	136.41
62	-128.0	-2.0	-86.0	34.0	39.0	-2.0	-38.0	-17.0	137.19
63	-39.0	-77.0	15.0	30.0	19.0	-27.0	39.0	-4.0	136.33
64	-62.0	-38.0	-22.0	3.0	13.0	19.0	4.0	-127.0	133.56
65	-39.0	-128.0	14.0	-1.0	-43.0	34.0	22.0	-4.0	138.44
66	85.0	80.0	31.0	32.0	3.0	12.0	13.0	0.0	139.21
67	93.0	90.0	111.0	57.0	-18.0	86.0	18.0	22.0	139.3
68	79.0	-89.0	-37.0	-86.0	9.0	-14.0	104.0	-14.0	135.14
69	92.0	94.0	82.0	63.0	-2.0	-34.0	51.0	-26.0	136.41
70	-94.0	-128.0	-5.0	-26.0	0.0	-2.0	-3.0	28.0	140.07
71	58.0	-87.0	-24.0	-9.0	8.0	-24.0	-17.0	8.0	140.0
72	-115.0	120.0	-94.0	72.0	3.0	-91.0	-48.0	22.0	140.0
73	17.0	-72.0	37.0	42.0	-18.0	-10.0	5.0	82.0	128.85
74	-14.0	20.0	-27.0	-47.0	-23.0	30.0	1.0	-11.0	130.27
75	-6.0	9.0	127.0	56.0	-39.0	19.0	-6.0	18.0	127.54
76	-49.0	7.0	-23.0	-2.0	21.0	11.0	-30.0	22.0	125.32
77	-128.0	-57.0	-91.0	5.0	6.0	11.0	44.0	63.0	123.85
78	-57.0	39.0	-11.0	29.0	-7.0	1.0	-39.0	-65.0	120.89
79	18.0	-8.0	43.0	-69.0	6.0	-9.0	38.0	9.0	114.53
80	100.0	-26.0	16.0	46.0	22.0	-3.0	15.0	33.0	118.87
81	-12.0	-105.0	46.0	122.0	5.0	7.0	-43.0	-44.0	120.89
82	37.0	-61.0	-33.0	-39.0	10.0	-10.0	30.0	20.0	122.24
83	-128.0	-80.0	-77.0	121.0	2.0	-14.0	-70.0	78.0	120.81
84	-89.0	12.0	32.0	-14.0	-14.0	18.0	7.0	60.0	118.87
