0	-13.0	-75.0	47.0	-128.0	24.0	26.0	29.0	-7.0	96.13
1	127.0	127.0	-27.0	10.0	-1.0	19.0	2.0	67.0	90.95
2	127.0	-128.0	67.0	36.0	8.0	49.0	4.0	-8.0	91.41
3	-4.0	48.0	2.0	-69.0	19.0	-6.0	25.0	-3.0	91.8
4	-43.0	-53.0	45.0	-4.0	-7.0	-21.0	-38.0	-18.0	94.2
5	-128.0	106.0	9.0	-4.0	-11.0	26.0	-39.0	-49.0	100.65
6	8.0	-29.0	-65.0	33.0	-12.0	-25.0	-21.0	4.0	99.17
7	-113.0	-56.0	-8.0	1.0	-21.0	10.0	-17.0	0.0	96.13
8	127.0	-1.0	-31.0	48.0	17.0	-6.0	-7.0	-26.0	91.08
9	-31.0	-94.0	-17.0	94.0	12.0	6.0	-24.0	-38.0	85.27
10	127.0	-99.0	-3.0	-26.0	0.0	28.0	-30.0	2.0	91.8
11	91.0	127.0	-46.0	-33.0	12.0	1.0	-3.0	-52.0	84.06
12	109.0	-29.0	-79.0	26.0	-8.0	9.0	7.0	-30.0	82.43
13	70.0	124.0	54.0	24.0	-11.0	-2.0	11.0	41.0	93.25
14	22.0	83.0	28.0	-42.0	6.0	59.0	4.0	83.0	86.93
15	122.0	-118.0	-128.0	127.0	0.0	3.0	20.0	10.0	82.43
16	127.0	5.0	49.0	-119.0	-33.0	-43.0	13.0	28.0	65.87
17	-11.0	68.0	13.0	66.0	8.0	-100.0	-19.0	22.0	60.39
18	-41.0	12.0	17.0	-25.0	-22.0	-12.0	10.0	-18.0	57.53
19	51.0	18.0	-31.0	-13.0	67.0	4.0	-18.0	27.0	40.22
20	127.0	84.0	-11.0	127.0	17.0	2.0	7.0	72.0	40.2
21	110.0	1.0	19.0	-103.0	-23.0	76.0	-15.0	0.0	40.99
22	-107.0	79.0	72.0	6.0	7.0	-14.0	61.0	-104.0	52.84
23	-105.0	-91.0	127.0	32.0	-5.0	19.0	-4.0	48.0	62.61
24	-50.0	-66.0	59.0	-58.0	-55.0	51.0	88.0	14.0	62.71
25	-128.0	52.0	62.0	-4.0	14.0	7.0	-39.0	49.0	60.09
26	3.0	-128.0	127.0	-118.0	19.0	-29.0	-78.0	-5.0	59.92
27	83.0	-29.0	-2.0	-46.0	-18.0	0.0	3.0	-8.0	43.51
28	8.0	97.0	-90.0	70.0	22.0	-87.0	1.0	-93.0	47.8
29	127.0	-47.0	53.0	-13.0	30.0	-3.0	-6.0	-97.0	57.53
30	-27.0	77.0	-9.0	-93.0	-46.0	65.0	-4.0	38.0	40.99
31	38.0	35.0	31.0	-30.0	0.0	19.0	0.0	14.0	47.8
32	84.0	96.0	75.0	58.0	8.0	-28.0	1.0	-55.0	60.09
33	77.0	42.0	-31.0	91.0	11.0	-5.0	8.0	79.0	65.03
34	109.0	-22.0	76.0	-31.0	-20.0	-23.0	77.0	1.0	62.12
35	73.0	5.0	-30.0	2.0	-34.0	12.0	-42.0	-6.0	65.87
36	-22.0	43.0	-12.0	127.0	-11.0	9.0	-12.0	11.0	84.06
37	-128.0	97.0	127.0	44.0	0.0	12.0	20.0	-92.0	90.95
38	-114.0	44.0	-18.0	15.0	22.0	-37.0	-63.0	0.0	83.08
39	127.0	-34.0	-23.0	-42.0	14.0	25.0	-18.0	2.0	95.32
40	114.0	127.0	-74.0	-16.0	-4.0	28.0	16.0	-32.0	96.63
41	127.0	6.0	-128.0	6.0	39.0	-19.0	-4.0	50.0	92.98
42	42.0	20.0	118.0	-34.0	6.0	14.0	-5.0	-16.0	96.92
43	-111.0	27.0	-12.0	-3.0	-7.0	-41.0	-19.0	-37.0	100.87
44	-103.0	-36.0	-126.0	3.0	-25.0	26.0	-13.0	-12.0	105.34
45	91.0	27.0	60.0	27.0	-14.0	-71.0	7.0	0.0	106.19
46	-89.0	49.0	-44.0	-32.0	-8.0	1.0	0.0	-1.0	108.02
47	-20.0	22.0	92.0	-60.0	9.0	-2.0	0.0	9.0	120.47
48	-128.0	-7.0	-3.0	16.0	-14.0	0.0	43.0	-2.0	114.38
49	32.0	-69.0	-41.0	9.0	4.0	-1.0	32.0	98.0	112.42
50	-16.0	-96.0	32.0	6.0	28.0	11.0	-25.0	-57.0	118.91
51	35.0	30.0	40.0	-23.0	-12.0	-10.0	15.0	11.0	120.47
52	-85.0	127.0	-100.0	-37.0	25.0	13.0	37.0	38.0	118.91
53	-128.0	43.0	127.0	4.0	-11.0	-4.0	-19.0	-18.0	125.09
54	-80.0	10.0	12.0	-2.0	7.0	-12.0	8.0	-70.0	125.09
55	-105.0	2.0	17.0	-36.0	5.0	-24.0	-49.0	47.0	135.16
56	97.0	-90.0	-51.0	11.0	16.0	14.0	85.0	-53.0	123.85
57	11.0	33.0	-52.0	-36.0	-22.0	-21.0	-2.0	-22.0	122.95
58	21.0	45.0	10.0	-27.0	-2.0	-32.0	13.0	94.0	126.73
59	-124.0	64.0	118.0	11.0	-40.0	46.0	32.0	98.0	132.27
60	-121.0	-55.0	-6.0	-29.0	-10.0	21.0	56.0	54.0	135.97
61	57.0	-80.0	13.0	27.0	17.0	-27.0	-88.0	-13.0	128.55
62	57.0	-119.0	17.0	86.0	7.0	-4.0	7.0	10.0	133.77
63	90.0	-109.0	59.0	-14.0	-35.0	-14.0	-16.0	3.0	136.17
64	66.0	123.0	21.0	26.0	14.0	31.0	-13.0	0.0	136.78
65	-128.0	127.0	-57.0	35.0	-19.0	-4.0	12.0	1.0	136.67
66	107.0	-128.0	-19.0	-20.0	31.0	-8.0	-33.0	-32.0	136.95
67	127.0	-128.0	111.0	90.0	-19.0	-21.0	-46.0	-44.0	136.95
68	80.0	-12.0	-80.0	75.0	14.0	-6.0	42.0	14.0	135.97
69	-123.0	-75.0	45.0	-13.0	-12.0	-9.0	31.0	6.0	136.17
70	-126.0	18.0	-116.0	71.0	-29.0	20.0	-12.0	103.0	132.58
71	97.0	-119.0	-24.0	-33.0	2.0	-2.0	52.0	9.0	128.55
72	-48.0	-102.0	-12.0	-53.0	-4.0	3.0	26.0	-6.0	134.8
73	127.0	-21.0	98.0	19.0	15.0	27.0	-22.0	-96.0	120.84
74	-73.0	-60.0	-128.0	-38.0	-24.0	-78.0	2.0	17.0	116.0
75	107.0	35.0	-37.0	97.0	0.0	2.0	4.0	9.0	109.98
76	-128.0	-39.0	50.0	-23.0	-9.0	-11.0	35.0	62.0	108.02
77	91.0	-128.0	-62.0	23.0	12.0	11.0	-31.0	72.0	103.69
78	73.0	71.0	7.0	-16.0	-17.0	-1.0	106.0	41.0	100.87
79	25.0	-3.0	-12.0	6.0	25.0	-5.0	-39.0	4.0	99.17
80	127.0	11.0	39.0	-128.0	-14.0	-21.0	49.0	-35.0	95.32
81	-84.0	-100.0	59.0	91.0	3.0	-7.0	22.0	5.0	98.68
