0	51.0	-116.0	-68.0	-4.0	6.0	-10.0	-6.0	33.0	119.8
1	-19.0	53.0	-6.0	51.0	-21.0	-20.0	2.0	22.0	126.8
2	-20.0	-49.0	-54.0	-128.0	-4.0	-22.0	-7.0	47.0	118.87
3	-48.0	28.0	-58.0	-81.0	-1.0	11.0	-5.0	26.0	100.65
4	-63.0	-101.0	4.0	27.0	5.0	9.0	-2.0	-24.0	99.49
5	-23.0	-64.0	-57.0	-34.0	9.0	5.0	2.0	-58.0	99.41
6	2.0	111.0	-53.0	-20.0	-15.0	4.0	7.0	-13.0	105.72
7	56.0	-57.0	-5.0	79.0	10.0	4.0	19.0	3.0	98.5
8	21.0	72.0	37.0	-7.0	-3.0	33.0	10.0	13.0	96.59
9	-51.0	75.0	32.0	14.0	-8.0	-1.0	-13.0	-105.0	115.91
10	114.0	-80.0	77.0	-15.0	-3.0	-2.0	1.0	19.0	117.79
11	-84.0	32.0	-74.0	4.0	-22.0	-11.0	11.0	59.0	119.8
12	127.0	30.0	39.0	14.0	-10.0	5.0	-49.0	-22.0	114.46
13	3.0	29.0	-77.0	-2.0	4.0	-2.0	-5.0	-128.0	114.27
14	30.0	-104.0	-128.0	2.0	8.0	-11.0	-23.0	-28.0	106.2
15	40.0	71.0	-128.0	6.0	-19.0	1.0	8.0	-34.0	105.72
16	-110.0	-54.0	65.0	25.0	-10.0	20.0	-10.0	-10.0	95.26
17	24.0	13.0	86.0	3.0	-11.0	-35.0	13.0	33.0	96.61
18	74.0	-128.0	21.0	-121.0	-1.0	-23.0	4.0	-22.0	95.15
19	127.0	44.0	-84.0	34.0	-21.0	-10.0	20.0	-76.0	96.59
20	-95.0	118.0	12.0	59.0	-4.0	20.0	-5.0	-29.0	96.4
21	127.0	0.0	-6.0	1.0	-17.0	-6.0	-4.0	18.0	93.61
22	-128.0	-2.0	27.0	-103.0	22.0	-9.0	12.0	27.0	65.08
23	-128.0	-26.0	84.0	3.0	-9.0	15.0	5.0	-8.0	57.49
24	124.0	70.0	-74.0	-10.0	-8.0	18.0	-5.0	-20.0	47.96
25	36.0	66.0	127.0	-57.0	16.0	-6.0	11.0	-11.0	47.37
26	127.0	-76.0	-12.0	-16.0	64.0	10.0	3.0	-4.0	47.34
27	16.0	-13.0	-102.0	13.0	2.0	1.0	3.0	-3.0	47.37
28	78.0	127.0	127.0	-48.0	-9.0	13.0	-3.0	8.0	47.7
29	56.0	-58.0	127.0	-104.0	-3.0	-6.0	12.0	11.0	57.49
30	48.0	18.0	2.0	3.0	25.0	-5.0	17.0	-13.0	65.0
31	-27.0	127.0	-95.0	8.0	-3.0	-7.0	2.0	75.0	66.47
32	124.0	29.0	-19.0	-23.0	-8.0	-13.0	-22.0	-51.0	79.67
33	-76.0	38.0	-26.0	127.0	10.0	12.0	-59.0	16.0	66.01
34	49.0	-75.0	-60.0	-103.0	22.0	31.0	5.0	111.0	47.96
35	-45.0	-120.0	127.0	-58.0	-7.0	18.0	13.0	-3.0	47.4
36	-40.0	38.0	27.0	14.0	-9.0	2.0	-1.0	81.0	50.07
37	2.0	-27.0	27.0	-39.0	14.0	25.0	10.0	-26.0	51.66
38	125.0	24.0	-77.0	-32.0	13.0	10.0	20.0	-6.0	59.97
39	118.0	-15.0	11.0	-8.0	-14.0	-7.0	-1.0	33.0	51.4
40	24.0	-19.0	-31.0	-58.0	-4.0	-35.0	-12.0	-25.0	50.07
41	102.0	78.0	-128.0	0.0	-12.0	-14.0	-9.0	-104.0	53.75
42	51.0	65.0	-54.0	126.0	0.0	-6.0	24.0	22.0	65.89
43	38.0	-100.0	49.0	31.0	2.0	-4.0	-21.0	-55.0	66.01
44	-5.0	96.0	39.0	-2.0	0.0	2.0	8.0	-74.0	65.89
45	72.0	-19.0	62.0	-34.0	13.0	28.0	-1.0	48.0	79.67
46	52.0	33.0	-24.0	3.0	1.0	-6.0	15.0	-51.0	65.81
47	118.0	-13.0	-127.0	116.0	-10.0	5.0	-42.0	-18.0	91.22
48	31.0	-88.0	-43.0	14.0	3.0	-11.0	-3.0	13.0	91.22
49	118.0	127.0	47.0	19.0	-2.0	7.0	3.0	43.0	94.04
50	127.0	-26.0	34.0	3.0	16.0	14.0	8.0	58.0	91.41
51	-13.0	28.0	-123.0	-33.0	-8.0	-1.0	-29.0	111.0	95.15
52	-79.0	23.0	5.0	-128.0	-27.0	-33.0	-20.0	10.0	97.05
53	104.0	87.0	-122.0	-103.0	-27.0	-14.0	12.0	17.0	97.05
54	-128.0	-20.0	-6.0	115.0	10.0	-10.0	-8.0	-105.0	104.0
55	37.0	-95.0	-111.0	58.0	15.0	-1.0	-17.0	36.0	117.6
56	-52.0	-96.0	24.0	34.0	-6.0	13.0	-8.0	63.0	99.41
57	82.0	-50.0	-119.0	-2.0	2.0	19.0	-7.0	-9.0	108.37
58	-100.0	75.0	-40.0	-128.0	-8.0	8.0	14.0	-33.0	110.81
59	127.0	-38.0	127.0	1.0	11.0	16.0	5.0	-5.0	114.27
60	75.0	-49.0	-25.0	25.0	7.0	-6.0	20.0	74.0	118.87
61	3.0	29.0	-16.0	13.0	-2.0	-1.0	-2.0	-50.0	122.58
62	94.0	127.0	127.0	17.0	-2.0	22.0	-8.0	-9.0	126.39
63	16.0	-128.0	2.0	127.0	0.0	31.0	-12.0	101.0	131.01
64	121.0	-65.0	-29.0	-7.0	8.0	-7.0	-7.0	-74.0	133.31
65	-40.0	18.0	-123.0	-67.0	16.0	1.0	-35.0	48.0	133.4
66	-76.0	-57.0	-128.0	11.0	9.0	-10.0	-6.0	-81.0	131.01
67	-128.0	127.0	-60.0	-4.0	-4.0	-9.0	-1.0	-52.0	133.95
68	4.0	58.0	50.0	-128.0	-11.0	-8.0	-6.0	23.0	135.47
69	-30.0	-96.0	19.0	-49.0	9.0	41.0	-32.0	42.0	135.47
70	127.0	82.0	-53.0	3.0	-19.0	-14.0	78.0	-32.0	136.67
71	87.0	-84.0	-64.0	-34.0	7.0	-22.0	12.0	51.0	136.07
72	68.0	13.0	-7.0	115.0	-14.0	-22.0	2.0	59.0	136.67
73	74.0	-48.0	-3.0	-35.0	-14.0	-3.0	8.0	-61.0	135.48
74	-17.0	-4.0	1.0	3.0	-28.0	-6.0	19.0	34.0	135.0
75	-59.0	53.0	77.0	49.0	9.0	-14.0	-20.0	-13.0	135.0
76	-99.0	21.0	-18.0	-128.0	29.0	8.0	4.0	75.0	133.31
77	-128.0	83.0	56.0	-39.0	7.0	-10.0	-5.0	-58.0	133.61
78	-44.0	-128.0	-34.0	-35.0	-17.0	-18.0	-2.0	36.0	134.74
79	75.0	100.0	-128.0	-53.0	0.0	1.0	-21.0	23.0	133.77
80	-16.0	-16.0	30.0	26.0	20.0	0.0	-33.0	-36.0	124.53
