0	-128.0	-104.0	-29.0	-35.0	11.0	8.0	-2.0	111.0	131.01
1	38.0	-49.0	127.0	127.0	10.0	33.0	-6.0	-24.0	136.67
2	-27.0	38.0	127.0	27.0	-14.0	-1.0	-23.0	13.0	135.48
3	118.0	30.0	-128.0	-128.0	-11.0	-6.0	3.0	-58.0	135.47
4	87.0	-100.0	-128.0	34.0	-4.0	-10.0	20.0	-55.0	133.77
5	16.0	32.0	-77.0	26.0	-17.0	-11.0	8.0	-11.0	119.8
6	-45.0	38.0	-53.0	13.0	-11.0	-35.0	-12.0	-34.0	114.46
7	-59.0	-13.0	2.0	25.0	-2.0	-14.0	-1.0	33.0	108.37
8	-5.0	18.0	62.0	-67.0	1.0	-22.0	-21.0	-33.0	99.41
9	94.0	28.0	56.0	6.0	2.0	1.0	10.0	-9.0	99.49
10	74.0	127.0	-119.0	-48.0	29.0	-5.0	-4.0	-13.0	99.41
11	-95.0	13.0	-128.0	-128.0	-3.0	15.0	19.0	59.0	97.05
12	30.0	-116.0	-16.0	1.0	2.0	13.0	-20.0	-3.0	96.4
13	3.0	75.0	4.0	116.0	-3.0	-2.0	5.0	111.0	93.61
14	-79.0	-120.0	65.0	79.0	-9.0	-9.0	-59.0	18.0	96.61
15	-100.0	111.0	30.0	115.0	-1.0	-6.0	-10.0	22.0	96.59
16	56.0	-80.0	-34.0	-20.0	-21.0	-22.0	-29.0	43.0	95.15
17	4.0	18.0	39.0	-35.0	-9.0	22.0	15.0	-81.0	79.67
18	124.0	118.0	-127.0	3.0	-10.0	-7.0	-13.0	-128.0	95.26
19	-128.0	-65.0	-111.0	-34.0	-17.0	8.0	-7.0	48.0	95.15
20	121.0	-75.0	-77.0	-103.0	-14.0	-14.0	12.0	23.0	66.01
21	2.0	-15.0	-123.0	126.0	22.0	19.0	-8.0	-6.0	91.22
22	-51.0	-58.0	27.0	58.0	-3.0	25.0	5.0	-22.0	94.04
23	2.0	-57.0	-84.0	11.0	0.0	1.0	11.0	-10.0	96.59
24	-99.0	127.0	-40.0	-53.0	-19.0	11.0	3.0	-74.0	97.05
25	-76.0	-101.0	2.0	-2.0	3.0	28.0	13.0	22.0	91.22
26	-20.0	65.0	-31.0	-128.0	0.0	-10.0	-6.0	-20.0	65.89
27	36.0	28.0	19.0	3.0	22.0	-7.0	-5.0	-105.0	65.89
28	-48.0	127.0	-57.0	25.0	-22.0	-6.0	-2.0	-58.0	65.0
29	48.0	75.0	-12.0	14.0	0.0	-6.0	-7.0	-76.0	59.97
30	127.0	-128.0	-6.0	17.0	20.0	-20.0	-49.0	16.0	65.08
31	-76.0	82.0	5.0	127.0	14.0	-33.0	-22.0	-51.0	47.37
32	72.0	21.0	127.0	-32.0	-8.0	9.0	1.0	-36.0	50.07
33	82.0	-19.0	12.0	-10.0	6.0	-7.0	7.0	81.0	57.49
34	-16.0	29.0	-122.0	115.0	9.0	-18.0	3.0	13.0	79.67
35	-23.0	-48.0	-54.0	-104.0	16.0	-1.0	24.0	-5.0	65.81
36	-84.0	96.0	21.0	-34.0	-10.0	5.0	2.0	51.0	47.37
37	-19.0	-2.0	-60.0	0.0	-4.0	-8.0	5.0	-13.0	50.07
38	-128.0	-20.0	-43.0	-128.0	13.0	-6.0	12.0	58.0	51.4
39	127.0	127.0	24.0	-4.0	9.0	31.0	14.0	-25.0	47.96
40	-44.0	-13.0	-5.0	-4.0	-4.0	2.0	-17.0	33.0	47.96
41	125.0	53.0	127.0	19.0	8.0	1.0	-6.0	36.0	47.34
42	24.0	-95.0	-68.0	-81.0	4.0	-14.0	-3.0	59.0	47.4
43	-63.0	-54.0	77.0	-58.0	-21.0	-1.0	-20.0	-22.0	47.7
44	75.0	-128.0	86.0	14.0	-19.0	-6.0	-35.0	-18.0	53.75
45	75.0	87.0	-58.0	-57.0	7.0	-10.0	-5.0	63.0	66.01
46	-52.0	44.0	49.0	4.0	-2.0	0.0	19.0	-28.0	91.41
47	31.0	-128.0	-74.0	-39.0	-14.0	20.0	20.0	75.0	51.66
48	68.0	127.0	27.0	-103.0	-27.0	-10.0	-8.0	-26.0	57.49
49	24.0	78.0	-64.0	51.0	-15.0	-4.0	17.0	74.0	66.47
50	127.0	-50.0	127.0	-8.0	7.0	13.0	-8.0	26.0	98.5
51	21.0	66.0	-123.0	-2.0	10.0	41.0	2.0	10.0	106.2
52	127.0	-88.0	-128.0	14.0	-4.0	20.0	-21.0	-104.0	104.0
53	114.0	83.0	11.0	-49.0	0.0	-6.0	78.0	48.0	105.72
54	102.0	23.0	77.0	-128.0	9.0	-35.0	-5.0	75.0	100.65
55	51.0	-49.0	-95.0	34.0	7.0	-13.0	-32.0	-13.0	105.72
56	-30.0	-26.0	84.0	49.0	16.0	18.0	12.0	-32.0	110.81
57	-40.0	33.0	-26.0	59.0	-8.0	10.0	20.0	-50.0	114.27
58	-17.0	58.0	-74.0	-58.0	-10.0	-14.0	-1.0	-29.0	115.91
59	118.0	-96.0	-54.0	-33.0	5.0	7.0	-12.0	-8.0	118.87
60	-40.0	-96.0	32.0	-7.0	15.0	5.0	4.0	34.0	135.0
61	124.0	-27.0	-3.0	-103.0	25.0	-23.0	10.0	-4.0	134.74
62	37.0	70.0	-18.0	13.0	-8.0	-1.0	-3.0	36.0	135.47
63	127.0	-64.0	127.0	31.0	-7.0	31.0	-33.0	-52.0	136.07
64	40.0	72.0	-19.0	8.0	-8.0	14.0	-5.0	42.0	136.67
65	104.0	71.0	-102.0	14.0	-2.0	-11.0	-1.0	101.0	133.4
66	-110.0	13.0	-25.0	-34.0	16.0	-10.0	-7.0	-74.0	126.39
67	-128.0	-26.0	-53.0	-23.0	-12.0	4.0	-1.0	11.0	124.53
68	16.0	0.0	47.0	1.0	2.0	-22.0	13.0	-3.0	118.87
69	56.0	24.0	34.0	3.0	-1.0	5.0	12.0	3.0	117.6
70	127.0	53.0	27.0	3.0	8.0	-3.0	2.0	19.0	114.27
71	49.0	-16.0	-7.0	2.0	-6.0	16.0	-9.0	27.0	117.79
72	78.0	-84.0	-6.0	-16.0	10.0	1.0	-5.0	-105.0	133.31
73	127.0	100.0	37.0	3.0	64.0	18.0	8.0	23.0	133.95
74	-128.0	-4.0	1.0	-15.0	-8.0	-11.0	4.0	33.0	119.8
75	-13.0	-19.0	-60.0	3.0	-28.0	4.0	11.0	-9.0	133.31
76	51.0	-76.0	-128.0	-2.0	9.0	-2.0	8.0	-51.0	133.61
77	74.0	29.0	50.0	-121.0	-3.0	12.0	8.0	8.0	135.0
78	3.0	-38.0	-6.0	-7.0	13.0	10.0	-2.0	47.0	126.8
79	52.0	29.0	39.0	3.0	-27.0	-9.0	-42.0	-61.0	122.58
80	118.0	-57.0	-24.0	-39.0	-9.0	2.0	2.0	17.0	131.01
