0	-128.0	-88.0	66.0	-5.0	6.0	2.0	-4.0	-4.0	21.09
1	-110.0	101.0	-17.0	127.0	8.0	17.0	6.0	-18.0	20.24
2	-55.0	51.0	32.0	13.0	-7.0	-16.0	60.0	30.0	35.52
3	-52.0	-128.0	29.0	-45.0	4.0	26.0	19.0	-32.0	29.36
4	68.0	8.0	-55.0	-13.0	2.0	0.0	-5.0	9.0	33.76
5	127.0	-75.0	-19.0	127.0	14.0	-16.0	33.0	-103.0	13.19
6	-60.0	48.0	38.0	64.0	13.0	25.0	-14.0	-33.0	18.79
7	-75.0	-16.0	127.0	-1.0	0.0	12.0	15.0	6.0	21.17
8	-31.0	48.0	-16.0	-51.0	-14.0	35.0	-15.0	23.0	43.71
9	-31.0	19.0	8.0	-10.0	14.0	-5.0	20.0	21.0	37.39
10	51.0	-44.0	115.0	0.0	-14.0	-20.0	-13.0	-47.0	51.41
11	-68.0	-128.0	9.0	7.0	-14.0	8.0	-61.0	41.0	51.19
12	-74.0	127.0	13.0	-9.0	19.0	-1.0	-2.0	47.0	61.39
13	-25.0	1.0	93.0	2.0	-4.0	-18.0	15.0	-38.0	79.16
14	75.0	-60.0	-8.0	17.0	-12.0	-23.0	28.0	16.0	72.27
15	127.0	-42.0	36.0	11.0	11.0	-10.0	-14.0	31.0	61.68
16	-128.0	65.0	-20.0	8.0	12.0	5.0	-3.0	31.0	84.82
17	-94.0	24.0	-83.0	-41.0	4.0	-10.0	-2.0	11.0	63.5
18	115.0	96.0	-51.0	38.0	9.0	-7.0	18.0	26.0	75.66
19	79.0	-102.0	32.0	59.0	34.0	4.0	6.0	-1.0	81.16
20	31.0	108.0	-12.0	-79.0	3.0	-1.0	23.0	-11.0	95.75
21	-59.0	46.0	-76.0	-1.0	6.0	-13.0	-9.0	34.0	91.87
22	-3.0	80.0	-72.0	-19.0	5.0	7.0	-1.0	-7.0	100.57
23	-112.0	126.0	33.0	5.0	3.0	5.0	-17.0	-37.0	102.58
24	127.0	-128.0	53.0	-10.0	16.0	-5.0	-13.0	35.0	117.4
25	12.0	107.0	53.0	-37.0	1.0	18.0	-5.0	14.0	109.55
26	68.0	-62.0	-128.0	-26.0	-5.0	13.0	88.0	-27.0	103.49
27	4.0	7.0	63.0	21.0	-12.0	19.0	-8.0	34.0	102.54
28	34.0	0.0	59.0	-84.0	5.0	-14.0	3.0	-106.0	89.23
29	55.0	-22.0	-47.0	26.0	-3.0	-9.0	19.0	38.0	89.23
30	127.0	-29.0	-32.0	37.0	18.0	-6.0	-2.0	32.0	108.7
31	127.0	48.0	-85.0	-17.0	-11.0	7.0	-10.0	-128.0	123.12
32	-98.0	127.0	-89.0	-67.0	-1.0	36.0	45.0	24.0	123.33
33	-59.0	46.0	68.0	18.0	3.0	-1.0	-9.0	3.0	124.89
34	16.0	93.0	46.0	15.0	8.0	-21.0	-21.0	-22.0	123.36
35	127.0	19.0	3.0	-1.0	4.0	21.0	10.0	-35.0	123.36
36	56.0	-89.0	-2.0	-98.0	-8.0	18.0	23.0	36.0	117.4
37	50.0	-112.0	-39.0	127.0	-6.0	12.0	-9.0	68.0	124.7
38	-32.0	-128.0	-25.0	-43.0	21.0	-9.0	17.0	9.0	125.01
39	90.0	83.0	127.0	16.0	4.0	-2.0	5.0	-31.0	127.09
40	116.0	-5.0	-10.0	-36.0	32.0	14.0	6.0	50.0	125.01
41	-69.0	106.0	34.0	-27.0	-6.0	10.0	-23.0	20.0	122.85
42	118.0	-128.0	-12.0	127.0	2.0	27.0	0.0	-31.0	123.42
43	98.0	-126.0	-109.0	6.0	16.0	-10.0	7.0	76.0	122.85
44	-83.0	-27.0	15.0	-33.0	-14.0	15.0	-9.0	27.0	123.68
45	-41.0	-36.0	20.0	15.0	-10.0	15.0	7.0	10.0	111.11
46	-58.0	101.0	-18.0	-15.0	-15.0	30.0	5.0	-27.0	109.55
47	-61.0	15.0	10.0	-26.0	-16.0	-77.0	7.0	7.0	103.49
48	26.0	9.0	-128.0	20.0	-7.0	-3.0	-8.0	36.0	110.78
49	127.0	39.0	30.0	11.0	20.0	-18.0	-4.0	37.0	110.78
50	127.0	-87.0	32.0	-101.0	24.0	7.0	30.0	4.0	123.33
51	-17.0	14.0	110.0	12.0	-15.0	16.0	-1.0	-5.0	108.82
52	-113.0	-56.0	-28.0	22.0	32.0	9.0	-13.0	0.0	100.57
53	-78.0	-98.0	-66.0	13.0	-6.0	6.0	-12.0	4.0	91.87
54	-5.0	-33.0	-39.0	-10.0	25.0	-1.0	5.0	26.0	102.58
55	66.0	-54.0	82.0	12.0	2.0	11.0	-11.0	-18.0	79.16
56	11.0	35.0	23.0	-34.0	-22.0	30.0	-5.0	-36.0	81.16
57	80.0	-91.0	-18.0	127.0	0.0	-12.0	16.0	-3.0	83.92
58	-128.0	-98.0	-5.0	108.0	-1.0	-9.0	8.0	39.0	75.66
59	96.0	-21.0	95.0	-11.0	-11.0	-18.0	8.0	28.0	78.22
60	-107.0	96.0	37.0	-71.0	4.0	6.0	19.0	30.0	97.42
61	-21.0	53.0	-22.0	127.0	8.0	-4.0	-18.0	-15.0	57.26
62	127.0	-97.0	-128.0	-128.0	-20.0	-22.0	6.0	-5.0	63.5
63	-36.0	-15.0	127.0	66.0	-7.0	-1.0	-70.0	127.0	54.92
64	5.0	81.0	127.0	47.0	-3.0	-1.0	-14.0	33.0	64.63
65	-89.0	87.0	18.0	-18.0	-10.0	-6.0	57.0	-13.0	52.69
66	-85.0	-36.0	-59.0	98.0	-10.0	-14.0	1.0	1.0	74.65
67	-80.0	-25.0	-61.0	-37.0	-12.0	-32.0	-25.0	-2.0	70.35
68	-107.0	-103.0	-17.0	15.0	23.0	12.0	-6.0	-14.0	54.92
69	127.0	17.0	0.0	9.0	0.0	-9.0	38.0	-40.0	45.56
70	-96.0	-67.0	110.0	-33.0	-7.0	14.0	-7.0	-84.0	53.54
71	-93.0	-79.0	15.0	-60.0	-14.0	-15.0	-57.0	-38.0	38.73
72	127.0	31.0	-37.0	-38.0	8.0	-13.0	-4.0	-13.0	45.56
73	115.0	-11.0	3.0	7.0	24.0	-13.0	-3.0	1.0	50.67
74	-20.0	120.0	47.0	21.0	-11.0	-8.0	-4.0	56.0	51.19
75	-8.0	47.0	127.0	127.0	-20.0	35.0	4.0	21.0	59.8
76	-75.0	36.0	20.0	-111.0	-7.0	-3.0	-10.0	-3.0	53.54
77	-86.0	-69.0	-2.0	-128.0	9.0	-9.0	20.0	-22.0	70.35
78	78.0	-16.0	-4.0	29.0	8.0	-4.0	98.0	27.0	38.73
79	-61.0	127.0	74.0	24.0	-11.0	-1.0	-3.0	71.0	61.39
80	11.0	-128.0	-5.0	-14.0	-1.0	-7.0	27.0	-27.0	45.16
81	-108.0	-128.0	-107.0	-2.0	2.0	6.0	-6.0	15.0	21.8
82	-63.0	59.0	-101.0	-41.0	-19.0	-9.0	-15.0	9.0	33.76
83	-1.0	10.0	9.0	20.0	-1.0	-16.0	-23.0	19.0	18.79
84	17.0	-22.0	126.0	7.0	-13.0	25.0	-10.0	-2.0	40.95
85	42.0	37.0	10.0	16.0	-2.0	-11.0	11.0	16.0	29.36
86	-58.0	-64.0	-72.0	-43.0	-2.0	-2.0	19.0	-12.0	21.09
