0	-45.0	60.0	-82.0	13.0	4.0	-31.0	-100.0	22.0	39.65
1	-46.0	127.0	-52.0	4.0	31.0	6.0	94.0	3.0	32.58
2	14.0	-1.0	-38.0	-30.0	22.0	-54.0	109.0	-28.0	32.58
3	-128.0	127.0	-29.0	24.0	-4.0	-67.0	-20.0	-128.0	31.08
4	115.0	-72.0	94.0	-16.0	39.0	31.0	-98.0	-6.0	31.42
5	-128.0	-128.0	76.0	4.0	-20.0	47.0	0.0	23.0	36.78
6	-52.0	-7.0	-41.0	106.0	67.0	2.0	101.0	24.0	27.84
7	62.0	18.0	17.0	-5.0	52.0	-2.0	-22.0	-12.0	25.83
8	-75.0	6.0	-28.0	24.0	81.0	47.0	-69.0	75.0	27.84
9	-17.0	-107.0	16.0	-102.0	-36.0	-39.0	-113.0	69.0	37.01
10	65.0	-113.0	70.0	15.0	-2.0	-2.0	6.0	-21.0	46.93
11	57.0	-17.0	-15.0	-77.0	-19.0	21.0	-6.0	46.0	61.35
12	-25.0	-39.0	16.0	-2.0	-30.0	-128.0	89.0	15.0	46.42
13	-60.0	-114.0	62.0	-114.0	-35.0	4.0	58.0	-45.0	62.02
14	-89.0	-42.0	87.0	-50.0	9.0	-34.0	-31.0	45.0	63.75
15	54.0	30.0	105.0	-19.0	13.0	37.0	-109.0	52.0	81.17
16	-100.0	74.0	100.0	-18.0	-15.0	-34.0	-126.0	-58.0	81.17
17	15.0	30.0	-35.0	-83.0	51.0	-5.0	127.0	-62.0	82.27
18	30.0	-1.0	127.0	-25.0	46.0	-37.0	-106.0	-14.0	84.2
19	18.0	59.0	-72.0	-5.0	6.0	49.0	-13.0	-9.0	94.44
20	127.0	-8.0	28.0	76.0	8.0	24.0	-78.0	63.0	84.2
21	-128.0	-17.0	-20.0	2.0	-62.0	-119.0	37.0	-19.0	95.83
22	25.0	38.0	-32.0	-66.0	-98.0	-39.0	-49.0	-7.0	103.15
23	76.0	-106.0	-6.0	63.0	-8.0	39.0	-24.0	14.0	101.37
24	-84.0	-77.0	103.0	18.0	3.0	23.0	-111.0	-31.0	102.77
25	-42.0	-51.0	43.0	-10.0	29.0	47.0	-123.0	35.0	108.24
26	-31.0	32.0	114.0	-22.0	64.0	-11.0	107.0	-5.0	92.9
27	17.0	-38.0	28.0	36.0	-70.0	-27.0	-77.0	79.0	95.83
28	82.0	-43.0	-35.0	-95.0	37.0	-11.0	61.0	-69.0	100.85
29	86.0	127.0	-8.0	2.0	-35.0	39.0	114.0	9.0	105.66
30	80.0	-109.0	34.0	16.0	-24.0	-19.0	-112.0	-40.0	99.39
31	41.0	33.0	35.0	43.0	-2.0	-84.0	-12.0	88.0	103.15
32	110.0	49.0	-10.0	-58.0	10.0	36.0	-90.0	17.0	117.69
33	-2.0	-55.0	-52.0	-16.0	20.0	36.0	-32.0	27.0	123.03
34	28.0	-65.0	34.0	-16.0	43.0	-95.0	-38.0	44.0	129.36
35	127.0	82.0	-77.0	-14.0	-2.0	22.0	-57.0	1.0	130.0
36	12.0	76.0	-82.0	51.0	-4.0	36.0	19.0	-7.0	129.84
37	60.0	76.0	4.0	76.0	0.0	-23.0	-104.0	3.0	123.45
38	-53.0	89.0	-42.0	26.0	29.0	18.0	-43.0	-19.0	130.36
39	-38.0	-1.0	40.0	13.0	-36.0	19.0	83.0	-39.0	130.0
40	14.0	26.0	-128.0	61.0	20.0	-38.0	-96.0	-102.0	128.69
41	-114.0	-42.0	16.0	26.0	3.0	23.0	-115.0	50.0	110.26
42	-13.0	4.0	77.0	-100.0	-62.0	2.0	-108.0	-24.0	129.84
43	105.0	34.0	78.0	79.0	-34.0	39.0	-96.0	-17.0	111.19
44	-100.0	25.0	-88.0	-14.0	11.0	14.0	16.0	-35.0	110.4
45	118.0	-90.0	26.0	-18.0	-10.0	-33.0	-30.0	-23.0	111.19
46	79.0	112.0	-68.0	-73.0	-60.0	15.0	23.0	127.0	111.81
47	13.0	-87.0	15.0	-16.0	48.0	-1.0	123.0	-60.0	127.23
48	63.0	127.0	-5.0	9.0	49.0	-50.0	56.0	-28.0	123.03
49	15.0	80.0	-33.0	15.0	9.0	-72.0	-1.0	-9.0	114.08
50	-18.0	55.0	20.0	-15.0	-28.0	126.0	1.0	10.0	114.08
51	-109.0	97.0	101.0	113.0	64.0	-79.0	-54.0	61.0	114.28
52	56.0	33.0	-9.0	-29.0	-43.0	44.0	44.0	21.0	105.66
53	-120.0	73.0	59.0	-25.0	-46.0	8.0	16.0	92.0	106.34
54	-123.0	-30.0	2.0	75.0	-29.0	1.0	-18.0	4.0	86.83
55	12.0	-34.0	28.0	-8.0	-16.0	17.0	-23.0	-93.0	96.98
56	-60.0	64.0	64.0	-18.0	-28.0	9.0	-29.0	11.0	94.44
57	94.0	-75.0	5.0	5.0	10.0	8.0	13.0	-75.0	93.38
58	97.0	-6.0	-13.0	-23.0	20.0	0.0	-87.0	40.0	75.9
59	20.0	30.0	-10.0	-66.0	-46.0	44.0	-128.0	71.0	75.9
60	127.0	-23.0	-45.0	-92.0	-24.0	34.0	-7.0	104.0	65.67
61	-32.0	89.0	29.0	-45.0	-71.0	32.0	-128.0	8.0	76.62
62	-107.0	58.0	-101.0	93.0	-43.0	-80.0	-29.0	-4.0	61.35
63	57.0	127.0	-45.0	-40.0	-6.0	70.0	115.0	21.0	48.15
64	-38.0	-103.0	-28.0	119.0	-12.0	-30.0	101.0	75.0	74.37
65	-4.0	88.0	7.0	78.0	57.0	7.0	30.0	23.0	60.63
66	102.0	14.0	18.0	-61.0	5.0	24.0	104.0	-58.0	67.39
67	-110.0	-111.0	-72.0	90.0	2.0	-9.0	114.0	3.0	72.93
68	115.0	15.0	86.0	18.0	-8.0	-32.0	58.0	-33.0	46.93
69	-113.0	-81.0	-16.0	-119.0	-14.0	38.0	-128.0	67.0	56.87
70	12.0	62.0	-86.0	9.0	-13.0	-34.0	27.0	-31.0	71.9
71	82.0	8.0	62.0	10.0	26.0	-19.0	112.0	-21.0	62.02
72	-124.0	115.0	-46.0	9.0	34.0	-24.0	127.0	-20.0	78.94
73	20.0	95.0	29.0	102.0	-69.0	5.0	3.0	-72.0	74.37
74	110.0	28.0	-44.0	0.0	43.0	8.0	-68.0	-17.0	80.62
75	-62.0	-122.0	-9.0	29.0	61.0	17.0	-80.0	15.0	72.93
76	-82.0	55.0	-7.0	15.0	2.0	-35.0	-74.0	-33.0	57.74
77	106.0	-5.0	-20.0	22.0	24.0	-11.0	-82.0	23.0	56.87
78	-34.0	-114.0	2.0	37.0	-78.0	-35.0	58.0	-38.0	41.77
79	98.0	-35.0	-41.0	-26.0	26.0	-3.0	63.0	-86.0	42.01
80	100.0	-2.0	-111.0	-15.0	0.0	5.0	67.0	-8.0	42.01
81	127.0	-45.0	30.0	9.0	-26.0	-113.0	15.0	-33.0	36.78
82	-26.0	76.0	18.0	44.0	25.0	32.0	-63.0	-62.0	37.01
83	-82.0	-22.0	28.0	-63.0	-9.0	37.0	29.0	-23.0	34.07
