0	-72.0	-71.0	-128.0	-12.0	-12.0	-13.0	10.0	8.0	54.45
1	100.0	32.0	57.0	-75.0	-7.0	-2.0	-38.0	-6.0	70.65
2	-128.0	-25.0	-75.0	100.0	5.0	15.0	-12.0	1.0	78.83
3	7.0	67.0	-66.0	10.0	-21.0	-8.0	29.0	-40.0	75.78
4	-111.0	-63.0	5.0	18.0	-3.0	31.0	-26.0	-16.0	70.65
5	36.0	109.0	-26.0	-1.0	-8.0	-2.0	-7.0	44.0	84.77
6	-25.0	-25.0	34.0	3.0	1.0	6.0	-5.0	-12.0	74.77
7	-5.0	-39.0	28.0	46.0	49.0	-1.0	0.0	36.0	82.78
8	-25.0	-128.0	-46.0	-10.0	-5.0	18.0	-13.0	-8.0	95.89
9	-88.0	-96.0	-73.0	-45.0	30.0	0.0	22.0	20.0	82.78
10	-96.0	-64.0	-50.0	10.0	9.0	-4.0	-5.0	-15.0	86.52
11	30.0	7.0	4.0	-27.0	8.0	13.0	-4.0	-11.0	115.26
12	-99.0	64.0	-112.0	16.0	10.0	-7.0	-7.0	18.0	119.06
13	97.0	-3.0	-48.0	-36.0	-4.0	14.0	-3.0	-61.0	100.9
14	47.0	34.0	43.0	-1.0	17.0	-6.0	6.0	-28.0	117.06
15	127.0	5.0	-24.0	7.0	-3.0	-4.0	31.0	-66.0	121.84
16	-112.0	-20.0	-62.0	-35.0	-8.0	-22.0	-4.0	-33.0	124.15
17	-83.0	29.0	-107.0	-45.0	8.0	-34.0	-3.0	-15.0	132.25
18	-119.0	18.0	38.0	32.0	-4.0	-4.0	10.0	-43.0	122.05
19	48.0	40.0	76.0	11.0	-25.0	-6.0	27.0	-14.0	122.66
20	-65.0	45.0	-5.0	-21.0	-16.0	10.0	-5.0	-24.0	127.05
21	62.0	-44.0	-87.0	12.0	5.0	-8.0	-2.0	44.0	118.97
22	-56.0	-89.0	26.0	-42.0	4.0	-13.0	1.0	-26.0	126.34
23	28.0	-29.0	-1.0	-9.0	-14.0	18.0	17.0	-4.0	127.03
24	-55.0	-6.0	-2.0	-28.0	-3.0	-33.0	3.0	36.0	135.88
25	-117.0	-91.0	6.0	2.0	-19.0	0.0	6.0	-7.0	136.2
26	101.0	-128.0	30.0	-128.0	-21.0	-13.0	66.0	-7.0	136.5
27	-6.0	33.0	-81.0	11.0	16.0	31.0	-92.0	-10.0	136.5
28	13.0	-128.0	23.0	-17.0	10.0	17.0	15.0	-4.0	127.03
29	-1.0	127.0	-109.0	-27.0	-14.0	-11.0	-26.0	-43.0	135.18
30	-57.0	59.0	4.0	-46.0	7.0	-2.0	27.0	-33.0	134.66
31	-8.0	41.0	86.0	-25.0	-9.0	-8.0	-24.0	22.0	133.71
32	70.0	33.0	-49.0	-11.0	20.0	-9.0	-20.0	-18.0	126.34
33	85.0	-18.0	-33.0	-47.0	0.0	15.0	0.0	-9.0	112.88
34	101.0	57.0	-20.0	-14.0	-7.0	12.0	13.0	-1.0	101.46
35	72.0	-107.0	14.0	-59.0	-13.0	-10.0	-3.0	12.0	87.94
36	114.0	94.0	-29.0	-3.0	31.0	-3.0	12.0	-41.0	107.0
37	32.0	24.0	-58.0	-15.0	11.0	1.0	-8.0	27.0	100.9
38	-12.0	96.0	12.0	10.0	-10.0	12.0	22.0	-21.0	112.08
39	1.0	-128.0	-21.0	11.0	-7.0	3.0	-17.0	10.0	98.79
40	-41.0	15.0	-13.0	-31.0	10.0	-22.0	29.0	30.0	118.97
41	-96.0	-128.0	-17.0	110.0	26.0	7.0	-13.0	0.0	121.84
42	-41.0	-55.0	-5.0	-6.0	-13.0	5.0	-6.0	32.0	92.79
43	120.0	1.0	-34.0	-25.0	-2.0	-16.0	-12.0	-7.0	119.29
44	14.0	1.0	-22.0	30.0	1.0	0.0	-11.0	-64.0	124.8
45	85.0	127.0	1.0	5.0	-7.0	3.0	-9.0	20.0	112.08
46	-101.0	54.0	-106.0	-15.0	14.0	10.0	-13.0	21.0	110.68
47	24.0	-46.0	127.0	-21.0	11.0	-3.0	-11.0	-30.0	133.71
48	-67.0	-38.0	-53.0	-5.0	-7.0	10.0	27.0	43.0	112.88
49	41.0	-128.0	-22.0	-31.0	-10.0	-16.0	1.0	18.0	101.46
50	127.0	48.0	98.0	6.0	1.0	-17.0	14.0	-29.0	76.79
51	-69.0	39.0	-105.0	32.0	-3.0	23.0	-21.0	-44.0	78.85
52	-89.0	39.0	-2.0	-10.0	-19.0	14.0	-3.0	6.0	84.77
53	127.0	-114.0	40.0	18.0	-9.0	9.0	5.0	-36.0	90.58
54	-66.0	-41.0	1.0	-49.0	-19.0	-4.0	68.0	14.0	72.75
55	-3.0	-73.0	-89.0	25.0	10.0	-11.0	-3.0	-69.0	69.48
56	58.0	-81.0	51.0	16.0	-7.0	-14.0	3.0	-28.0	60.39
57	-91.0	65.0	-11.0	26.0	2.0	6.0	15.0	-4.0	64.48
58	26.0	-68.0	-10.0	-27.0	7.0	3.0	15.0	8.0	53.99
59	86.0	84.0	-44.0	-18.0	-4.0	-12.0	-62.0	-4.0	55.81
60	1.0	-90.0	-32.0	37.0	-14.0	3.0	-5.0	-23.0	43.97
61	-8.0	-23.0	-60.0	-13.0	-7.0	-13.0	-31.0	9.0	49.05
62	91.0	-47.0	-3.0	-66.0	-6.0	5.0	-7.0	43.0	49.05
63	95.0	12.0	36.0	24.0	3.0	-14.0	-10.0	-30.0	50.44
64	127.0	119.0	10.0	-33.0	28.0	1.0	-4.0	6.0	52.55
65	-21.0	-128.0	28.0	-55.0	11.0	-13.0	-6.0	20.0	44.35
66	-103.0	-61.0	36.0	35.0	-19.0	-10.0	5.0	22.0	57.17
67	-90.0	96.0	-48.0	-57.0	-10.0	25.0	0.0	-71.0	67.24
68	-76.0	-11.0	19.0	-36.0	-13.0	15.0	-4.0	38.0	53.99
69	-47.0	104.0	40.0	1.0	-11.0	5.0	2.0	-35.0	47.75
70	-13.0	10.0	-17.0	-5.0	9.0	-8.0	-1.0	-42.0	51.5
71	100.0	-128.0	-37.0	-14.0	19.0	8.0	9.0	0.0	68.81
72	-99.0	25.0	61.0	-32.0	-2.0	-4.0	22.0	10.0	65.22
73	-128.0	-115.0	-101.0	1.0	-8.0	-3.0	-5.0	-109.0	51.5
74	-110.0	68.0	-101.0	-8.0	-9.0	-1.0	-4.0	54.0	51.57
75	-50.0	73.0	12.0	28.0	-4.0	13.0	-20.0	5.0	57.17
76	30.0	-17.0	-37.0	-9.0	-6.0	0.0	33.0	-90.0	60.39
77	-24.0	-82.0	-33.0	22.0	-3.0	-6.0	-8.0	-9.0	67.24
78	127.0	-109.0	-19.0	2.0	10.0	-22.0	-4.0	2.0	70.61
79	50.0	-49.0	-106.0	20.0	-16.0	-15.0	6.0	-4.0	76.79
80	10.0	65.0	-14.0	20.0	0.0	-9.0	-5.0	14.0	70.61
