0	6.0	91.0	-83.0	-16.0	1.0	-9.0	-57.0	29.0	112.87
1	33.0	41.0	44.0	-9.0	-5.0	-15.0	4.0	127.0	115.17
2	99.0	-38.0	20.0	49.0	7.0	29.0	11.0	-49.0	121.92
3	-10.0	-6.0	0.0	-126.0	1.0	3.0	8.0	19.0	115.83
4	-78.0	-87.0	35.0	26.0	24.0	15.0	16.0	-33.0	118.8
5	67.0	-28.0	29.0	-35.0	-30.0	9.0	31.0	30.0	117.23
6	-51.0	-32.0	21.0	18.0	1.0	34.0	27.0	-19.0	106.98
7	-3.0	-95.0	-64.0	-29.0	-7.0	-26.0	-14.0	-35.0	102.38
8	127.0	48.0	-27.0	-17.0	32.0	-1.0	-22.0	4.0	109.26
9	68.0	-18.0	-65.0	-3.0	-9.0	-10.0	33.0	50.0	111.02
10	48.0	19.0	5.0	-89.0	12.0	72.0	-18.0	-55.0	107.66
11	-80.0	127.0	-38.0	-34.0	34.0	4.0	8.0	4.0	105.42
12	10.0	109.0	-92.0	-32.0	3.0	28.0	-39.0	-23.0	105.15
13	96.0	-128.0	-25.0	-14.0	5.0	28.0	3.0	-62.0	103.61
14	-106.0	-120.0	-49.0	97.0	-18.0	-6.0	-43.0	-27.0	100.47
15	99.0	127.0	44.0	-75.0	26.0	17.0	-3.0	19.0	100.47
16	73.0	60.0	96.0	16.0	-9.0	-5.0	-10.0	29.0	97.87
17	-84.0	-123.0	-112.0	107.0	3.0	10.0	-25.0	18.0	96.88
18	-115.0	-12.0	-5.0	-42.0	-13.0	-10.0	53.0	6.0	96.15
19	-1.0	-13.0	63.0	55.0	-7.0	-10.0	14.0	-45.0	96.88
20	44.0	31.0	117.0	-24.0	-11.0	-25.0	2.0	-26.0	96.92
21	-39.0	125.0	-23.0	0.0	2.0	4.0	-2.0	18.0	97.26
22	-128.0	127.0	-104.0	32.0	-3.0	26.0	-8.0	-92.0	95.2
23	-29.0	-21.0	-74.0	18.0	20.0	4.0	2.0	-9.0	71.24
24	53.0	-121.0	-35.0	9.0	22.0	36.0	-4.0	-42.0	67.52
25	-70.0	-126.0	-34.0	-97.0	8.0	-14.0	-2.0	-74.0	66.72
26	36.0	127.0	23.0	67.0	1.0	-3.0	93.0	-10.0	67.53
27	88.0	-78.0	-91.0	-21.0	17.0	-12.0	16.0	43.0	54.42
28	86.0	-86.0	127.0	-26.0	0.0	-45.0	45.0	26.0	53.4
29	51.0	-10.0	-124.0	7.0	-17.0	59.0	68.0	11.0	53.42
30	-23.0	-26.0	97.0	-101.0	-18.0	-2.0	22.0	29.0	59.92
31	-128.0	3.0	29.0	48.0	-10.0	10.0	-5.0	18.0	64.11
32	-16.0	45.0	-98.0	-9.0	3.0	-9.0	-55.0	27.0	60.3
33	84.0	37.0	127.0	-21.0	-5.0	18.0	-2.0	-17.0	59.43
34	-36.0	-107.0	-28.0	-55.0	-7.0	-2.0	-7.0	-7.0	53.42
35	-16.0	74.0	15.0	4.0	22.0	-1.0	18.0	-44.0	54.38
36	120.0	98.0	-128.0	22.0	16.0	5.0	-28.0	25.0	59.98
37	2.0	43.0	59.0	-1.0	-5.0	-13.0	64.0	26.0	60.3
38	-22.0	79.0	-86.0	51.0	0.0	4.0	-26.0	124.0	67.52
39	47.0	-121.0	15.0	-24.0	-9.0	5.0	-7.0	-111.0	67.36
40	18.0	-57.0	50.0	49.0	26.0	-30.0	-19.0	-71.0	59.85
41	-36.0	-1.0	-28.0	-64.0	32.0	3.0	70.0	8.0	59.92
42	-28.0	-46.0	-103.0	-42.0	9.0	-15.0	13.0	22.0	59.43
43	37.0	-1.0	0.0	-48.0	9.0	11.0	14.0	18.0	66.72
44	-49.0	-54.0	-128.0	19.0	3.0	32.0	-29.0	-9.0	89.7
45	-4.0	124.0	-40.0	-71.0	1.0	10.0	-23.0	-119.0	68.23
46	-54.0	27.0	-60.0	-6.0	6.0	15.0	11.0	-80.0	78.96
47	-127.0	127.0	12.0	97.0	-19.0	-7.0	3.0	56.0	89.84
48	-31.0	64.0	6.0	16.0	1.0	-6.0	-9.0	-9.0	74.46
49	-67.0	-25.0	45.0	11.0	-13.0	-22.0	14.0	-6.0	90.27
50	51.0	-10.0	127.0	63.0	13.0	23.0	16.0	-15.0	71.06
51	108.0	60.0	2.0	28.0	7.0	17.0	-55.0	-92.0	89.84
52	-73.0	99.0	63.0	-19.0	16.0	-5.0	1.0	-9.0	91.77
53	77.0	-35.0	64.0	63.0	11.0	12.0	13.0	41.0	78.96
54	108.0	-20.0	-8.0	-14.0	21.0	8.0	2.0	-19.0	91.77
55	71.0	127.0	-20.0	-100.0	-22.0	-18.0	-8.0	22.0	89.91
56	127.0	-128.0	29.0	-47.0	23.0	-9.0	-18.0	24.0	89.91
57	-54.0	-89.0	-31.0	-3.0	-39.0	-16.0	-11.0	33.0	89.75
58	-13.0	127.0	64.0	-126.0	-19.0	10.0	-3.0	-2.0	93.31
59	81.0	-66.0	85.0	18.0	-10.0	34.0	27.0	8.0	95.2
60	-65.0	-66.0	63.0	-106.0	1.0	5.0	-1.0	-43.0	97.34
61	-114.0	12.0	-12.0	82.0	5.0	9.0	-4.0	24.0	105.15
62	19.0	-21.0	-31.0	-5.0	4.0	13.0	-1.0	-7.0	104.05
63	-98.0	127.0	-38.0	103.0	22.0	6.0	-8.0	-9.0	115.17
64	-111.0	-94.0	-48.0	-42.0	-14.0	-18.0	5.0	-6.0	127.75
65	104.0	-35.0	-15.0	8.0	-7.0	-21.0	-2.0	-16.0	125.4
66	14.0	13.0	-128.0	4.0	-16.0	15.0	-37.0	16.0	127.75
67	-23.0	-31.0	-42.0	-44.0	-1.0	8.0	18.0	-37.0	125.4
68	-64.0	122.0	30.0	-46.0	42.0	3.0	6.0	66.0	128.15
69	42.0	49.0	-115.0	-29.0	-26.0	8.0	-19.0	-1.0	125.33
70	23.0	-72.0	66.0	-22.0	27.0	7.0	-18.0	-99.0	120.33
71	127.0	75.0	-18.0	-12.0	15.0	-7.0	69.0	-20.0	128.61
72	-39.0	50.0	24.0	18.0	0.0	9.0	-4.0	27.0	123.6
73	34.0	13.0	-10.0	100.0	-1.0	0.0	3.0	-23.0	128.61
74	-93.0	54.0	-26.0	-111.0	6.0	6.0	11.0	-32.0	111.02
75	-89.0	62.0	126.0	57.0	11.0	9.0	5.0	-20.0	127.41
76	127.0	-51.0	-40.0	26.0	14.0	-12.0	5.0	44.0	119.11
77	-113.0	-59.0	-100.0	3.0	16.0	-19.0	-13.0	9.0	127.99
78	-128.0	33.0	-24.0	91.0	-11.0	-23.0	-6.0	-104.0	114.38
79	59.0	17.0	2.0	-34.0	1.0	11.0	-20.0	9.0	115.83
80	127.0	-117.0	11.0	26.0	-23.0	-5.0	2.0	-39.0	120.33
