0	127.0	95.0	-58.0	-57.0	2.0	-21.0	-8.0	34.0	132.24
1	-33.0	81.0	-30.0	-118.0	9.0	17.0	85.0	20.0	131.09
2	-36.0	-128.0	27.0	15.0	-4.0	-7.0	-10.0	-31.0	120.84
3	-43.0	23.0	90.0	19.0	9.0	5.0	-17.0	-12.0	98.79
4	-94.0	100.0	52.0	14.0	-4.0	8.0	-21.0	13.0	113.42
5	102.0	-128.0	36.0	127.0	8.0	-10.0	20.0	-7.0	102.77
6	36.0	-25.0	77.0	127.0	26.0	10.0	2.0	-43.0	109.59
7	-128.0	108.0	-9.0	-45.0	4.0	2.0	-29.0	-6.0	128.84
8	-62.0	17.0	-89.0	-40.0	2.0	2.0	2.0	8.0	130.21
9	127.0	-71.0	33.0	-34.0	1.0	-13.0	-10.0	-9.0	128.75
10	50.0	57.0	-53.0	-29.0	-12.0	-17.0	10.0	0.0	123.03
11	-102.0	112.0	-13.0	125.0	-30.0	7.0	8.0	47.0	123.03
12	30.0	-33.0	97.0	19.0	-16.0	5.0	1.0	47.0	121.83
13	105.0	-97.0	103.0	0.0	12.0	-12.0	3.0	-13.0	119.58
14	-61.0	-9.0	21.0	22.0	-8.0	10.0	6.0	10.0	128.84
15	83.0	-126.0	50.0	-2.0	6.0	-2.0	-11.0	19.0	105.12
16	-54.0	-53.0	1.0	-108.0	-3.0	8.0	20.0	-59.0	105.24
17	39.0	24.0	-13.0	80.0	3.0	14.0	-21.0	78.0	109.59
18	-31.0	-22.0	41.0	-1.0	-7.0	-36.0	11.0	-34.0	116.5
19	-127.0	127.0	2.0	6.0	-8.0	17.0	8.0	-95.0	113.42
20	65.0	70.0	25.0	16.0	26.0	-11.0	7.0	14.0	109.59
21	27.0	4.0	80.0	17.0	-10.0	-14.0	2.0	-63.0	102.77
22	113.0	-117.0	14.0	-44.0	-2.0	6.0	-14.0	35.0	94.14
23	119.0	76.0	-124.0	7.0	-12.0	-17.0	-12.0	16.0	78.85
24	-23.0	3.0	-67.0	12.0	-17.0	6.0	13.0	20.0	79.75
25	45.0	127.0	-62.0	-20.0	3.0	-1.0	-2.0	-71.0	79.75
26	-60.0	-73.0	94.0	2.0	-6.0	4.0	-5.0	-69.0	87.28
27	-90.0	10.0	10.0	4.0	8.0	9.0	-7.0	-17.0	89.62
28	64.0	-113.0	6.0	-10.0	-12.0	35.0	-1.0	-9.0	75.95
29	63.0	78.0	127.0	-72.0	-6.0	-8.0	16.0	-42.0	82.41
30	-128.0	97.0	-35.0	6.0	12.0	-3.0	5.0	-12.0	89.62
31	127.0	-124.0	-67.0	10.0	-50.0	4.0	-22.0	-60.0	82.41
32	-83.0	59.0	-37.0	26.0	7.0	-28.0	7.0	26.0	73.35
33	-86.0	-95.0	-31.0	-1.0	11.0	42.0	-26.0	22.0	69.5
34	69.0	50.0	57.0	-25.0	-6.0	-29.0	49.0	54.0	52.48
35	72.0	-121.0	15.0	42.0	-25.0	3.0	-12.0	17.0	40.1
36	-82.0	79.0	-68.0	1.0	8.0	7.0	47.0	9.0	43.88
37	-13.0	-60.0	12.0	11.0	-20.0	5.0	-17.0	-35.0	38.41
38	127.0	-125.0	111.0	-7.0	31.0	-20.0	-20.0	9.0	36.56
39	-53.0	116.0	-125.0	-1.0	-25.0	10.0	-7.0	-3.0	36.53
40	-128.0	-7.0	-98.0	46.0	-11.0	5.0	-9.0	-15.0	36.53
41	127.0	-128.0	62.0	-22.0	17.0	-13.0	4.0	-26.0	37.64
42	50.0	-125.0	-84.0	55.0	-21.0	8.0	-17.0	-13.0	36.9
43	-124.0	-85.0	-121.0	-1.0	16.0	10.0	-34.0	-28.0	36.9
44	-103.0	-128.0	-119.0	-53.0	-11.0	-3.0	55.0	56.0	45.83
45	54.0	-72.0	-37.0	-5.0	10.0	-26.0	-6.0	3.0	54.19
46	-23.0	21.0	67.0	-23.0	7.0	7.0	1.0	44.0	51.0
47	-87.0	74.0	-12.0	20.0	-1.0	-3.0	-14.0	-23.0	52.64
48	127.0	-128.0	-38.0	57.0	5.0	-1.0	2.0	-97.0	57.16
49	-85.0	36.0	8.0	-9.0	-25.0	-24.0	-26.0	-2.0	51.0
50	27.0	-110.0	25.0	24.0	6.0	2.0	-2.0	15.0	39.08
51	96.0	-99.0	-128.0	-13.0	12.0	57.0	4.0	4.0	43.88
52	-118.0	71.0	-72.0	-62.0	9.0	17.0	5.0	-31.0	56.7
53	6.0	-121.0	127.0	-128.0	5.0	18.0	-17.0	-29.0	57.78
54	-20.0	57.0	-15.0	-16.0	0.0	-28.0	10.0	40.0	66.66
55	71.0	-3.0	-44.0	10.0	-3.0	-12.0	1.0	25.0	60.14
56	-122.0	48.0	-23.0	-6.0	59.0	8.0	-9.0	-97.0	68.07
57	-128.0	89.0	-46.0	16.0	3.0	-13.0	-7.0	-53.0	66.66
58	-44.0	-14.0	72.0	-33.0	-12.0	5.0	-22.0	-15.0	67.68
59	-30.0	58.0	-36.0	8.0	10.0	1.0	42.0	12.0	52.73
60	-6.0	81.0	96.0	-84.0	5.0	8.0	-17.0	-2.0	52.48
61	-2.0	127.0	70.0	12.0	9.0	-22.0	-36.0	-1.0	52.73
62	43.0	-100.0	6.0	34.0	-56.0	-1.0	-16.0	-24.0	54.19
63	114.0	-32.0	-37.0	-16.0	1.0	-3.0	10.0	-19.0	62.96
64	10.0	123.0	79.0	-60.0	-2.0	-20.0	3.0	-27.0	60.14
65	77.0	57.0	5.0	52.0	-19.0	13.0	9.0	26.0	70.86
66	-63.0	-7.0	-35.0	34.0	39.0	5.0	17.0	57.0	69.5
67	47.0	-55.0	-22.0	-1.0	-9.0	-5.0	-5.0	2.0	58.23
68	-128.0	-47.0	26.0	-35.0	-6.0	7.0	-8.0	22.0	66.05
69	-61.0	2.0	-30.0	34.0	0.0	3.0	-28.0	-30.0	70.86
70	51.0	39.0	-40.0	-111.0	7.0	-17.0	3.0	-97.0	86.51
71	-128.0	-112.0	-30.0	-112.0	-5.0	30.0	1.0	-35.0	105.12
72	-124.0	-91.0	-33.0	-5.0	-4.0	-40.0	0.0	-70.0	89.73
73	62.0	39.0	-88.0	-15.0	-30.0	5.0	-19.0	85.0	97.66
74	70.0	66.0	109.0	-11.0	-4.0	13.0	-1.0	47.0	89.73
75	71.0	-128.0	10.0	15.0	3.0	-18.0	5.0	15.0	120.84
76	35.0	-126.0	10.0	11.0	13.0	1.0	5.0	-4.0	122.14
77	44.0	88.0	-89.0	-52.0	3.0	6.0	-9.0	1.0	130.14
78	65.0	37.0	-53.0	-69.0	1.0	1.0	-8.0	-25.0	124.67
79	-121.0	44.0	-66.0	34.0	-24.0	0.0	22.0	-48.0	131.09
80	-76.0	-128.0	127.0	-23.0	-3.0	-38.0	14.0	21.0	132.57
81	15.0	85.0	41.0	-43.0	9.0	5.0	15.0	33.0	132.6
82	127.0	63.0	-38.0	82.0	4.0	0.0	6.0	28.0	132.6
83	23.0	-26.0	-22.0	34.0	17.0	-9.0	3.0	-9.0	132.24
84	13.0	122.0	-128.0	-108.0	-19.0	9.0	0.0	-4.0	131.56
