0	-128.0	-48.0	37.0	17.0	-16.0	-1.0	16.0	-17.0	119.24
1	-128.0	89.0	19.0	-51.0	1.0	-17.0	-1.0	-17.0	109.77
2	-128.0	50.0	-5.0	7.0	-8.0	-7.0	-7.0	40.0	116.8
3	-66.0	-58.0	-62.0	99.0	-3.0	-11.0	2.0	28.0	108.11
4	-33.0	73.0	-11.0	-84.0	23.0	-13.0	-4.0	-23.0	122.95
5	9.0	96.0	19.0	14.0	6.0	-3.0	53.0	13.0	115.06
6	-36.0	-60.0	58.0	-29.0	-6.0	13.0	-4.0	39.0	106.9
7	-108.0	46.0	-37.0	14.0	6.0	-3.0	6.0	-11.0	103.93
8	-35.0	52.0	-40.0	-34.0	-6.0	13.0	7.0	11.0	105.08
9	0.0	-113.0	-3.0	-128.0	-6.0	-9.0	39.0	37.0	106.9
10	4.0	-12.0	-27.0	12.0	0.0	-1.0	-3.0	3.0	104.64
11	84.0	107.0	-69.0	0.0	10.0	0.0	-5.0	-2.0	102.57
12	-126.0	-128.0	36.0	56.0	0.0	2.0	-7.0	-5.0	99.62
13	-71.0	-24.0	27.0	14.0	-4.0	-6.0	-4.0	-23.0	97.29
14	19.0	55.0	7.0	-22.0	-2.0	-5.0	-11.0	46.0	99.54
15	28.0	-35.0	25.0	11.0	-15.0	-3.0	-2.0	-10.0	102.5
16	77.0	91.0	-128.0	47.0	19.0	-10.0	-40.0	9.0	95.84
17	-18.0	-22.0	-5.0	-128.0	4.0	-4.0	-11.0	-3.0	92.03
18	88.0	3.0	-53.0	71.0	-13.0	-2.0	-70.0	68.0	89.12
19	33.0	66.0	70.0	22.0	-9.0	11.0	-16.0	16.0	86.05
20	66.0	112.0	-70.0	38.0	10.0	-3.0	-1.0	11.0	48.22
21	-88.0	93.0	38.0	-4.0	-1.0	-9.0	45.0	65.0	41.9
22	-76.0	-96.0	76.0	-16.0	30.0	6.0	-3.0	44.0	41.99
23	127.0	84.0	-42.0	73.0	11.0	2.0	15.0	12.0	42.7
24	-35.0	103.0	-50.0	-2.0	14.0	0.0	42.0	-34.0	52.61
25	-128.0	-92.0	-7.0	34.0	2.0	12.0	-5.0	-37.0	41.99
26	127.0	101.0	-59.0	20.0	-14.0	5.0	-6.0	-35.0	54.84
27	120.0	72.0	1.0	5.0	-6.0	1.0	-10.0	-48.0	58.48
28	-63.0	-127.0	22.0	38.0	-12.0	-10.0	-36.0	70.0	90.52
29	111.0	-91.0	-37.0	83.0	-14.0	21.0	15.0	-48.0	93.12
30	50.0	-37.0	-31.0	-91.0	3.0	-22.0	12.0	1.0	86.05
31	-19.0	102.0	-71.0	47.0	-15.0	-11.0	35.0	-12.0	70.71
32	-58.0	53.0	-23.0	-83.0	-8.0	24.0	-16.0	0.0	71.38
33	37.0	-98.0	-102.0	-14.0	5.0	-1.0	-5.0	9.0	70.71
34	34.0	-8.0	52.0	-90.0	15.0	-2.0	-1.0	-22.0	54.84
35	95.0	112.0	127.0	-14.0	-5.0	-1.0	4.0	49.0	53.86
36	37.0	-17.0	-92.0	11.0	14.0	-13.0	0.0	48.0	52.61
37	72.0	35.0	53.0	35.0	9.0	13.0	17.0	1.0	54.34
38	108.0	127.0	-95.0	-30.0	-2.0	14.0	23.0	-1.0	60.44
39	-59.0	38.0	39.0	22.0	-1.0	-2.0	0.0	-40.0	71.68
40	-128.0	-128.0	58.0	0.0	3.0	-1.0	-4.0	6.0	89.12
41	-70.0	-128.0	71.0	-42.0	-10.0	10.0	-14.0	45.0	87.47
42	68.0	-70.0	-110.0	-5.0	19.0	-13.0	-6.0	-63.0	70.27
43	21.0	-46.0	37.0	44.0	-17.0	4.0	-4.0	71.0	70.6
44	121.0	-51.0	-19.0	-26.0	1.0	-11.0	12.0	-23.0	56.46
45	65.0	56.0	115.0	-6.0	-12.0	-2.0	-3.0	-52.0	70.12
46	-128.0	37.0	-89.0	75.0	13.0	-4.0	-2.0	-77.0	70.27
47	46.0	-128.0	63.0	-78.0	-4.0	8.0	5.0	17.0	93.64
48	-38.0	-112.0	109.0	14.0	6.0	-9.0	-1.0	26.0	93.64
49	-89.0	41.0	-8.0	-6.0	-12.0	8.0	-9.0	22.0	97.29
50	-79.0	34.0	-63.0	8.0	-8.0	14.0	6.0	-35.0	98.76
51	23.0	-83.0	68.0	3.0	9.0	32.0	3.0	12.0	71.68
52	33.0	83.0	-64.0	-52.0	-2.0	6.0	-8.0	10.0	93.12
53	29.0	127.0	-67.0	67.0	-16.0	24.0	5.0	-34.0	94.37
54	-22.0	105.0	60.0	14.0	-3.0	-9.0	20.0	-60.0	99.47
55	-38.0	-68.0	-37.0	-104.0	9.0	-7.0	-10.0	26.0	99.47
56	-104.0	-84.0	-40.0	-46.0	-8.0	-42.0	5.0	-68.0	100.2
57	85.0	53.0	4.0	5.0	-11.0	-6.0	-14.0	-8.0	102.57
58	62.0	-10.0	32.0	-14.0	-7.0	3.0	1.0	69.0	105.08
59	-18.0	24.0	-34.0	-7.0	-1.0	9.0	-1.0	-31.0	119.24
60	2.0	119.0	54.0	56.0	-3.0	-8.0	7.0	-23.0	127.93
61	-3.0	-40.0	-61.0	25.0	0.0	14.0	3.0	44.0	133.88
62	126.0	-104.0	107.0	-26.0	-1.0	-11.0	-62.0	9.0	131.66
63	127.0	54.0	44.0	-11.0	12.0	4.0	-4.0	-23.0	133.93
64	20.0	-68.0	-40.0	-10.0	5.0	-5.0	9.0	76.0	133.68
65	58.0	62.0	54.0	-49.0	12.0	-6.0	15.0	-8.0	133.68
66	-128.0	29.0	53.0	30.0	12.0	-13.0	28.0	-13.0	130.55
67	127.0	-23.0	-35.0	-32.0	13.0	-4.0	-7.0	-51.0	132.96
68	-19.0	6.0	35.0	12.0	-4.0	12.0	-12.0	0.0	127.04
69	41.0	-105.0	-14.0	-34.0	-1.0	4.0	1.0	-46.0	119.47
70	-3.0	75.0	79.0	-18.0	-6.0	7.0	5.0	-28.0	121.47
71	7.0	54.0	4.0	-48.0	3.0	4.0	-4.0	15.0	128.49
72	-58.0	-29.0	-34.0	57.0	3.0	-1.0	8.0	7.0	133.16
73	-53.0	-66.0	9.0	-20.0	1.0	1.0	-19.0	16.0	125.43
74	36.0	-10.0	-80.0	-38.0	4.0	8.0	-1.0	47.0	131.15
75	70.0	-69.0	-113.0	-11.0	2.0	-7.0	-14.0	-30.0	133.62
76	63.0	-75.0	-23.0	-9.0	-23.0	16.0	-4.0	4.0	131.66
77	97.0	-66.0	0.0	-86.0	13.0	9.0	7.0	1.0	133.93
78	21.0	-11.0	-14.0	50.0	6.0	10.0	1.0	64.0	123.36
79	70.0	37.0	-99.0	8.0	-14.0	15.0	10.0	21.0	127.04
80	-118.0	3.0	5.0	40.0	18.0	-1.0	-3.0	18.0	127.93
81	62.0	-100.0	30.0	-21.0	-13.0	6.0	-7.0	-28.0	121.47
82	66.0	-9.0	-128.0	34.0	-44.0	-11.0	-1.0	-52.0	116.8
