0	-121.0	-128.0	-116.0	89.0	-5.0	-15.0	-10.0	-24.0	93.41
1	54.0	-23.0	101.0	22.0	-18.0	3.0	-15.0	0.0	87.09
2	-14.0	60.0	127.0	18.0	2.0	-13.0	9.0	-44.0	87.97
3	51.0	-124.0	-59.0	-16.0	-5.0	-24.0	5.0	-21.0	109.12
4	-59.0	92.0	-86.0	67.0	2.0	-16.0	10.0	-19.0	96.39
5	-73.0	-9.0	15.0	-7.0	1.0	-3.0	3.0	-116.0	91.93
6	-89.0	50.0	-80.0	0.0	-3.0	-1.0	2.0	-13.0	89.55
7	-64.0	-19.0	91.0	2.0	30.0	-2.0	-8.0	66.0	82.53
8	1.0	-120.0	1.0	30.0	13.0	20.0	-3.0	-13.0	81.0
9	120.0	35.0	127.0	-23.0	-4.0	13.0	8.0	-83.0	75.68
10	19.0	73.0	-12.0	-85.0	-2.0	-4.0	-3.0	36.0	83.35
11	-128.0	-10.0	-19.0	16.0	-23.0	-6.0	12.0	32.0	79.45
12	-99.0	-9.0	48.0	-55.0	25.0	-3.0	-1.0	52.0	62.46
13	-71.0	29.0	13.0	48.0	1.0	-14.0	10.0	-10.0	71.37
14	127.0	-9.0	79.0	-40.0	-18.0	8.0	11.0	-2.0	67.26
15	11.0	127.0	-3.0	-29.0	6.0	8.0	-4.0	59.0	55.25
16	2.0	-106.0	-111.0	-32.0	2.0	-9.0	-26.0	-6.0	70.2
17	-89.0	16.0	-78.0	-51.0	-23.0	12.0	5.0	0.0	56.29
18	100.0	21.0	2.0	16.0	4.0	35.0	-6.0	-21.0	53.37
19	54.0	6.0	-128.0	13.0	-12.0	5.0	-5.0	36.0	48.02
20	-109.0	-110.0	-116.0	-41.0	4.0	2.0	-13.0	2.0	53.76
21	127.0	-42.0	-58.0	-79.0	-6.0	-42.0	43.0	-68.0	47.89
22	35.0	85.0	-64.0	9.0	6.0	-2.0	1.0	-12.0	47.19
23	41.0	48.0	-39.0	0.0	10.0	-7.0	-18.0	17.0	47.19
24	-34.0	-63.0	-63.0	44.0	-3.0	-14.0	5.0	-21.0	44.04
25	-23.0	-74.0	-32.0	-128.0	-4.0	16.0	-2.0	-1.0	44.04
26	127.0	67.0	-9.0	127.0	11.0	3.0	11.0	19.0	47.89
27	41.0	-64.0	24.0	-44.0	-11.0	-11.0	6.0	21.0	54.56
28	-49.0	-85.0	38.0	34.0	1.0	0.0	-6.0	-4.0	46.8
29	28.0	-32.0	-80.0	10.0	-3.0	11.0	-5.0	13.0	49.87
30	-35.0	48.0	91.0	8.0	-9.0	10.0	-20.0	-51.0	52.01
31	-3.0	80.0	-85.0	123.0	12.0	4.0	0.0	-31.0	54.56
32	72.0	-91.0	-105.0	-69.0	-19.0	2.0	18.0	-12.0	55.25
33	20.0	111.0	58.0	-5.0	-12.0	-6.0	0.0	65.0	60.84
34	-128.0	-78.0	-26.0	-43.0	6.0	1.0	-3.0	127.0	56.14
35	-4.0	32.0	-9.0	61.0	-1.0	-4.0	-4.0	9.0	54.93
36	-13.0	127.0	41.0	-22.0	-7.0	10.0	-2.0	0.0	56.29
37	59.0	127.0	33.0	-44.0	-2.0	0.0	-4.0	31.0	58.79
38	-89.0	8.0	14.0	10.0	-30.0	-6.0	-2.0	15.0	61.82
39	115.0	103.0	66.0	58.0	5.0	-11.0	-5.0	-25.0	67.26
40	45.0	-104.0	-34.0	-98.0	8.0	0.0	7.0	-9.0	70.42
41	68.0	-40.0	-20.0	-9.0	3.0	-27.0	-9.0	13.0	69.86
42	83.0	-23.0	43.0	-26.0	-9.0	7.0	0.0	-20.0	65.98
43	127.0	111.0	6.0	25.0	7.0	1.0	-2.0	-60.0	61.82
44	72.0	-113.0	43.0	69.0	-8.0	11.0	-4.0	1.0	58.79
45	-32.0	-106.0	-128.0	42.0	26.0	21.0	7.0	23.0	72.55
46	47.0	39.0	127.0	-13.0	2.0	-3.0	5.0	14.0	71.37
47	-93.0	22.0	-128.0	8.0	-18.0	3.0	0.0	11.0	72.55
48	-20.0	-53.0	-117.0	-91.0	-23.0	10.0	14.0	-85.0	79.45
49	-128.0	-118.0	-19.0	1.0	-19.0	-10.0	13.0	-13.0	70.2
50	84.0	45.0	40.0	-73.0	5.0	-10.0	-6.0	-36.0	75.68
51	10.0	64.0	-49.0	-18.0	-2.0	5.0	-4.0	5.0	85.3
52	-72.0	111.0	11.0	-47.0	-11.0	9.0	0.0	6.0	73.6
53	88.0	-84.0	16.0	-128.0	12.0	-2.0	-2.0	14.0	83.35
54	-75.0	-72.0	91.0	58.0	7.0	-24.0	-3.0	49.0	79.34
55	32.0	127.0	-46.0	-30.0	-10.0	-10.0	1.0	11.0	75.77
56	-33.0	7.0	-27.0	110.0	0.0	-9.0	-18.0	20.0	81.0
57	0.0	-65.0	48.0	-104.0	4.0	3.0	-15.0	-12.0	87.97
58	21.0	-128.0	19.0	69.0	-3.0	-5.0	-9.0	-66.0	87.09
59	112.0	97.0	-27.0	-27.0	2.0	-3.0	7.0	16.0	98.36
60	-86.0	-4.0	23.0	-91.0	-6.0	0.0	-14.0	22.0	91.93
61	29.0	77.0	60.0	-57.0	4.0	21.0	-4.0	18.0	94.48
62	-90.0	-44.0	-84.0	1.0	-9.0	9.0	7.0	7.0	111.81
63	10.0	-56.0	54.0	59.0	-5.0	4.0	7.0	-4.0	112.71
64	-20.0	41.0	27.0	-7.0	-5.0	-9.0	5.0	26.0	108.39
65	-62.0	-104.0	10.0	124.0	-5.0	-6.0	7.0	-107.0	98.97
66	38.0	78.0	-56.0	7.0	-14.0	9.0	-16.0	32.0	113.64
67	-64.0	-128.0	-13.0	-35.0	10.0	3.0	-10.0	-24.0	101.68
68	127.0	-87.0	-57.0	-12.0	9.0	-16.0	-2.0	-48.0	116.71
69	100.0	16.0	-40.0	-44.0	-5.0	7.0	5.0	1.0	114.84
70	-128.0	127.0	-16.0	-26.0	-3.0	1.0	4.0	-25.0	112.09
71	-10.0	-115.0	33.0	-53.0	-2.0	-21.0	-18.0	-16.0	103.04
72	93.0	-4.0	-7.0	-35.0	-24.0	1.0	-4.0	-13.0	96.39
73	-8.0	-79.0	127.0	3.0	-6.0	1.0	10.0	-4.0	114.84
74	-128.0	-93.0	-71.0	56.0	8.0	4.0	-10.0	15.0	116.78
75	-128.0	8.0	-39.0	-16.0	6.0	-4.0	-6.0	-7.0	116.78
76	91.0	-50.0	91.0	-18.0	-4.0	7.0	10.0	-66.0	101.68
77	47.0	-23.0	-12.0	-28.0	7.0	-4.0	-3.0	-2.0	108.39
78	-10.0	90.0	-77.0	25.0	8.0	3.0	-5.0	6.0	115.55
79	-89.0	-85.0	3.0	-10.0	-14.0	-26.0	-7.0	13.0	117.09
80	46.0	60.0	-15.0	22.0	-2.0	48.0	1.0	-109.0	117.96
81	104.0	57.0	-40.0	4.0	-9.0	-14.0	-1.0	34.0	115.81
82	-104.0	-83.0	-86.0	-16.0	-1.0	-10.0	13.0	8.0	106.7
83	26.0	-23.0	98.0	-39.0	0.0	-11.0	-1.0	-3.0	114.1
84	29.0	23.0	104.0	-44.0	39.0	7.0	11.0	-7.0	113.64
85	100.0	2.0	12.0	-18.0	3.0	12.0	8.0	24.0	114.1
86	-105.0	-128.0	-87.0	-13.0	-13.0	-12.0	6.0	43.0	103.87
87	125.0	-128.0	-41.0	93.0	-1.0	-11.0	-8.0	-21.0	106.7
88	38.0	-40.0	32.0	-30.0	-4.0	11.0	-6.0	14.0	93.41
