0	98.0	-99.0	6.0	-10.0	-10.0	-41.0	-83.0	-42.0	118.65
1	-96.0	4.0	-71.0	24.0	-24.0	-6.0	91.0	-12.0	122.68
2	84.0	5.0	95.0	-95.0	-6.0	-55.0	-120.0	-87.0	123.87
3	41.0	127.0	47.0	-6.0	5.0	127.0	-71.0	80.0	128.52
4	48.0	-44.0	-11.0	91.0	5.0	-57.0	69.0	-4.0	126.12
5	23.0	-8.0	13.0	-10.0	-6.0	0.0	-8.0	27.0	126.98
6	-71.0	-128.0	81.0	-128.0	13.0	15.0	51.0	-37.0	117.26
7	-91.0	-128.0	-18.0	-5.0	38.0	-8.0	-19.0	8.0	116.67
8	81.0	115.0	-3.0	-22.0	-6.0	19.0	85.0	-19.0	109.21
9	-58.0	105.0	12.0	-31.0	-22.0	-26.0	-43.0	-21.0	109.21
10	63.0	92.0	44.0	7.0	5.0	26.0	-82.0	25.0	113.64
11	-20.0	0.0	-20.0	-57.0	23.0	12.0	26.0	16.0	103.59
12	9.0	64.0	-59.0	-14.0	-4.0	5.0	4.0	-45.0	113.64
13	126.0	127.0	6.0	-29.0	-15.0	-44.0	-10.0	-12.0	115.0
14	-59.0	45.0	26.0	-10.0	-43.0	57.0	-48.0	33.0	105.35
15	-110.0	-43.0	-15.0	34.0	-11.0	-20.0	66.0	-36.0	108.23
16	107.0	127.0	0.0	16.0	3.0	40.0	-88.0	27.0	100.48
17	-5.0	-56.0	-26.0	8.0	-5.0	20.0	-118.0	-13.0	99.58
18	-78.0	-120.0	-112.0	-14.0	-29.0	0.0	-21.0	-15.0	100.48
19	76.0	-91.0	-5.0	-21.0	11.0	15.0	49.0	7.0	99.58
20	-98.0	127.0	-95.0	11.0	-101.0	7.0	21.0	-16.0	98.87
21	-54.0	-128.0	110.0	-6.0	8.0	16.0	86.0	-59.0	99.33
22	6.0	20.0	-128.0	-13.0	8.0	-6.0	-1.0	6.0	94.04
23	-13.0	127.0	-10.0	-6.0	-10.0	-3.0	127.0	23.0	69.31
24	-73.0	102.0	-36.0	1.0	8.0	29.0	32.0	23.0	65.27
25	26.0	-41.0	-46.0	4.0	44.0	13.0	-88.0	-80.0	44.86
26	-76.0	-31.0	12.0	-5.0	-12.0	-53.0	-118.0	64.0	41.77
27	-128.0	31.0	6.0	82.0	24.0	-13.0	-76.0	9.0	50.15
28	96.0	68.0	15.0	2.0	-16.0	17.0	17.0	-15.0	41.77
29	-90.0	-76.0	-18.0	31.0	-5.0	-8.0	103.0	-16.0	41.76
30	30.0	-47.0	19.0	-5.0	14.0	32.0	3.0	18.0	43.38
31	8.0	8.0	-5.0	10.0	6.0	-1.0	-89.0	127.0	68.28
32	30.0	-94.0	34.0	-4.0	7.0	25.0	114.0	-105.0	71.81
33	52.0	39.0	-56.0	23.0	-4.0	7.0	-57.0	14.0	94.04
34	127.0	27.0	3.0	-14.0	0.0	-128.0	-4.0	127.0	93.18
35	100.0	115.0	84.0	-6.0	8.0	48.0	66.0	-25.0	93.18
36	15.0	2.0	-88.0	-2.0	29.0	-19.0	-3.0	18.0	71.81
37	102.0	-36.0	-25.0	-20.0	-13.0	-13.0	-43.0	-80.0	50.15
38	-51.0	10.0	127.0	24.0	-11.0	52.0	58.0	-52.0	64.49
39	123.0	80.0	-15.0	31.0	18.0	46.0	-31.0	-6.0	42.41
40	-128.0	-86.0	-14.0	-7.0	38.0	8.0	46.0	4.0	44.86
41	117.0	-2.0	92.0	20.0	-9.0	43.0	-45.0	7.0	65.42
42	98.0	84.0	-27.0	13.0	48.0	-47.0	-78.0	38.0	82.01
43	-110.0	43.0	-80.0	-84.0	-16.0	11.0	-65.0	50.0	93.0
44	-98.0	-78.0	0.0	14.0	24.0	-46.0	-11.0	-25.0	68.28
45	107.0	59.0	33.0	-23.0	-7.0	43.0	-82.0	-1.0	65.27
46	127.0	19.0	32.0	-31.0	9.0	32.0	77.0	32.0	69.95
47	-104.0	-42.0	3.0	-38.0	-49.0	-5.0	-14.0	-52.0	92.83
48	25.0	-33.0	-111.0	-6.0	39.0	66.0	40.0	-18.0	97.27
49	-29.0	-87.0	0.0	33.0	4.0	5.0	12.0	10.0	98.76
50	40.0	21.0	116.0	-106.0	-16.0	-5.0	-125.0	74.0	99.33
51	-92.0	87.0	-128.0	-33.0	-6.0	26.0	-80.0	-7.0	99.52
52	3.0	3.0	30.0	-15.0	0.0	-1.0	69.0	-1.0	101.4
53	124.0	-37.0	84.0	-1.0	-9.0	30.0	13.0	5.0	111.2
54	48.0	-28.0	18.0	-42.0	3.0	-78.0	-42.0	0.0	117.26
55	9.0	-100.0	-33.0	-76.0	7.0	8.0	15.0	-9.0	120.42
56	-47.0	-21.0	-68.0	50.0	-11.0	-5.0	81.0	73.0	127.34
57	-30.0	-36.0	-99.0	41.0	-23.0	31.0	75.0	40.0	123.87
58	-96.0	127.0	-7.0	-69.0	-24.0	25.0	58.0	8.0	132.68
59	127.0	-27.0	65.0	-18.0	8.0	-39.0	-78.0	-47.0	143.92
60	21.0	-114.0	-128.0	2.0	7.0	14.0	-7.0	85.0	146.21
61	116.0	126.0	-103.0	76.0	12.0	-47.0	-53.0	-9.0	146.41
62	-73.0	62.0	14.0	-44.0	2.0	-6.0	5.0	-2.0	145.82
63	-28.0	-7.0	-25.0	-28.0	-15.0	29.0	-20.0	-9.0	140.99
64	29.0	97.0	-8.0	-64.0	-4.0	-13.0	-2.0	7.0	146.41
65	127.0	8.0	-24.0	-33.0	-6.0	3.0	101.0	-15.0	145.82
66	-87.0	108.0	-8.0	45.0	-8.0	3.0	-128.0	-64.0	146.31
67	-74.0	-115.0	40.0	31.0	3.0	-10.0	15.0	-19.0	135.6
68	-12.0	34.0	-12.0	-29.0	14.0	-1.0	28.0	27.0	137.76
69	10.0	60.0	-52.0	-30.0	31.0	-9.0	40.0	29.0	145.33
70	-15.0	127.0	-83.0	0.0	-15.0	57.0	2.0	11.0	133.54
71	90.0	-89.0	49.0	93.0	43.0	-5.0	-77.0	-4.0	140.99
72	127.0	6.0	37.0	-10.0	26.0	22.0	-21.0	78.0	143.88
73	-15.0	80.0	25.0	-57.0	21.0	-68.0	-66.0	-72.0	132.68
74	-9.0	-46.0	44.0	-20.0	-16.0	-57.0	-40.0	7.0	137.57
75	-45.0	17.0	-88.0	20.0	-12.0	17.0	127.0	101.0	141.82
76	127.0	50.0	-52.0	-6.0	-18.0	1.0	33.0	-35.0	143.88
77	-30.0	42.0	48.0	-29.0	-11.0	-12.0	-118.0	-10.0	133.54
78	102.0	56.0	-54.0	26.0	33.0	-30.0	-2.0	-36.0	139.62
79	107.0	-89.0	-3.0	-128.0	-8.0	-1.0	-61.0	-7.0	131.58
80	85.0	55.0	-8.0	11.0	-27.0	80.0	100.0	7.0	137.76
81	105.0	-128.0	48.0	-22.0	25.0	-7.0	87.0	-7.0	129.58
82	85.0	-91.0	10.0	8.0	3.0	31.0	-73.0	2.0	125.49
83	35.0	91.0	-2.0	-74.0	-3.0	10.0	48.0	29.0	118.65
