0	19.0	-3.0	-98.0	-46.0	-3.0	1.0	18.0	75.0	92.75
1	86.0	39.0	-113.0	38.0	20.0	1.0	-46.0	-11.0	73.74
2	-79.0	-34.0	9.0	-10.0	-3.0	13.0	20.0	26.0	83.9
3	60.0	-50.0	-11.0	2.0	-4.0	14.0	-6.0	11.0	98.45
4	-48.0	-93.0	10.0	-17.0	-7.0	-26.0	16.0	-86.0	98.45
5	126.0	19.0	82.0	-3.0	5.0	23.0	0.0	-18.0	101.54
6	15.0	-34.0	69.0	-40.0	3.0	7.0	73.0	-23.0	106.05
7	-45.0	67.0	-28.0	-60.0	-5.0	-7.0	0.0	22.0	118.21
8	-45.0	14.0	-65.0	61.0	11.0	-13.0	8.0	-33.0	126.99
9	73.0	-41.0	43.0	108.0	7.0	-13.0	1.0	68.0	126.86
10	-79.0	-76.0	80.0	-31.0	3.0	-4.0	-4.0	32.0	124.7
11	74.0	-48.0	32.0	-21.0	-36.0	1.0	-18.0	48.0	118.21
12	-32.0	-97.0	-118.0	29.0	2.0	11.0	22.0	-29.0	119.34
13	-14.0	17.0	-74.0	-11.0	-28.0	-15.0	-15.0	5.0	113.89
14	127.0	49.0	-25.0	-6.0	-22.0	13.0	-6.0	16.0	109.12
15	57.0	127.0	68.0	-51.0	-4.0	-5.0	3.0	-34.0	113.89
16	50.0	-114.0	-46.0	14.0	-6.0	1.0	-5.0	-38.0	115.68
17	52.0	90.0	22.0	-42.0	-7.0	0.0	-1.0	-1.0	123.09
18	-54.0	71.0	-42.0	-15.0	2.0	-6.0	-3.0	-2.0	113.99
19	8.0	-107.0	25.0	-26.0	2.0	13.0	-6.0	14.0	106.05
20	-128.0	70.0	-29.0	28.0	-9.0	6.0	-14.0	-16.0	119.96
21	127.0	70.0	-10.0	83.0	8.0	-5.0	31.0	3.0	110.3
22	-44.0	62.0	-7.0	-82.0	-7.0	-15.0	17.0	79.0	106.62
23	92.0	31.0	101.0	-41.0	-2.0	11.0	21.0	4.0	126.86
24	86.0	27.0	16.0	45.0	5.0	-30.0	19.0	-4.0	126.51
25	-111.0	19.0	-111.0	75.0	-12.0	13.0	4.0	2.0	129.29
26	-43.0	-2.0	58.0	-44.0	-20.0	2.0	3.0	-18.0	129.29
27	18.0	75.0	83.0	40.0	25.0	15.0	-24.0	-4.0	129.53
28	31.0	63.0	-10.0	17.0	-25.0	-17.0	3.0	-8.0	130.29
29	-12.0	-72.0	-43.0	8.0	5.0	6.0	-4.0	78.0	130.22
30	38.0	-128.0	-57.0	-2.0	-2.0	-16.0	6.0	15.0	130.37
31	-22.0	77.0	-9.0	79.0	11.0	14.0	2.0	-15.0	130.37
32	18.0	-99.0	-34.0	-21.0	-4.0	-1.0	-1.0	-8.0	129.9
33	-55.0	-61.0	3.0	41.0	32.0	-9.0	-45.0	-29.0	128.2
34	-49.0	127.0	-34.0	-16.0	-5.0	-1.0	-26.0	28.0	121.94
35	-56.0	-63.0	-30.0	-28.0	1.0	13.0	-2.0	56.0	126.99
36	110.0	26.0	72.0	5.0	-8.0	7.0	-54.0	-33.0	119.34
37	127.0	13.0	17.0	-42.0	20.0	22.0	14.0	-30.0	124.7
38	-74.0	-21.0	105.0	9.0	13.0	4.0	-16.0	4.0	104.09
39	-120.0	-32.0	47.0	-7.0	-14.0	-6.0	-6.0	68.0	100.54
40	77.0	17.0	-39.0	38.0	-9.0	-12.0	-12.0	5.0	97.9
41	96.0	-13.0	-39.0	-17.0	-4.0	11.0	-2.0	-41.0	104.09
42	-56.0	-4.0	28.0	-30.0	27.0	-1.0	-14.0	5.0	102.55
43	-96.0	127.0	73.0	-20.0	-1.0	-9.0	16.0	63.0	96.35
44	127.0	-52.0	5.0	-7.0	-15.0	-3.0	-3.0	50.0	96.91
45	-16.0	-115.0	37.0	-6.0	1.0	18.0	13.0	-55.0	93.67
46	53.0	-70.0	-20.0	-43.0	-15.0	6.0	5.0	46.0	72.61
47	127.0	125.0	25.0	-27.0	-9.0	-6.0	17.0	7.0	71.75
48	-68.0	54.0	-69.0	-21.0	-14.0	-8.0	-4.0	-2.0	64.24
49	114.0	-92.0	-45.0	8.0	-1.0	-7.0	-11.0	-3.0	63.82
50	92.0	-128.0	58.0	-76.0	-4.0	-18.0	-10.0	-13.0	61.59
51	-4.0	97.0	-51.0	-74.0	35.0	1.0	8.0	30.0	62.72
52	68.0	-108.0	-72.0	74.0	-8.0	9.0	-8.0	-26.0	53.11
53	127.0	94.0	-81.0	92.0	18.0	3.0	6.0	-30.0	47.77
54	23.0	127.0	-75.0	49.0	-1.0	19.0	-8.0	-17.0	65.78
55	-128.0	41.0	-55.0	49.0	7.0	37.0	-4.0	2.0	93.67
56	-7.0	-58.0	5.0	-8.0	-1.0	-7.0	24.0	17.0	73.44
57	-128.0	-35.0	-66.0	71.0	-15.0	30.0	35.0	3.0	73.74
58	-84.0	8.0	-31.0	-40.0	5.0	-2.0	0.0	-7.0	94.06
59	19.0	67.0	-30.0	0.0	-16.0	17.0	14.0	39.0	96.35
60	13.0	127.0	98.0	-102.0	-4.0	4.0	6.0	-22.0	65.78
61	20.0	-61.0	58.0	51.0	-10.0	23.0	-16.0	-20.0	63.7
62	127.0	-96.0	22.0	-7.0	13.0	6.0	-6.0	63.0	58.38
63	84.0	-90.0	22.0	-93.0	27.0	-1.0	-25.0	58.0	60.85
64	127.0	-70.0	15.0	-15.0	3.0	-3.0	-10.0	2.0	60.85
65	-83.0	-31.0	-43.0	7.0	14.0	11.0	-6.0	-18.0	58.82
66	57.0	-75.0	-100.0	85.0	-28.0	5.0	5.0	43.0	59.83
67	-36.0	77.0	22.0	54.0	10.0	-19.0	-3.0	24.0	64.46
68	-128.0	127.0	30.0	-40.0	-24.0	-11.0	1.0	-4.0	49.19
69	99.0	-86.0	0.0	31.0	-6.0	-9.0	-4.0	37.0	56.29
70	33.0	44.0	-41.0	29.0	-3.0	-20.0	14.0	17.0	63.82
71	-103.0	-81.0	28.0	-1.0	17.0	14.0	-10.0	-8.0	49.19
72	104.0	-33.0	111.0	9.0	32.0	-16.0	-19.0	4.0	73.61
73	127.0	127.0	-6.0	31.0	7.0	11.0	11.0	-15.0	53.11
74	99.0	61.0	-13.0	-71.0	27.0	-33.0	0.0	-59.0	75.93
75	-126.0	92.0	-16.0	-97.0	11.0	32.0	3.0	-16.0	64.69
76	45.0	127.0	-29.0	16.0	21.0	10.0	2.0	11.0	72.61
77	-76.0	96.0	21.0	-57.0	-4.0	-31.0	21.0	1.0	73.93
78	31.0	-36.0	-60.0	57.0	-10.0	-3.0	-7.0	-7.0	94.06
79	-30.0	-37.0	70.0	-33.0	7.0	-22.0	10.0	-1.0	94.23
80	112.0	127.0	94.0	18.0	15.0	-11.0	10.0	127.0	92.83
