0	1.0	-108.0	26.0	7.0	15.0	24.0	8.0	-10.0	46.72
1	57.0	94.0	-37.0	-10.0	-5.0	11.0	2.0	41.0	48.16
2	0.0	77.0	127.0	-8.0	-8.0	-7.0	7.0	-20.0	49.25
3	99.0	-128.0	-128.0	24.0	2.0	12.0	-14.0	-23.0	47.35
4	-83.0	-102.0	9.0	75.0	19.0	2.0	-6.0	16.0	44.28
5	-128.0	-38.0	8.0	-35.0	2.0	-12.0	-14.0	31.0	47.35
6	80.0	-15.0	-17.0	-93.0	-15.0	-17.0	18.0	6.0	46.68
7	19.0	42.0	-11.0	98.0	5.0	1.0	-1.0	-38.0	45.11
8	61.0	84.0	13.0	-42.0	-5.0	1.0	-6.0	-21.0	34.26
9	-45.0	127.0	9.0	0.0	-3.0	15.0	-16.0	-39.0	34.28
10	3.0	-42.0	-86.0	-45.0	3.0	-8.0	1.0	-19.0	46.68
11	-72.0	-22.0	10.0	31.0	1.0	-2.0	11.0	-9.0	34.31
12	-59.0	4.0	87.0	75.0	2.0	-3.0	-3.0	-19.0	49.7
13	-87.0	-120.0	19.0	-92.0	-4.0	3.0	-5.0	-38.0	34.31
14	123.0	-128.0	39.0	89.0	2.0	13.0	-37.0	-13.0	45.26
15	-119.0	-128.0	22.0	-112.0	-4.0	24.0	5.0	68.0	51.34
16	-54.0	-90.0	-84.0	-43.0	-14.0	1.0	35.0	-59.0	45.26
17	80.0	46.0	-67.0	1.0	8.0	12.0	-4.0	-24.0	51.25
18	-94.0	101.0	-82.0	-75.0	-5.0	-2.0	4.0	13.0	51.25
19	-80.0	103.0	101.0	75.0	-4.0	-53.0	-7.0	14.0	53.64
20	118.0	-51.0	-9.0	-10.0	-1.0	13.0	-1.0	-3.0	55.6
21	-91.0	105.0	74.0	40.0	-3.0	-7.0	-12.0	69.0	63.03
22	-105.0	-128.0	-94.0	7.0	2.0	17.0	-1.0	9.0	74.71
23	127.0	118.0	47.0	-79.0	7.0	-4.0	-12.0	-45.0	68.21
24	86.0	92.0	-71.0	127.0	-7.0	-7.0	16.0	-15.0	83.36
25	-62.0	-99.0	93.0	34.0	-4.0	13.0	10.0	-5.0	88.89
26	-12.0	-93.0	69.0	110.0	-12.0	1.0	11.0	22.0	81.96
27	29.0	-78.0	25.0	-56.0	6.0	5.0	-9.0	6.0	79.04
28	-32.0	82.0	-3.0	11.0	14.0	-2.0	-11.0	-6.0	91.57
29	18.0	41.0	-42.0	-20.0	-1.0	3.0	1.0	25.0	91.38
30	-53.0	59.0	-25.0	-25.0	2.0	-1.0	13.0	-14.0	96.88
31	52.0	127.0	48.0	-29.0	17.0	3.0	-5.0	7.0	102.5
32	-96.0	-127.0	-24.0	-75.0	4.0	-4.0	18.0	-17.0	102.5
33	-128.0	-41.0	41.0	31.0	-14.0	-38.0	-13.0	32.0	103.95
34	71.0	73.0	-44.0	-45.0	3.0	12.0	2.0	-29.0	103.95
35	115.0	116.0	-50.0	-8.0	-49.0	4.0	1.0	-44.0	107.63
36	127.0	-128.0	20.0	16.0	7.0	-4.0	-21.0	42.0	122.58
37	59.0	-128.0	39.0	-25.0	1.0	13.0	-2.0	11.0	127.88
38	-88.0	127.0	-1.0	-38.0	-5.0	2.0	3.0	-16.0	132.38
39	-73.0	-128.0	-120.0	-12.0	-7.0	-8.0	20.0	1.0	114.82
40	127.0	-120.0	108.0	-30.0	9.0	-12.0	-6.0	19.0	112.11
41	6.0	-128.0	-43.0	-128.0	-2.0	16.0	-4.0	4.0	122.58
42	127.0	17.0	-96.0	-56.0	-2.0	2.0	-5.0	22.0	120.44
43	-87.0	-101.0	-76.0	127.0	-17.0	-4.0	9.0	4.0	115.03
44	55.0	-26.0	-117.0	-30.0	5.0	-3.0	-5.0	-18.0	117.96
45	-128.0	-31.0	-48.0	29.0	3.0	0.0	2.0	-39.0	119.0
46	-128.0	107.0	-46.0	-46.0	3.0	-9.0	2.0	37.0	120.67
47	-128.0	-53.0	27.0	29.0	-3.0	-1.0	-7.0	-11.0	121.48
48	-21.0	127.0	-27.0	-72.0	3.0	-4.0	-1.0	16.0	121.96
49	127.0	2.0	-1.0	52.0	-3.0	-4.0	-4.0	-36.0	109.93
50	127.0	-33.0	-31.0	42.0	3.0	4.0	9.0	-13.0	115.03
51	29.0	-1.0	-27.0	-84.0	28.0	-16.0	-28.0	-37.0	120.99
52	-128.0	-62.0	127.0	-67.0	-6.0	1.0	0.0	70.0	133.94
53	118.0	47.0	-13.0	15.0	6.0	45.0	18.0	-38.0	133.94
54	19.0	-97.0	13.0	-7.0	-4.0	4.0	-4.0	-20.0	127.03
55	27.0	-1.0	86.0	-76.0	-5.0	-3.0	-21.0	96.0	127.88
56	127.0	26.0	-38.0	-34.0	6.0	-5.0	8.0	-32.0	119.0
57	-104.0	102.0	-37.0	16.0	-16.0	11.0	14.0	36.0	109.93
58	-64.0	-128.0	25.0	-10.0	3.0	1.0	-4.0	-12.0	100.37
59	35.0	-1.0	72.0	-30.0	4.0	0.0	2.0	13.0	86.29
60	127.0	-99.0	38.0	-18.0	14.0	-8.0	-4.0	7.0	100.63
61	74.0	-71.0	-37.0	10.0	1.0	-4.0	4.0	41.0	91.57
62	120.0	102.0	-52.0	40.0	-1.0	-7.0	9.0	-45.0	82.24
63	14.0	44.0	19.0	-35.0	15.0	14.0	-20.0	-15.0	94.42
64	-31.0	-30.0	-23.0	-20.0	3.0	1.0	-6.0	-48.0	96.88
65	-44.0	117.0	-63.0	22.0	11.0	-14.0	10.0	8.0	71.85
66	127.0	61.0	0.0	15.0	-3.0	4.0	0.0	-8.0	63.17
67	-122.0	19.0	101.0	4.0	-15.0	-15.0	-14.0	-30.0	74.71
68	-12.0	127.0	38.0	-51.0	0.0	14.0	7.0	-18.0	87.15
69	93.0	-50.0	-65.0	-19.0	45.0	-18.0	-8.0	9.0	91.38
70	-32.0	19.0	20.0	57.0	-9.0	-7.0	11.0	3.0	76.76
71	114.0	-82.0	-55.0	3.0	-5.0	-4.0	2.0	-8.0	76.76
72	96.0	127.0	-41.0	127.0	-6.0	5.0	3.0	-32.0	68.91
73	120.0	-38.0	127.0	-10.0	-4.0	-4.0	0.0	3.0	62.17
74	73.0	-128.0	127.0	26.0	4.0	-3.0	-8.0	-95.0	65.0
75	-23.0	-26.0	-31.0	23.0	10.0	-8.0	11.0	-11.0	81.96
76	39.0	82.0	-43.0	-5.0	8.0	9.0	-3.0	29.0	71.62
77	-16.0	-85.0	54.0	20.0	10.0	9.0	-8.0	10.0	71.62
78	-69.0	127.0	67.0	-53.0	8.0	-1.0	-4.0	-14.0	63.17
79	38.0	-86.0	29.0	-6.0	2.0	-3.0	-10.0	44.0	67.85
80	37.0	81.0	-128.0	-3.0	-8.0	-1.0	11.0	-8.0	62.17
81	-128.0	119.0	-53.0	-60.0	-2.0	19.0	-8.0	-44.0	67.85
82	3.0	18.0	-100.0	-13.0	13.0	5.0	9.0	41.0	53.09
83	25.0	52.0	-90.0	-15.0	10.0	-14.0	12.0	33.0	53.09
84	-94.0	-98.0	-53.0	127.0	8.0	1.0	1.0	-51.0	55.6
85	49.0	-71.0	-84.0	12.0	-6.0	1.0	-5.0	7.0	49.7
86	-27.0	-54.0	-92.0	21.0	-5.0	4.0	5.0	-3.0	47.06
