0	-42.0	11.0	16.0	-11.0	-6.0	32.0	-34.0	127.0	135.16
1	54.0	58.0	-104.0	36.0	-9.0	-11.0	-27.0	18.0	130.04
2	20.0	-128.0	33.0	-20.0	-6.0	-50.0	-69.0	-37.0	139.48
3	113.0	25.0	-34.0	113.0	-50.0	32.0	-7.0	7.0	142.67
4	32.0	66.0	-18.0	-109.0	23.0	30.0	-37.0	-52.0	144.85
5	-91.0	-16.0	61.0	14.0	-59.0	-13.0	-38.0	37.0	145.58
6	-23.0	-76.0	-19.0	5.0	-13.0	0.0	-4.0	-5.0	145.69
7	17.0	-128.0	-128.0	-114.0	4.0	4.0	-52.0	22.0	144.98
8	-118.0	90.0	5.0	3.0	-14.0	-4.0	-123.0	-17.0	145.52
9	127.0	-84.0	-25.0	-21.0	40.0	-9.0	-22.0	-52.0	142.67
10	-45.0	4.0	10.0	-106.0	-5.0	7.0	-10.0	20.0	142.26
11	-100.0	15.0	58.0	-128.0	2.0	65.0	-16.0	-2.0	145.58
12	12.0	38.0	-109.0	-44.0	9.0	-12.0	76.0	-99.0	144.98
13	82.0	108.0	-9.0	13.0	7.0	7.0	79.0	42.0	142.26
14	39.0	-76.0	19.0	-19.0	-7.0	5.0	-24.0	-75.0	143.8
15	11.0	90.0	79.0	91.0	-9.0	-33.0	-24.0	4.0	140.48
16	0.0	-19.0	-11.0	80.0	-36.0	13.0	-67.0	70.0	136.48
17	127.0	6.0	36.0	7.0	4.0	17.0	-14.0	26.0	138.5
18	-128.0	40.0	23.0	25.0	-11.0	6.0	-43.0	12.0	133.56
19	96.0	-17.0	-14.0	-24.0	-5.0	-33.0	-22.0	16.0	131.92
20	0.0	127.0	19.0	-114.0	-9.0	-13.0	-30.0	93.0	135.16
21	61.0	62.0	-107.0	11.0	-21.0	-10.0	-23.0	-26.0	130.04
22	-128.0	-69.0	-47.0	3.0	0.0	-12.0	37.0	-47.0	108.47
23	32.0	104.0	-4.0	-117.0	-17.0	12.0	2.0	-120.0	129.6
24	-51.0	-107.0	-4.0	-7.0	34.0	-11.0	-5.0	75.0	128.41
25	126.0	127.0	13.0	-21.0	29.0	17.0	0.0	65.0	120.89
26	-56.0	-70.0	18.0	19.0	23.0	-13.0	27.0	-35.0	110.42
27	112.0	126.0	-62.0	70.0	32.0	-7.0	26.0	65.0	124.09
28	-56.0	76.0	103.0	-13.0	3.0	-4.0	-17.0	-3.0	105.56
29	58.0	-128.0	16.0	13.0	-10.0	-10.0	3.0	-18.0	114.69
30	-74.0	113.0	14.0	-68.0	-3.0	-2.0	-123.0	26.0	99.76
31	36.0	106.0	80.0	2.0	31.0	17.0	48.0	-5.0	98.0
32	50.0	-31.0	-128.0	-46.0	4.0	-3.0	-78.0	23.0	95.87
33	48.0	-13.0	120.0	-116.0	4.0	-12.0	122.0	34.0	72.28
34	116.0	-42.0	-128.0	-1.0	-9.0	8.0	-40.0	52.0	70.11
35	14.0	-6.0	-35.0	-32.0	18.0	-36.0	-67.0	-17.0	72.28
36	42.0	-91.0	62.0	-19.0	-14.0	7.0	-34.0	-30.0	68.93
37	86.0	24.0	0.0	3.0	10.0	-74.0	30.0	-39.0	71.14
38	63.0	-128.0	-29.0	27.0	1.0	38.0	-53.0	90.0	60.09
39	-12.0	-128.0	-8.0	-46.0	24.0	-53.0	8.0	-15.0	63.61
40	-33.0	-128.0	12.0	75.0	35.0	-9.0	69.0	7.0	58.12
41	127.0	97.0	62.0	49.0	2.0	90.0	-49.0	-3.0	58.46
42	-96.0	-37.0	122.0	-34.0	0.0	20.0	-27.0	-20.0	57.43
43	-25.0	3.0	-25.0	-74.0	3.0	-33.0	-69.0	2.0	55.78
44	127.0	-13.0	-18.0	127.0	1.0	-8.0	31.0	-12.0	58.0
45	67.0	-64.0	-128.0	47.0	-15.0	4.0	-14.0	51.0	57.43
46	14.0	122.0	-2.0	9.0	4.0	32.0	-14.0	40.0	58.12
47	-48.0	-36.0	72.0	28.0	17.0	2.0	-81.0	20.0	60.09
48	-89.0	26.0	-87.0	62.0	10.0	96.0	54.0	-23.0	64.55
49	42.0	-50.0	1.0	-2.0	3.0	15.0	-95.0	-27.0	70.11
50	-63.0	127.0	-6.0	21.0	-7.0	12.0	-32.0	33.0	67.98
51	-107.0	52.0	-5.0	-13.0	4.0	3.0	-24.0	40.0	68.93
52	-56.0	23.0	-112.0	15.0	-6.0	-79.0	95.0	4.0	95.87
53	-104.0	-77.0	47.0	14.0	8.0	-6.0	2.0	-60.0	102.39
54	-102.0	-27.0	127.0	91.0	-47.0	-29.0	64.0	-25.0	108.47
55	-95.0	127.0	-128.0	102.0	-13.0	22.0	10.0	3.0	124.09
56	127.0	-108.0	104.0	-11.0	20.0	18.0	-6.0	58.0	106.94
57	2.0	-88.0	67.0	-63.0	8.0	-35.0	-57.0	90.0	97.18
58	-74.0	0.0	19.0	18.0	-29.0	-31.0	27.0	-56.0	93.48
59	127.0	63.0	-119.0	8.0	-18.0	-28.0	35.0	4.0	94.07
60	8.0	-118.0	-107.0	-17.0	4.0	-7.0	22.0	-9.0	99.44
61	-128.0	89.0	95.0	-13.0	-3.0	7.0	15.0	33.0	96.97
62	-35.0	-46.0	112.0	9.0	14.0	24.0	-106.0	-14.0	98.97
63	-112.0	17.0	87.0	16.0	13.0	17.0	-29.0	9.0	99.63
64	48.0	-1.0	-107.0	10.0	-74.0	26.0	37.0	9.0	99.44
65	-47.0	-68.0	33.0	43.0	-13.0	8.0	-40.0	-21.0	98.0
66	127.0	-62.0	13.0	80.0	35.0	2.0	-1.0	24.0	99.76
67	43.0	-119.0	7.0	-128.0	4.0	-4.0	50.0	-17.0	93.48
68	-128.0	40.0	-33.0	17.0	-4.0	0.0	10.0	-37.0	100.66
69	-19.0	27.0	-104.0	105.0	0.0	-42.0	-50.0	94.0	104.39
70	0.0	-50.0	76.0	-128.0	-27.0	-29.0	51.0	21.0	120.6
71	-128.0	88.0	-128.0	-53.0	-9.0	37.0	18.0	-12.0	106.94
72	127.0	127.0	-29.0	-34.0	-30.0	-11.0	-35.0	0.0	116.33
73	-127.0	59.0	70.0	10.0	31.0	35.0	1.0	28.0	116.33
74	-77.0	-128.0	-76.0	106.0	-10.0	-87.0	-20.0	-47.0	120.89
75	127.0	-50.0	-53.0	1.0	-13.0	11.0	89.0	-28.0	124.26
76	48.0	-46.0	107.0	-25.0	15.0	84.0	9.0	26.0	122.74
77	-10.0	-76.0	45.0	-15.0	-89.0	8.0	-15.0	-2.0	133.55
78	67.0	-55.0	20.0	-19.0	55.0	-28.0	11.0	-17.0	129.46
79	-15.0	60.0	-65.0	49.0	4.0	-11.0	-22.0	32.0	128.55
80	-128.0	33.0	22.0	-12.0	1.0	49.0	49.0	-32.0	131.19
81	-73.0	-64.0	-128.0	-2.0	8.0	-6.0	-3.0	-45.0	133.55
82	119.0	6.0	118.0	-45.0	-22.0	-58.0	44.0	61.0	138.5
83	112.0	103.0	-106.0	-47.0	15.0	0.0	-128.0	-2.0	129.6
84	-126.0	-28.0	-25.0	-27.0	17.0	2.0	-60.0	-33.0	124.26
85	112.0	-94.0	37.0	-24.0	-2.0	-10.0	-6.0	8.0	117.63
