0	-79.0	73.0	81.0	8.0	-3.0	4.0	0.0	7.0	85.61
1	-24.0	-8.0	-10.0	61.0	-15.0	25.0	-4.0	22.0	85.61
2	-93.0	101.0	37.0	-50.0	-2.0	3.0	4.0	38.0	97.76
3	43.0	-65.0	-58.0	61.0	9.0	21.0	-7.0	-8.0	100.91
4	93.0	-128.0	-84.0	-34.0	10.0	1.0	-13.0	-52.0	90.49
5	-99.0	-103.0	54.0	-50.0	-5.0	-6.0	2.0	-26.0	106.48
6	28.0	-56.0	56.0	-110.0	2.0	1.0	1.0	-13.0	111.23
7	-79.0	31.0	-128.0	-30.0	-16.0	-13.0	7.0	15.0	119.37
8	-76.0	127.0	-70.0	105.0	4.0	13.0	-6.0	12.0	111.3
9	81.0	96.0	64.0	100.0	9.0	3.0	-4.0	4.0	100.91
10	127.0	-92.0	-24.0	30.0	0.0	-8.0	-14.0	-51.0	116.66
11	4.0	-84.0	-11.0	-6.0	14.0	25.0	-13.0	-28.0	88.94
12	-128.0	112.0	20.0	77.0	13.0	-4.0	-2.0	46.0	96.13
13	-121.0	-79.0	-116.0	-5.0	5.0	-10.0	2.0	-4.0	88.94
14	97.0	-63.0	28.0	81.0	-15.0	-15.0	-6.0	-18.0	119.37
15	5.0	-88.0	29.0	-9.0	-2.0	20.0	-6.0	3.0	121.97
16	48.0	-73.0	75.0	-16.0	4.0	-6.0	17.0	2.0	122.77
17	127.0	106.0	24.0	-6.0	7.0	25.0	25.0	18.0	123.52
18	-59.0	-49.0	-90.0	45.0	11.0	-8.0	13.0	-17.0	96.13
19	31.0	46.0	-41.0	-44.0	3.0	1.0	-5.0	22.0	83.1
20	127.0	-48.0	62.0	-128.0	2.0	-20.0	9.0	-3.0	80.04
21	66.0	-10.0	91.0	-116.0	-9.0	-38.0	-11.0	-36.0	110.37
22	-128.0	-34.0	-128.0	-102.0	1.0	-5.0	-7.0	26.0	120.86
23	103.0	98.0	39.0	5.0	12.0	-5.0	5.0	8.0	122.77
24	-56.0	-10.0	-53.0	-10.0	7.0	2.0	0.0	8.0	121.97
25	127.0	-94.0	-5.0	25.0	10.0	-14.0	3.0	-36.0	122.81
26	56.0	72.0	-32.0	-62.0	18.0	-2.0	13.0	60.0	120.4
27	-112.0	-41.0	-77.0	30.0	15.0	3.0	8.0	71.0	97.97
28	75.0	-118.0	-26.0	89.0	-1.0	2.0	5.0	-32.0	93.67
29	39.0	103.0	15.0	-105.0	-13.0	-6.0	4.0	7.0	85.68
30	-42.0	-50.0	-50.0	-23.0	-15.0	0.0	-6.0	37.0	97.97
31	127.0	-21.0	17.0	23.0	-7.0	15.0	-2.0	-113.0	72.59
32	127.0	-12.0	96.0	-111.0	1.0	-2.0	25.0	-19.0	78.44
33	-18.0	-32.0	50.0	-128.0	0.0	-15.0	11.0	-7.0	72.59
34	-113.0	101.0	4.0	-26.0	-9.0	-9.0	5.0	-2.0	57.33
35	20.0	-25.0	109.0	55.0	6.0	8.0	-34.0	86.0	75.31
36	127.0	17.0	122.0	-23.0	-6.0	-19.0	-10.0	-1.0	68.48
37	82.0	-100.0	-41.0	50.0	0.0	-4.0	-22.0	0.0	70.97
38	-105.0	127.0	-128.0	-9.0	17.0	4.0	0.0	31.0	52.26
39	-128.0	-94.0	-98.0	-57.0	8.0	13.0	-17.0	-17.0	61.74
40	-65.0	85.0	46.0	49.0	-2.0	15.0	16.0	-38.0	56.2
41	-100.0	-41.0	-5.0	-61.0	-10.0	5.0	2.0	-24.0	52.26
42	-26.0	119.0	-128.0	73.0	27.0	11.0	3.0	-10.0	49.65
43	121.0	105.0	1.0	23.0	-8.0	7.0	6.0	72.0	46.14
44	-43.0	-90.0	-3.0	79.0	-14.0	7.0	-9.0	-29.0	48.57
45	-1.0	-110.0	-128.0	-30.0	-1.0	-3.0	2.0	18.0	46.91
46	57.0	-99.0	57.0	-29.0	-36.0	7.0	11.0	20.0	49.32
47	-122.0	-128.0	-26.0	18.0	3.0	-4.0	-10.0	10.0	46.44
48	99.0	-123.0	-68.0	-24.0	-3.0	3.0	-11.0	125.0	41.18
49	10.0	106.0	44.0	-14.0	13.0	5.0	-3.0	-38.0	42.51
50	-55.0	122.0	6.0	-30.0	-3.0	-3.0	-3.0	12.0	47.13
51	61.0	-46.0	-26.0	-4.0	23.0	3.0	17.0	72.0	46.17
52	18.0	-61.0	-46.0	47.0	6.0	-2.0	-11.0	-43.0	45.5
53	113.0	49.0	20.0	-41.0	23.0	-10.0	10.0	15.0	50.61
54	-29.0	-55.0	-13.0	34.0	-4.0	1.0	-10.0	-30.0	51.72
55	8.0	24.0	-55.0	3.0	13.0	10.0	0.0	19.0	46.17
56	-5.0	-103.0	-68.0	56.0	-5.0	16.0	-1.0	-4.0	61.93
57	-97.0	104.0	113.0	12.0	-5.0	5.0	0.0	35.0	51.72
58	70.0	-36.0	2.0	-29.0	-3.0	-15.0	8.0	-14.0	51.52
59	91.0	-128.0	-18.0	101.0	-5.0	-20.0	7.0	-58.0	57.33
60	-120.0	-122.0	-7.0	13.0	5.0	-3.0	6.0	-29.0	47.88
61	108.0	99.0	127.0	-8.0	16.0	-6.0	3.0	28.0	46.44
62	-128.0	65.0	23.0	23.0	18.0	-7.0	0.0	-32.0	42.51
63	-46.0	127.0	43.0	-43.0	1.0	-11.0	-3.0	-46.0	48.14
64	127.0	89.0	127.0	50.0	9.0	1.0	3.0	29.0	51.29
65	-89.0	23.0	13.0	-4.0	-3.0	-1.0	17.0	11.0	48.57
66	-128.0	29.0	127.0	13.0	-2.0	16.0	-4.0	16.0	50.58
67	-122.0	35.0	-27.0	23.0	-10.0	-7.0	0.0	-12.0	46.17
68	26.0	83.0	-49.0	-128.0	7.0	23.0	4.0	-2.0	42.88
69	79.0	-87.0	-85.0	-8.0	1.0	1.0	5.0	25.0	49.75
70	83.0	-128.0	-121.0	-29.0	-1.0	-6.0	3.0	-5.0	49.75
71	75.0	43.0	89.0	76.0	-6.0	-13.0	22.0	-38.0	70.55
72	-44.0	-76.0	65.0	-15.0	-14.0	1.0	-5.0	-13.0	61.93
73	-105.0	30.0	-45.0	-119.0	6.0	2.0	-6.0	-14.0	71.65
74	104.0	60.0	94.0	83.0	-11.0	4.0	11.0	-18.0	69.23
75	-71.0	-118.0	-41.0	112.0	-14.0	15.0	1.0	2.0	67.72
76	20.0	-44.0	-40.0	-26.0	19.0	10.0	-1.0	-19.0	75.66
77	2.0	-76.0	58.0	21.0	-1.0	2.0	4.0	-22.0	75.31
78	-71.0	86.0	-108.0	76.0	4.0	11.0	-8.0	4.0	78.44
79	-99.0	117.0	-56.0	25.0	-14.0	0.0	-4.0	63.0	71.71
80	20.0	9.0	-70.0	82.0	4.0	17.0	-6.0	-35.0	69.23
81	-64.0	-89.0	34.0	4.0	2.0	-1.0	-7.0	-117.0	71.65
