0	87.0	93.0	-128.0	-128.0	3.0	-29.0	100.0	36.0	76.14
1	64.0	127.0	-53.0	-2.0	-30.0	-90.0	-28.0	57.0	104.8
2	102.0	42.0	16.0	-49.0	-10.0	43.0	-86.0	-69.0	78.75
3	93.0	-32.0	70.0	-22.0	-27.0	1.0	5.0	38.0	99.2
4	-32.0	-107.0	33.0	-29.0	78.0	-49.0	58.0	-40.0	103.54
5	-14.0	11.0	120.0	-1.0	-18.0	-8.0	80.0	-2.0	101.67
6	24.0	42.0	-53.0	-61.0	-50.0	-80.0	34.0	-7.0	101.67
7	-102.0	31.0	127.0	9.0	31.0	17.0	65.0	15.0	104.99
8	127.0	127.0	127.0	-25.0	21.0	-29.0	-9.0	46.0	104.43
9	55.0	-54.0	-34.0	-26.0	-62.0	-17.0	127.0	14.0	105.17
10	-55.0	95.0	-30.0	-82.0	2.0	21.0	-113.0	-65.0	105.89
11	-61.0	110.0	-70.0	9.0	18.0	-11.0	-128.0	82.0	108.01
12	121.0	121.0	-36.0	-8.0	-61.0	-28.0	-43.0	89.0	105.89
13	127.0	-29.0	81.0	92.0	21.0	51.0	-111.0	-7.0	111.97
14	-74.0	-94.0	-43.0	-8.0	46.0	-25.0	47.0	17.0	115.43
15	127.0	34.0	-75.0	14.0	3.0	20.0	7.0	9.0	129.74
16	127.0	116.0	19.0	23.0	3.0	25.0	4.0	16.0	131.78
17	-16.0	-32.0	38.0	31.0	-27.0	-9.0	-4.0	-13.0	129.33
18	-28.0	79.0	-75.0	-9.0	-26.0	22.0	5.0	-83.0	115.88
19	69.0	20.0	63.0	14.0	46.0	4.0	44.0	54.0	113.24
20	10.0	-9.0	-3.0	-4.0	-25.0	12.0	-7.0	-4.0	118.25
21	-90.0	78.0	31.0	-28.0	0.0	-3.0	79.0	2.0	118.25
22	22.0	-39.0	32.0	49.0	12.0	-5.0	106.0	51.0	115.43
23	102.0	-84.0	43.0	7.0	-54.0	-12.0	55.0	-14.0	124.49
24	-50.0	-128.0	5.0	-3.0	-8.0	-13.0	45.0	-21.0	134.54
25	-121.0	-92.0	43.0	23.0	-8.0	31.0	82.0	4.0	129.33
26	-120.0	-120.0	-24.0	-1.0	5.0	-23.0	102.0	-78.0	120.97
27	27.0	102.0	-17.0	-84.0	9.0	-73.0	-3.0	-12.0	124.76
28	-8.0	127.0	-5.0	-56.0	6.0	-97.0	36.0	-16.0	124.49
29	-104.0	32.0	-105.0	2.0	3.0	0.0	111.0	-97.0	138.49
30	-117.0	96.0	31.0	17.0	-16.0	20.0	106.0	70.0	136.9
31	73.0	22.0	28.0	26.0	0.0	11.0	-96.0	21.0	136.9
32	106.0	-76.0	75.0	24.0	-15.0	-7.0	35.0	-16.0	140.17
33	85.0	-96.0	1.0	125.0	12.0	-32.0	7.0	50.0	141.67
34	69.0	6.0	-69.0	-36.0	-17.0	-50.0	-85.0	15.0	140.17
35	20.0	115.0	39.0	38.0	-4.0	-45.0	-90.0	44.0	138.66
36	8.0	-18.0	-105.0	-128.0	12.0	-60.0	28.0	-64.0	143.3
37	90.0	23.0	-29.0	25.0	-1.0	12.0	-63.0	-9.0	142.56
38	48.0	-16.0	-19.0	18.0	16.0	-4.0	37.0	8.0	143.12
39	-109.0	-23.0	-11.0	11.0	24.0	9.0	64.0	92.0	143.12
40	79.0	15.0	-29.0	-39.0	4.0	36.0	-67.0	-6.0	138.66
41	106.0	105.0	47.0	3.0	9.0	-14.0	75.0	24.0	142.89
42	87.0	-91.0	48.0	77.0	-1.0	5.0	70.0	75.0	142.89
43	92.0	-128.0	21.0	-14.0	23.0	70.0	-67.0	1.0	141.48
44	-7.0	108.0	-26.0	-100.0	11.0	-31.0	18.0	-13.0	135.7
45	35.0	10.0	-7.0	-14.0	-69.0	3.0	-128.0	49.0	135.62
46	52.0	127.0	2.0	33.0	-23.0	2.0	-101.0	-46.0	120.78
47	-95.0	-1.0	-14.0	49.0	-25.0	-45.0	55.0	22.0	113.24
48	-80.0	115.0	14.0	123.0	-7.0	-7.0	-25.0	23.0	108.63
49	0.0	99.0	-44.0	-10.0	40.0	-27.0	65.0	-46.0	110.32
50	127.0	26.0	59.0	-82.0	6.0	21.0	16.0	21.0	108.63
51	127.0	87.0	88.0	29.0	-3.0	127.0	25.0	-35.0	105.17
52	-121.0	-85.0	5.0	21.0	-8.0	10.0	61.0	42.0	100.03
53	34.0	-128.0	11.0	20.0	-12.0	113.0	-66.0	22.0	104.8
54	22.0	36.0	-19.0	-30.0	-31.0	3.0	-29.0	7.0	78.75
55	-7.0	5.0	22.0	-1.0	-28.0	-62.0	83.0	-46.0	99.42
56	92.0	-10.0	50.0	11.0	-38.0	10.0	105.0	58.0	99.42
57	-110.0	-115.0	81.0	-1.0	-6.0	107.0	59.0	68.0	98.57
58	6.0	-55.0	-12.0	5.0	-3.0	-6.0	-24.0	-27.0	77.28
59	-38.0	-9.0	-127.0	26.0	-17.0	5.0	127.0	-76.0	76.52
60	-128.0	6.0	-58.0	-2.0	15.0	-97.0	5.0	18.0	61.75
61	61.0	-21.0	-7.0	-9.0	-43.0	11.0	-95.0	101.0	67.25
62	61.0	127.0	70.0	-8.0	8.0	4.0	-128.0	-24.0	63.91
63	-35.0	-20.0	-80.0	-11.0	15.0	-25.0	58.0	-29.0	68.22
64	110.0	-26.0	-96.0	36.0	-7.0	-27.0	97.0	-47.0	76.14
65	-7.0	26.0	22.0	-30.0	19.0	12.0	-100.0	70.0	66.57
66	-29.0	113.0	127.0	87.0	25.0	-51.0	57.0	20.0	99.04
67	43.0	-77.0	-49.0	-16.0	-5.0	-10.0	-3.0	-48.0	99.04
68	-128.0	91.0	104.0	-39.0	-5.0	10.0	-78.0	75.0	87.16
69	-84.0	68.0	-19.0	22.0	32.0	40.0	-55.0	-64.0	77.77
70	127.0	127.0	87.0	9.0	9.0	-14.0	-47.0	-10.0	67.25
71	49.0	20.0	-68.0	15.0	-1.0	-39.0	-24.0	-57.0	63.91
72	-19.0	-94.0	25.0	-18.0	-41.0	-81.0	-14.0	5.0	41.97
73	54.0	34.0	16.0	95.0	-15.0	-6.0	61.0	-92.0	58.22
74	-66.0	-127.0	11.0	20.0	7.0	29.0	16.0	23.0	41.13
75	-11.0	-12.0	13.0	-6.0	9.0	46.0	-6.0	7.0	47.19
76	-100.0	-27.0	35.0	-36.0	-60.0	4.0	-77.0	25.0	41.97
77	53.0	-119.0	54.0	-3.0	12.0	8.0	2.0	17.0	58.22
78	15.0	43.0	-21.0	22.0	-43.0	28.0	-52.0	-13.0	58.87
79	72.0	127.0	38.0	127.0	7.0	33.0	120.0	17.0	52.66
80	23.0	-50.0	-85.0	40.0	11.0	-5.0	91.0	41.0	43.77
81	-9.0	-128.0	101.0	44.0	14.0	-26.0	19.0	11.0	41.16
82	-87.0	45.0	-128.0	-11.0	-15.0	5.0	80.0	-48.0	47.19
83	-39.0	-77.0	-39.0	3.0	-34.0	0.0	8.0	-1.0	63.1
84	121.0	118.0	18.0	78.0	11.0	-7.0	-90.0	23.0	63.1
