0	119.0	-128.0	22.0	1.0	-5.0	11.0	21.0	-56.0	98.28
1	-128.0	112.0	2.0	-38.0	11.0	0.0	-1.0	127.0	93.16
2	127.0	127.0	-50.0	13.0	-18.0	4.0	67.0	-24.0	91.66
3	4.0	13.0	-4.0	-4.0	-14.0	-38.0	0.0	-57.0	88.62
4	127.0	-96.0	-95.0	-3.0	3.0	6.0	37.0	-47.0	89.34
5	-128.0	119.0	119.0	-18.0	11.0	4.0	0.0	65.0	86.97
6	-74.0	-20.0	55.0	-8.0	-13.0	4.0	-11.0	-2.0	80.72
7	9.0	18.0	-31.0	75.0	-12.0	8.0	14.0	-7.0	80.72
8	63.0	-128.0	-19.0	41.0	-5.0	8.0	-50.0	12.0	71.47
9	127.0	14.0	-19.0	2.0	9.0	-22.0	17.0	-128.0	68.09
10	2.0	121.0	127.0	-88.0	20.0	31.0	-4.0	-9.0	63.17
11	35.0	-128.0	-43.0	1.0	-2.0	2.0	22.0	20.0	71.47
12	-22.0	-18.0	-7.0	-49.0	-35.0	2.0	54.0	102.0	78.57
13	107.0	92.0	-97.0	73.0	1.0	1.0	7.0	-39.0	76.13
14	35.0	-3.0	73.0	-20.0	8.0	7.0	-17.0	3.0	74.18
15	108.0	-108.0	-41.0	-66.0	-22.0	-22.0	29.0	3.0	76.13
16	27.0	127.0	17.0	-1.0	-16.0	25.0	6.0	8.0	59.73
17	-116.0	88.0	-30.0	47.0	-32.0	-15.0	-24.0	-62.0	52.28
18	-85.0	36.0	-81.0	-8.0	0.0	-24.0	57.0	-20.0	59.73
19	126.0	-20.0	45.0	-83.0	0.0	-18.0	-7.0	-114.0	52.39
20	-87.0	21.0	-44.0	8.0	-2.0	6.0	-16.0	-52.0	52.39
21	65.0	82.0	1.0	20.0	-2.0	17.0	51.0	-5.0	45.77
22	87.0	-21.0	-24.0	1.0	11.0	0.0	7.0	15.0	52.28
23	33.0	-59.0	-3.0	11.0	-9.0	-3.0	4.0	38.0	51.71
24	-37.0	-71.0	1.0	-87.0	2.0	-17.0	-10.0	-80.0	58.6
25	-48.0	-77.0	38.0	103.0	8.0	13.0	21.0	28.0	44.36
26	-120.0	76.0	-26.0	-28.0	0.0	28.0	13.0	-56.0	40.97
27	121.0	54.0	-57.0	-3.0	-27.0	-30.0	-23.0	69.0	45.77
28	-44.0	-99.0	29.0	-71.0	-14.0	5.0	-59.0	-46.0	50.8
29	-78.0	34.0	-39.0	52.0	13.0	-12.0	-23.0	49.0	44.02
30	-64.0	-66.0	-44.0	-13.0	36.0	-17.0	-15.0	-4.0	41.58
31	-54.0	-35.0	104.0	-74.0	3.0	1.0	13.0	2.0	40.97
32	84.0	2.0	-4.0	-69.0	-20.0	-5.0	63.0	57.0	39.65
33	-112.0	-26.0	-107.0	-98.0	-14.0	-11.0	1.0	44.0	48.07
34	25.0	127.0	-66.0	5.0	-18.0	-2.0	-17.0	31.0	38.21
35	30.0	-69.0	4.0	-25.0	-17.0	-30.0	-3.0	-38.0	30.53
36	43.0	-79.0	38.0	0.0	1.0	-20.0	37.0	-39.0	28.33
37	25.0	-103.0	86.0	-19.0	-2.0	16.0	-26.0	-51.0	28.76
38	17.0	-19.0	77.0	11.0	20.0	-1.0	22.0	3.0	28.53
39	-128.0	-12.0	-15.0	61.0	-1.0	3.0	-12.0	-6.0	28.53
40	-118.0	-54.0	-108.0	0.0	-11.0	7.0	-6.0	42.0	36.34
41	87.0	-66.0	-116.0	-47.0	-12.0	10.0	-39.0	48.0	36.8
42	-9.0	16.0	-38.0	0.0	23.0	-2.0	-24.0	38.0	30.53
43	-105.0	117.0	38.0	-18.0	3.0	37.0	17.0	21.0	28.76
44	9.0	-107.0	-18.0	83.0	-1.0	1.0	35.0	-84.0	32.85
45	127.0	1.0	-67.0	-63.0	3.0	-9.0	-4.0	-4.0	30.37
46	-115.0	95.0	0.0	-57.0	3.0	23.0	-39.0	-26.0	36.8
47	-77.0	16.0	-91.0	-73.0	1.0	-32.0	-22.0	12.0	41.58
48	-80.0	96.0	-38.0	88.0	5.0	-20.0	73.0	-22.0	48.07
49	18.0	-33.0	-70.0	-22.0	9.0	-6.0	-5.0	18.0	54.84
50	-27.0	-77.0	-14.0	80.0	-5.0	2.0	-45.0	-6.0	60.41
51	-37.0	-14.0	19.0	-18.0	-17.0	11.0	0.0	47.0	60.41
52	42.0	0.0	40.0	12.0	10.0	-5.0	-7.0	64.0	68.5
53	-44.0	-69.0	-26.0	-24.0	-5.0	7.0	-4.0	-22.0	80.72
54	35.0	38.0	-82.0	0.0	-11.0	27.0	23.0	33.0	80.72
55	12.0	-52.0	-111.0	-66.0	4.0	-60.0	18.0	-4.0	84.5
56	41.0	-19.0	88.0	16.0	-5.0	10.0	-27.0	113.0	90.99
57	-74.0	-33.0	-11.0	-29.0	6.0	9.0	-36.0	-33.0	89.34
58	127.0	-43.0	-97.0	-8.0	-5.0	28.0	-72.0	-23.0	90.99
59	67.0	-120.0	-128.0	-10.0	18.0	6.0	-10.0	-80.0	95.37
60	127.0	32.0	-116.0	-93.0	-15.0	8.0	21.0	6.0	97.45
61	-49.0	-68.0	-62.0	-25.0	8.0	1.0	5.0	66.0	101.25
62	18.0	-14.0	29.0	-18.0	-30.0	-23.0	-1.0	-11.0	104.65
63	-72.0	-21.0	17.0	50.0	-1.0	-31.0	7.0	32.0	103.65
64	-116.0	-50.0	9.0	70.0	3.0	8.0	-5.0	-33.0	95.37
65	18.0	-18.0	-27.0	6.0	8.0	7.0	-19.0	-39.0	107.26
66	2.0	-36.0	81.0	-8.0	-5.0	7.0	26.0	-19.0	97.45
67	-115.0	-43.0	1.0	-79.0	9.0	-16.0	9.0	62.0	114.58
68	-24.0	127.0	-13.0	-11.0	-10.0	8.0	-13.0	-4.0	118.16
69	127.0	78.0	-20.0	-6.0	16.0	-8.0	67.0	-84.0	109.23
70	88.0	47.0	-29.0	64.0	-4.0	-3.0	-11.0	4.0	101.25
71	-110.0	-8.0	-9.0	-71.0	-11.0	-15.0	-74.0	-13.0	109.23
72	1.0	68.0	-113.0	-20.0	4.0	10.0	27.0	-1.0	113.28
73	-72.0	1.0	-124.0	-107.0	5.0	-21.0	59.0	-128.0	119.77
74	101.0	-44.0	126.0	-22.0	32.0	-4.0	-46.0	-32.0	123.97
75	127.0	-55.0	-117.0	8.0	-22.0	2.0	-36.0	42.0	123.97
76	6.0	-41.0	107.0	11.0	1.0	-10.0	-5.0	-34.0	128.91
77	-122.0	-128.0	-57.0	114.0	-8.0	0.0	27.0	-39.0	128.91
78	1.0	64.0	-2.0	-15.0	-30.0	-2.0	-1.0	78.0	130.14
79	43.0	33.0	1.0	-15.0	1.0	13.0	1.0	106.0	129.31
80	107.0	-109.0	-37.0	0.0	1.0	11.0	16.0	-118.0	126.49
81	25.0	36.0	-32.0	-57.0	-22.0	-12.0	-2.0	-14.0	114.58
82	127.0	75.0	-2.0	22.0	18.0	-2.0	-9.0	10.0	119.77
83	-78.0	23.0	13.0	-41.0	7.0	-16.0	-15.0	-80.0	121.42
84	25.0	-10.0	-7.0	2.0	-18.0	15.0	-34.0	-6.0	108.63
85	89.0	36.0	8.0	-12.0	35.0	2.0	52.0	1.0	113.28
86	-30.0	-109.0	-15.0	-31.0	-15.0	-19.0	17.0	-3.0	112.01
