0	10.0	-65.0	25.0	-2.0	1.0	-20.0	-31.0	-25.0	110.33
1	-76.0	-106.0	-47.0	-6.0	-2.0	-19.0	-2.0	-3.0	125.41
2	23.0	51.0	-10.0	-33.0	-5.0	26.0	0.0	-10.0	125.41
3	-3.0	-28.0	-96.0	-5.0	-22.0	-7.0	4.0	-24.0	120.41
4	97.0	-44.0	15.0	-76.0	20.0	-8.0	-35.0	29.0	126.62
5	-75.0	42.0	-25.0	-62.0	-17.0	9.0	-28.0	-23.0	125.87
6	30.0	-128.0	-36.0	78.0	20.0	-21.0	2.0	-4.0	122.56
7	74.0	49.0	-63.0	10.0	9.0	-1.0	-5.0	-15.0	126.62
8	85.0	25.0	2.0	12.0	-16.0	39.0	1.0	-47.0	116.98
9	87.0	-12.0	-49.0	27.0	-28.0	7.0	2.0	58.0	107.32
10	127.0	32.0	11.0	17.0	3.0	-28.0	23.0	-80.0	111.16
11	77.0	-67.0	124.0	5.0	4.0	18.0	2.0	-38.0	106.44
12	2.0	-79.0	-41.0	7.0	-8.0	17.0	-44.0	10.0	102.74
13	-67.0	12.0	-72.0	10.0	-7.0	-4.0	8.0	-2.0	90.54
14	-55.0	18.0	-50.0	9.0	-12.0	4.0	13.0	0.0	96.04
15	9.0	21.0	-70.0	120.0	7.0	-6.0	-11.0	5.0	116.4
16	113.0	-65.0	-19.0	9.0	1.0	-3.0	-18.0	23.0	118.19
17	-108.0	75.0	-8.0	-48.0	23.0	-17.0	14.0	97.0	115.32
18	-46.0	6.0	38.0	24.0	-11.0	-12.0	71.0	32.0	115.32
19	127.0	-128.0	-6.0	-43.0	1.0	0.0	-13.0	2.0	115.09
20	-80.0	51.0	110.0	8.0	19.0	-16.0	-45.0	5.0	112.15
21	-5.0	-96.0	59.0	106.0	2.0	-12.0	42.0	49.0	113.25
22	11.0	-58.0	-15.0	-33.0	-1.0	0.0	-10.0	-16.0	113.51
23	89.0	43.0	34.0	1.0	-16.0	3.0	9.0	-23.0	111.16
24	35.0	8.0	-89.0	-15.0	8.0	26.0	-26.0	-17.0	111.04
25	-115.0	43.0	-34.0	-33.0	2.0	12.0	2.0	41.0	101.91
26	117.0	-73.0	5.0	8.0	5.0	-8.0	14.0	-14.0	101.91
27	120.0	-126.0	-91.0	-14.0	10.0	-1.0	2.0	-4.0	90.54
28	-66.0	-128.0	3.0	-24.0	-5.0	5.0	2.0	8.0	92.37
29	71.0	94.0	4.0	-23.0	-6.0	1.0	-20.0	51.0	77.44
30	-46.0	80.0	-128.0	18.0	-4.0	23.0	-7.0	-2.0	85.0
31	60.0	-25.0	40.0	3.0	8.0	13.0	38.0	30.0	72.51
32	120.0	95.0	-9.0	-5.0	-7.0	-1.0	7.0	18.0	70.88
33	-21.0	28.0	-103.0	-8.0	-12.0	11.0	5.0	-8.0	63.85
34	-64.0	-50.0	-3.0	4.0	-3.0	20.0	-11.0	-41.0	61.04
35	40.0	-52.0	-7.0	-15.0	-12.0	30.0	0.0	11.0	41.53
36	69.0	57.0	8.0	26.0	25.0	-10.0	10.0	45.0	36.99
37	127.0	-67.0	-17.0	-32.0	8.0	-4.0	4.0	52.0	36.83
38	-80.0	-84.0	38.0	-3.0	-2.0	11.0	1.0	-66.0	39.55
39	69.0	-97.0	-16.0	-2.0	-15.0	-8.0	-12.0	44.0	38.73
40	62.0	6.0	12.0	-8.0	-3.0	2.0	-2.0	14.0	37.9
41	-128.0	-7.0	69.0	-41.0	-12.0	0.0	9.0	0.0	40.97
42	84.0	-108.0	-33.0	18.0	-12.0	1.0	-2.0	20.0	54.52
43	-7.0	25.0	-22.0	63.0	24.0	-17.0	-6.0	-75.0	50.43
44	72.0	29.0	88.0	28.0	-6.0	12.0	17.0	-10.0	50.43
45	124.0	-79.0	4.0	13.0	-2.0	-3.0	-42.0	34.0	55.11
46	127.0	-106.0	-31.0	-13.0	29.0	18.0	-1.0	5.0	42.72
47	-10.0	110.0	-35.0	-6.0	-1.0	4.0	3.0	-38.0	40.97
48	-106.0	30.0	-11.0	-76.0	-16.0	-9.0	-8.0	43.0	47.73
49	58.0	-16.0	5.0	20.0	15.0	3.0	8.0	28.0	45.03
50	-128.0	25.0	-24.0	-5.0	0.0	-2.0	11.0	14.0	40.55
51	-3.0	-108.0	-25.0	8.0	-2.0	-17.0	-1.0	-4.0	36.99
52	65.0	-47.0	-12.0	-24.0	14.0	-19.0	0.0	26.0	38.73
53	107.0	-128.0	12.0	18.0	-4.0	13.0	2.0	4.0	45.03
54	-128.0	127.0	-70.0	12.0	-3.0	-9.0	-14.0	18.0	42.72
55	-14.0	-92.0	13.0	42.0	10.0	21.0	-10.0	4.0	50.69
56	127.0	-69.0	13.0	-64.0	-2.0	-6.0	3.0	-42.0	56.67
57	-75.0	83.0	40.0	-43.0	-28.0	8.0	-4.0	9.0	61.04
58	-81.0	60.0	-60.0	-124.0	29.0	24.0	-8.0	54.0	54.91
59	97.0	22.0	49.0	-69.0	16.0	2.0	-5.0	-13.0	45.02
60	113.0	-71.0	-11.0	49.0	-7.0	14.0	52.0	-77.0	56.67
61	-105.0	-21.0	-10.0	20.0	-7.0	1.0	-23.0	9.0	65.1
62	113.0	127.0	44.0	5.0	7.0	-9.0	-19.0	-20.0	66.9
63	-100.0	36.0	-59.0	-15.0	1.0	6.0	14.0	-25.0	73.79
64	-128.0	-91.0	-25.0	-37.0	-17.0	-8.0	8.0	51.0	73.79
65	-5.0	127.0	-6.0	-6.0	-10.0	-1.0	-20.0	-47.0	70.61
66	-95.0	127.0	-70.0	53.0	-1.0	6.0	-3.0	-12.0	65.1
67	-22.0	-64.0	-13.0	-105.0	-17.0	23.0	-10.0	17.0	61.87
68	-109.0	-111.0	-25.0	-32.0	10.0	-18.0	9.0	5.0	57.38
69	78.0	87.0	-69.0	-17.0	3.0	5.0	-6.0	23.0	63.52
70	68.0	-4.0	3.0	-26.0	-10.0	-26.0	3.0	-27.0	63.85
71	-46.0	-92.0	67.0	1.0	-1.0	-5.0	52.0	-10.0	75.4
72	-93.0	45.0	-27.0	-1.0	-5.0	3.0	-8.0	-45.0	70.61
73	-34.0	-21.0	-66.0	-27.0	3.0	-19.0	-12.0	40.0	75.54
74	62.0	49.0	118.0	-3.0	-12.0	15.0	-41.0	-5.0	77.44
75	10.0	60.0	-47.0	-115.0	-7.0	-1.0	37.0	-10.0	83.11
76	-47.0	-111.0	41.0	-15.0	-17.0	-7.0	-11.0	24.0	80.25
77	-52.0	60.0	2.0	65.0	-18.0	-10.0	84.0	17.0	92.37
78	17.0	53.0	-38.0	-124.0	17.0	4.0	-9.0	-90.0	87.5
79	-35.0	55.0	13.0	2.0	-3.0	4.0	2.0	-17.0	80.25
80	49.0	-48.0	-115.0	-60.0	10.0	-1.0	-19.0	-46.0	97.08
81	-73.0	6.0	-30.0	-12.0	9.0	1.0	44.0	18.0	102.74
82	22.0	127.0	-33.0	16.0	9.0	-23.0	9.0	-43.0	110.33
83	88.0	121.0	-128.0	-3.0	-13.0	6.0	-1.0	12.0	116.98
84	-41.0	101.0	53.0	-11.0	22.0	14.0	61.0	1.0	113.25
