0	-128.0	37.0	23.0	-122.0	31.0	-1.0	9.0	-25.0	100.98
1	99.0	-16.0	52.0	127.0	10.0	-32.0	-5.0	-48.0	66.47
2	46.0	-82.0	26.0	127.0	27.0	-11.0	-4.0	33.0	102.33
3	-1.0	78.0	55.0	0.0	-4.0	-9.0	14.0	-67.0	65.77
4	16.0	-98.0	-128.0	-21.0	9.0	-7.0	-6.0	73.0	67.48
5	84.0	-128.0	5.0	78.0	-19.0	-4.0	-1.0	28.0	82.22
6	-28.0	-67.0	23.0	-5.0	8.0	26.0	-7.0	18.0	64.08
7	54.0	82.0	-128.0	-16.0	35.0	-3.0	-13.0	9.0	98.55
8	-23.0	87.0	-108.0	-43.0	-7.0	-5.0	-10.0	46.0	74.33
9	-45.0	51.0	-4.0	51.0	18.0	8.0	2.0	-5.0	68.44
10	-92.0	13.0	76.0	47.0	-4.0	-2.0	-17.0	-1.0	83.23
11	-52.0	-42.0	107.0	-60.0	1.0	-37.0	19.0	-6.0	65.59
12	84.0	3.0	-35.0	14.0	-2.0	8.0	-22.0	43.0	64.08
13	95.0	-128.0	127.0	72.0	-4.0	-5.0	-18.0	32.0	61.87
14	-50.0	-128.0	88.0	-14.0	15.0	0.0	-7.0	-4.0	57.21
15	71.0	-105.0	-101.0	-34.0	-30.0	-4.0	2.0	-87.0	65.83
16	-13.0	-20.0	37.0	-11.0	0.0	10.0	-19.0	-33.0	65.59
17	-63.0	-24.0	111.0	61.0	-6.0	-6.0	-5.0	28.0	95.72
18	-119.0	127.0	4.0	114.0	1.0	-40.0	-6.0	-16.0	98.99
19	-114.0	33.0	-11.0	-19.0	-1.0	-10.0	-9.0	-11.0	66.91
20	51.0	93.0	-123.0	-44.0	-3.0	-14.0	1.0	40.0	101.85
21	127.0	127.0	47.0	20.0	19.0	6.0	3.0	7.0	95.72
22	62.0	127.0	79.0	28.0	6.0	0.0	11.0	-6.0	65.45
23	-45.0	127.0	-37.0	43.0	2.0	-17.0	-3.0	-39.0	74.33
24	10.0	-46.0	-67.0	15.0	2.0	-11.0	6.0	9.0	68.89
25	-99.0	59.0	12.0	17.0	-36.0	-9.0	-9.0	-6.0	104.87
26	127.0	33.0	55.0	-72.0	-9.0	19.0	-21.0	33.0	108.97
27	116.0	-93.0	1.0	-42.0	-4.0	12.0	4.0	-28.0	120.05
28	-43.0	-100.0	51.0	-14.0	10.0	-22.0	-7.0	53.0	118.62
29	97.0	-128.0	-16.0	-24.0	-12.0	7.0	0.0	-31.0	112.29
30	102.0	122.0	-60.0	20.0	-34.0	6.0	-3.0	-17.0	115.83
31	-128.0	-50.0	-82.0	10.0	5.0	3.0	-6.0	10.0	122.02
32	-128.0	43.0	-113.0	66.0	2.0	-11.0	0.0	-11.0	109.59
33	30.0	4.0	54.0	-128.0	-11.0	28.0	-12.0	-3.0	109.18
34	-36.0	-128.0	35.0	-45.0	13.0	3.0	5.0	-18.0	117.39
35	29.0	-72.0	-113.0	12.0	6.0	-6.0	-1.0	-39.0	122.59
36	-74.0	-69.0	106.0	34.0	-3.0	-2.0	17.0	-34.0	124.26
37	-128.0	-39.0	11.0	43.0	-7.0	-9.0	-1.0	-32.0	130.97
38	-115.0	14.0	-4.0	85.0	5.0	0.0	-2.0	5.0	131.82
39	-128.0	-83.0	-101.0	34.0	-3.0	-14.0	7.0	-45.0	131.82
40	-23.0	-24.0	78.0	30.0	-42.0	11.0	-17.0	9.0	131.39
41	-70.0	20.0	11.0	37.0	25.0	3.0	9.0	-56.0	130.97
42	-46.0	-81.0	-113.0	6.0	-24.0	2.0	-5.0	-16.0	130.1
43	45.0	-128.0	-60.0	21.0	-2.0	-17.0	-4.0	72.0	131.35
44	127.0	-82.0	34.0	-13.0	-2.0	0.0	-2.0	-32.0	131.98
45	41.0	108.0	-5.0	-105.0	5.0	-6.0	5.0	15.0	132.98
46	-105.0	56.0	18.0	4.0	2.0	10.0	9.0	8.0	132.88
47	-44.0	-14.0	-101.0	8.0	9.0	-8.0	-3.0	12.0	132.06
48	127.0	19.0	-101.0	12.0	15.0	-1.0	31.0	14.0	131.98
49	-4.0	46.0	29.0	33.0	-15.0	5.0	-7.0	-8.0	132.06
50	113.0	56.0	-89.0	42.0	-15.0	-15.0	1.0	37.0	131.97
51	-54.0	-104.0	40.0	37.0	0.0	28.0	-5.0	26.0	130.1
52	-81.0	-128.0	-62.0	-38.0	-2.0	4.0	-4.0	-10.0	126.01
53	127.0	-42.0	-103.0	-10.0	0.0	20.0	-18.0	28.0	121.21
54	118.0	-58.0	-37.0	-11.0	-9.0	-10.0	2.0	-106.0	121.21
55	30.0	42.0	52.0	26.0	12.0	3.0	13.0	-19.0	124.26
56	87.0	-86.0	-6.0	-8.0	-22.0	-2.0	10.0	14.0	125.29
57	85.0	-128.0	-50.0	33.0	5.0	-23.0	0.0	29.0	112.29
58	-3.0	-62.0	110.0	20.0	-2.0	4.0	-12.0	23.0	108.14
59	-44.0	26.0	-44.0	-38.0	-9.0	6.0	-1.0	-10.0	109.18
60	-36.0	-43.0	-26.0	-23.0	26.0	10.0	-13.0	-31.0	118.62
61	82.0	10.0	-15.0	56.0	-32.0	0.0	7.0	29.0	128.65
62	-128.0	127.0	45.0	24.0	-14.0	6.0	3.0	-20.0	129.34
63	42.0	44.0	-24.0	4.0	-15.0	-2.0	4.0	5.0	106.48
64	80.0	-82.0	78.0	19.0	4.0	-22.0	-1.0	55.0	108.97
65	-78.0	127.0	-37.0	-36.0	1.0	2.0	4.0	28.0	104.87
66	64.0	-50.0	14.0	23.0	-4.0	-22.0	8.0	-14.0	100.55
67	127.0	-46.0	43.0	-37.0	-5.0	4.0	15.0	17.0	99.55
68	110.0	-83.0	-55.0	-28.0	-9.0	-5.0	14.0	-10.0	102.58
69	-105.0	127.0	1.0	-34.0	4.0	4.0	-3.0	11.0	100.55
70	-81.0	-122.0	23.0	-7.0	7.0	-8.0	-3.0	0.0	82.6
71	-17.0	-15.0	84.0	-3.0	14.0	-2.0	-13.0	9.0	84.64
72	25.0	-94.0	126.0	-96.0	2.0	10.0	-17.0	31.0	68.89
73	-40.0	127.0	72.0	30.0	4.0	9.0	-3.0	0.0	65.83
74	-74.0	115.0	100.0	-24.0	3.0	25.0	9.0	22.0	66.47
75	-110.0	34.0	-68.0	45.0	4.0	-26.0	-4.0	-42.0	66.03
76	41.0	-39.0	6.0	1.0	-6.0	-10.0	-6.0	-33.0	68.44
77	-99.0	-72.0	112.0	-19.0	-6.0	0.0	4.0	27.0	102.05
78	-89.0	-22.0	-11.0	72.0	-7.0	-10.0	-14.0	11.0	82.22
79	-128.0	127.0	-22.0	-7.0	-17.0	23.0	-9.0	-9.0	75.38
80	-51.0	-5.0	1.0	-10.0	6.0	-7.0	5.0	-6.0	101.1
81	36.0	29.0	24.0	-51.0	-11.0	-10.0	-6.0	31.0	101.85
82	-69.0	70.0	89.0	-11.0	-6.0	-23.0	13.0	40.0	76.4
83	43.0	4.0	28.0	-122.0	-9.0	-3.0	11.0	43.0	102.33
