0	-21.0	-77.0	5.0	52.0	-25.0	36.0	20.0	-32.0	115.2
1	103.0	-4.0	-21.0	63.0	10.0	-1.0	-5.0	24.0	97.15
2	-81.0	-64.0	-86.0	-109.0	-7.0	-15.0	48.0	-27.0	101.74
3	-76.0	-38.0	-7.0	-111.0	20.0	-44.0	-44.0	5.0	93.99
4	91.0	66.0	127.0	17.0	25.0	28.0	45.0	-20.0	91.91
5	86.0	-57.0	12.0	18.0	-28.0	-28.0	-79.0	-83.0	69.73
6	39.0	-38.0	-116.0	-13.0	-34.0	11.0	-12.0	-13.0	95.31
7	-79.0	-84.0	16.0	-17.0	-7.0	-3.0	18.0	-61.0	63.58
8	81.0	98.0	18.0	-6.0	8.0	-14.0	16.0	50.0	62.87
9	27.0	-44.0	-1.0	-12.0	-33.0	-18.0	107.0	18.0	55.38
10	52.0	-19.0	16.0	-7.0	3.0	-17.0	-16.0	-83.0	69.73
11	94.0	-63.0	-6.0	-3.0	-26.0	-29.0	9.0	-46.0	61.09
12	125.0	-128.0	-95.0	-39.0	-7.0	25.0	-4.0	14.0	62.63
13	88.0	74.0	8.0	18.0	-10.0	15.0	17.0	79.0	62.9
14	-11.0	4.0	127.0	-22.0	-26.0	3.0	-6.0	101.0	50.0
15	-21.0	-19.0	-46.0	-98.0	-34.0	14.0	-19.0	83.0	61.09
16	-123.0	-128.0	63.0	127.0	20.0	-8.0	-31.0	-126.0	51.41
17	64.0	-14.0	-88.0	127.0	14.0	-19.0	-91.0	-67.0	63.42
18	-66.0	79.0	-128.0	-27.0	19.0	-112.0	43.0	-7.0	62.65
19	-73.0	-119.0	68.0	-73.0	20.0	-17.0	10.0	64.0	48.89
20	-26.0	-100.0	127.0	127.0	-24.0	44.0	-100.0	-21.0	48.89
21	-94.0	18.0	-11.0	83.0	-31.0	19.0	-22.0	37.0	47.93
22	102.0	113.0	-13.0	-22.0	1.0	11.0	32.0	41.0	48.24
23	-128.0	-54.0	-7.0	-55.0	34.0	-26.0	15.0	34.0	48.43
24	-128.0	-24.0	-16.0	19.0	15.0	-52.0	11.0	-23.0	48.43
25	4.0	83.0	14.0	-26.0	-13.0	-10.0	7.0	-39.0	48.89
26	89.0	-24.0	-94.0	37.0	2.0	10.0	58.0	16.0	50.0
27	54.0	54.0	20.0	-128.0	-10.0	46.0	11.0	53.0	55.38
28	-128.0	114.0	-15.0	-1.0	-8.0	34.0	9.0	25.0	63.3
29	32.0	127.0	127.0	-10.0	10.0	9.0	31.0	-31.0	63.42
30	-97.0	-5.0	-60.0	24.0	-41.0	18.0	77.0	115.0	58.63
31	-98.0	-107.0	-120.0	-75.0	19.0	41.0	-5.0	-67.0	63.3
32	-113.0	-12.0	-21.0	54.0	-12.0	-39.0	-1.0	15.0	62.63
33	4.0	-80.0	74.0	91.0	107.0	-14.0	49.0	14.0	58.63
34	27.0	-13.0	-91.0	-47.0	30.0	-12.0	-102.0	-65.0	91.91
35	8.0	-11.0	-22.0	-22.0	9.0	35.0	-27.0	-11.0	95.83
36	78.0	-100.0	-65.0	-32.0	-10.0	1.0	11.0	109.0	90.32
37	-49.0	-39.0	-42.0	15.0	-31.0	-3.0	-10.0	43.0	103.8
38	110.0	-48.0	67.0	-45.0	-29.0	-12.0	45.0	42.0	98.06
39	-28.0	25.0	-83.0	-42.0	32.0	7.0	-28.0	-13.0	93.12
40	-74.0	120.0	14.0	-51.0	2.0	7.0	-5.0	-94.0	98.06
41	-98.0	102.0	-116.0	62.0	-1.0	39.0	-19.0	-7.0	93.12
42	40.0	-119.0	-21.0	-26.0	26.0	36.0	2.0	6.0	98.45
43	-62.0	96.0	16.0	7.0	-13.0	-16.0	15.0	84.0	96.81
44	-122.0	-101.0	75.0	-12.0	-10.0	-1.0	-63.0	18.0	96.81
45	41.0	-62.0	86.0	5.0	9.0	-5.0	-19.0	-15.0	109.95
46	-124.0	72.0	127.0	12.0	-5.0	11.0	-98.0	89.0	103.8
47	-17.0	-40.0	-128.0	80.0	20.0	-1.0	4.0	2.0	64.14
48	24.0	62.0	-17.0	50.0	6.0	30.0	0.0	-35.0	82.04
49	127.0	-3.0	-14.0	-62.0	-4.0	-34.0	121.0	28.0	92.25
50	-57.0	3.0	49.0	9.0	20.0	11.0	18.0	1.0	99.07
51	-98.0	35.0	-8.0	50.0	0.0	-17.0	-6.0	-14.0	105.62
52	-118.0	92.0	28.0	-53.0	10.0	0.0	4.0	-44.0	115.56
53	24.0	96.0	4.0	8.0	-21.0	8.0	19.0	15.0	120.71
54	109.0	-112.0	-88.0	-20.0	-1.0	-8.0	-41.0	-37.0	117.02
55	101.0	-114.0	-21.0	-9.0	14.0	-28.0	1.0	-16.0	125.4
56	-128.0	-128.0	52.0	17.0	4.0	9.0	-68.0	25.0	118.78
57	-81.0	-63.0	-13.0	-7.0	-19.0	42.0	-74.0	-82.0	117.02
58	-112.0	-24.0	21.0	114.0	-20.0	24.0	-17.0	21.0	115.56
59	0.0	5.0	-43.0	-13.0	2.0	-103.0	3.0	34.0	119.45
60	60.0	-19.0	73.0	17.0	-5.0	-23.0	3.0	-83.0	121.11
61	97.0	74.0	39.0	-20.0	-22.0	-5.0	33.0	5.0	106.91
62	-21.0	61.0	-128.0	-35.0	20.0	-10.0	-19.0	-1.0	120.7
63	-96.0	8.0	-69.0	29.0	-2.0	21.0	9.0	-14.0	121.11
64	127.0	127.0	-76.0	119.0	19.0	-3.0	-20.0	-39.0	128.27
65	56.0	-52.0	66.0	-24.0	3.0	-6.0	-4.0	-4.0	128.27
66	34.0	-95.0	-58.0	-23.0	-3.0	41.0	-9.0	-80.0	127.92
67	-73.0	-75.0	-16.0	-64.0	15.0	7.0	-2.0	99.0	130.3
68	-116.0	-51.0	-30.0	4.0	7.0	34.0	-28.0	43.0	127.22
69	-128.0	-68.0	24.0	84.0	39.0	42.0	-102.0	-2.0	126.63
70	16.0	105.0	-31.0	-31.0	-16.0	-3.0	-6.0	58.0	127.34
71	108.0	-85.0	68.0	52.0	-5.0	4.0	-8.0	-107.0	126.63
72	60.0	90.0	-86.0	-65.0	-1.0	-2.0	-34.0	-53.0	125.29
73	-93.0	-128.0	127.0	-110.0	9.0	11.0	-19.0	-3.0	126.46
74	-85.0	110.0	127.0	127.0	-6.0	22.0	-19.0	-82.0	126.2
75	-44.0	-87.0	-114.0	12.0	14.0	-10.0	-13.0	-37.0	124.37
76	-11.0	73.0	27.0	-89.0	9.0	22.0	9.0	-9.0	126.2
77	38.0	-63.0	73.0	127.0	-26.0	-19.0	-53.0	-30.0	120.71
78	21.0	-69.0	-7.0	45.0	-11.0	35.0	-98.0	-11.0	122.35
79	-94.0	-64.0	-12.0	-10.0	27.0	72.0	-28.0	56.0	120.7
80	127.0	-17.0	-34.0	-1.0	29.0	-39.0	-97.0	-89.0	123.06
81	2.0	-39.0	-8.0	-32.0	28.0	0.0	-11.0	-4.0	115.2
82	-128.0	-102.0	-6.0	127.0	9.0	-13.0	119.0	-80.0	95.31
83	75.0	83.0	12.0	22.0	20.0	-13.0	5.0	-14.0	97.75
84	101.0	-34.0	-11.0	19.0	7.0	-8.0	-3.0	-20.0	118.15
85	84.0	-104.0	-76.0	-32.0	-5.0	-13.0	8.0	25.0	106.91
86	-83.0	-75.0	127.0	-11.0	-18.0	74.0	84.0	-67.0	99.07
