0	53.0	-128.0	-31.0	28.0	34.0	-18.0	9.0	-63.0	62.49
1	-122.0	-43.0	-22.0	10.0	-10.0	-2.0	24.0	39.0	53.65
2	-106.0	-79.0	-4.0	-10.0	22.0	-5.0	14.0	20.0	51.56
3	64.0	-44.0	1.0	-48.0	-11.0	4.0	-10.0	-17.0	36.0
4	66.0	95.0	-87.0	1.0	-6.0	-5.0	-54.0	0.0	44.09
5	-91.0	13.0	-73.0	42.0	-11.0	-4.0	-30.0	33.0	35.8
6	86.0	47.0	6.0	-30.0	-23.0	19.0	21.0	-14.0	40.59
7	-128.0	-128.0	23.0	21.0	26.0	-3.0	65.0	2.0	56.55
8	-41.0	-17.0	60.0	55.0	0.0	0.0	-22.0	3.0	60.33
9	-67.0	-13.0	-67.0	-40.0	48.0	35.0	93.0	23.0	50.49
10	87.0	88.0	37.0	-9.0	-9.0	-2.0	22.0	31.0	36.31
11	53.0	105.0	16.0	11.0	0.0	-22.0	-27.0	29.0	36.0
12	-29.0	-62.0	13.0	-12.0	-25.0	-12.0	46.0	-18.0	50.49
13	-26.0	-16.0	37.0	76.0	-4.0	-11.0	-31.0	-19.0	46.16
14	-10.0	-64.0	-29.0	-1.0	-39.0	7.0	22.0	-15.0	35.72
15	111.0	94.0	-125.0	83.0	7.0	19.0	109.0	-29.0	35.51
16	-128.0	33.0	127.0	-65.0	-8.0	-17.0	47.0	-57.0	35.72
17	100.0	29.0	-27.0	107.0	-2.0	10.0	13.0	-12.0	37.67
18	32.0	73.0	-45.0	-79.0	-20.0	-1.0	1.0	-9.0	42.05
19	93.0	-104.0	-123.0	26.0	-7.0	13.0	20.0	17.0	49.04
20	-128.0	59.0	-30.0	-12.0	29.0	-31.0	-90.0	20.0	51.22
21	127.0	74.0	70.0	-33.0	30.0	43.0	27.0	26.0	58.89
22	-57.0	-60.0	-40.0	-81.0	19.0	14.0	-13.0	53.0	53.58
23	21.0	116.0	-58.0	3.0	-13.0	18.0	-108.0	26.0	58.65
24	60.0	-35.0	57.0	-21.0	6.0	-20.0	3.0	10.0	58.89
25	-128.0	-31.0	125.0	-34.0	3.0	9.0	-16.0	-19.0	52.19
26	126.0	71.0	-42.0	-128.0	7.0	13.0	14.0	12.0	35.88
27	-1.0	-14.0	-112.0	13.0	13.0	25.0	30.0	-80.0	42.05
28	127.0	26.0	29.0	10.0	-21.0	-40.0	-33.0	-5.0	37.11
29	-49.0	-2.0	104.0	-14.0	-6.0	-25.0	62.0	25.0	40.59
30	71.0	48.0	-7.0	-81.0	35.0	10.0	22.0	-15.0	50.1
31	-94.0	-128.0	-91.0	-55.0	14.0	-15.0	13.0	3.0	35.8
32	63.0	118.0	1.0	2.0	5.0	-12.0	-7.0	-21.0	50.1
33	-102.0	11.0	-48.0	12.0	20.0	-28.0	-17.0	26.0	51.56
34	-2.0	-114.0	22.0	14.0	2.0	18.0	11.0	-16.0	53.65
35	116.0	11.0	-111.0	14.0	10.0	14.0	4.0	-32.0	62.49
36	110.0	-104.0	-4.0	-27.0	-9.0	28.0	54.0	41.0	62.72
37	59.0	40.0	-66.0	-6.0	-8.0	-22.0	-68.0	-21.0	71.11
38	-73.0	-69.0	37.0	104.0	-7.0	18.0	28.0	-8.0	68.13
39	-30.0	-87.0	-36.0	1.0	10.0	27.0	-40.0	2.0	68.45
40	124.0	-34.0	-22.0	-11.0	-7.0	-21.0	-33.0	-11.0	64.66
41	-31.0	3.0	53.0	-94.0	-9.0	-12.0	-18.0	-35.0	78.49
42	36.0	-29.0	-3.0	4.0	-5.0	14.0	-9.0	-19.0	77.63
43	41.0	22.0	76.0	127.0	-40.0	-8.0	-14.0	-44.0	75.62
44	24.0	-14.0	-46.0	-24.0	-9.0	-9.0	-35.0	9.0	77.63
45	-65.0	-76.0	-7.0	-15.0	-6.0	-1.0	72.0	24.0	82.82
46	-40.0	-61.0	113.0	-8.0	16.0	-16.0	6.0	-1.0	79.98
47	-7.0	-46.0	-34.0	19.0	3.0	27.0	-30.0	-38.0	85.34
48	-128.0	-16.0	47.0	12.0	-5.0	7.0	2.0	-15.0	91.82
49	1.0	41.0	4.0	-49.0	-17.0	7.0	15.0	-14.0	98.91
50	-128.0	77.0	34.0	11.0	7.0	15.0	-85.0	-16.0	103.03
51	-8.0	-54.0	-58.0	43.0	-7.0	5.0	58.0	19.0	94.36
52	114.0	69.0	8.0	30.0	-6.0	60.0	-1.0	7.0	120.77
53	-45.0	-110.0	-24.0	3.0	-4.0	8.0	31.0	18.0	102.05
54	-59.0	52.0	-7.0	-103.0	-7.0	46.0	43.0	-5.0	98.91
55	74.0	-78.0	-78.0	5.0	-11.0	-20.0	14.0	-5.0	90.17
56	-128.0	127.0	65.0	6.0	-9.0	12.0	90.0	42.0	103.47
57	83.0	75.0	-41.0	-36.0	0.0	-17.0	-7.0	-18.0	104.17
58	108.0	-128.0	113.0	-86.0	-25.0	74.0	3.0	-4.0	118.18
59	45.0	-104.0	5.0	0.0	-37.0	-26.0	38.0	-53.0	109.93
60	51.0	118.0	31.0	-17.0	28.0	5.0	19.0	13.0	114.23
61	-77.0	-42.0	108.0	-48.0	24.0	24.0	6.0	26.0	92.54
62	-52.0	65.0	17.0	-128.0	13.0	32.0	22.0	-11.0	87.51
63	-46.0	2.0	-3.0	-46.0	-9.0	-1.0	-93.0	-39.0	82.82
64	-52.0	-100.0	24.0	33.0	4.0	-41.0	57.0	-56.0	90.17
65	-49.0	-118.0	-54.0	59.0	1.0	-10.0	-23.0	4.0	104.17
66	-29.0	-22.0	54.0	-18.0	23.0	5.0	2.0	3.0	122.05
67	-103.0	79.0	-8.0	17.0	-35.0	35.0	-3.0	-2.0	116.31
68	-10.0	101.0	-85.0	82.0	-8.0	14.0	15.0	40.0	120.0
69	-104.0	-122.0	9.0	45.0	26.0	7.0	-12.0	20.0	100.75
70	127.0	-6.0	-128.0	-36.0	-5.0	-29.0	5.0	-2.0	100.75
71	127.0	127.0	19.0	-45.0	11.0	-18.0	-31.0	-83.0	122.87
72	-71.0	41.0	18.0	-40.0	-18.0	13.0	-18.0	79.0	123.15
73	-51.0	127.0	-19.0	-54.0	16.0	-16.0	-48.0	55.0	123.48
74	-96.0	92.0	-119.0	-69.0	-16.0	-9.0	-4.0	8.0	123.44
75	-29.0	122.0	95.0	-57.0	9.0	21.0	-69.0	-7.0	123.48
76	78.0	-37.0	-13.0	1.0	-12.0	7.0	-53.0	-33.0	122.87
77	104.0	-45.0	-30.0	-21.0	1.0	11.0	-3.0	-9.0	120.0
78	71.0	-21.0	-52.0	46.0	-15.0	-3.0	-128.0	6.0	87.51
79	-30.0	-24.0	-4.0	7.0	-11.0	-16.0	98.0	11.0	85.26
80	-122.0	127.0	-63.0	-32.0	17.0	10.0	14.0	-57.0	81.34
81	73.0	-128.0	13.0	-10.0	14.0	-22.0	-3.0	-30.0	68.45
82	7.0	44.0	28.0	77.0	8.0	65.0	33.0	-58.0	79.98
83	54.0	-53.0	3.0	-2.0	-34.0	20.0	-52.0	45.0	68.13
84	84.0	-31.0	44.0	-42.0	18.0	-26.0	99.0	-32.0	65.76
85	107.0	24.0	-33.0	-8.0	18.0	-2.0	-8.0	12.0	62.72
