0	127.0	115.0	29.0	9.0	22.0	14.0	-78.0	-69.0	81.17
1	-107.0	64.0	-72.0	9.0	8.0	24.0	-63.0	22.0	100.85
2	-124.0	-55.0	59.0	-119.0	20.0	-19.0	-96.0	24.0	76.62
3	-100.0	-6.0	2.0	9.0	-35.0	39.0	101.0	75.0	75.9
4	-38.0	-1.0	-6.0	-23.0	49.0	47.0	37.0	-7.0	81.17
5	105.0	-51.0	18.0	75.0	43.0	-39.0	-31.0	23.0	82.27
6	-109.0	88.0	-101.0	-66.0	11.0	38.0	15.0	-93.0	72.93
7	82.0	60.0	-82.0	-2.0	-36.0	126.0	-54.0	-14.0	80.62
8	82.0	-107.0	76.0	119.0	81.0	-119.0	44.0	92.0	71.9
9	-52.0	127.0	-10.0	18.0	-69.0	44.0	-90.0	44.0	65.67
10	-62.0	76.0	28.0	-5.0	61.0	34.0	-100.0	-62.0	75.9
11	28.0	-87.0	-35.0	90.0	20.0	-113.0	-69.0	50.0	61.35
12	-17.0	-7.0	43.0	24.0	3.0	-50.0	58.0	-19.0	63.75
13	100.0	89.0	105.0	-16.0	-24.0	47.0	61.0	-17.0	56.87
14	115.0	4.0	-5.0	76.0	-98.0	-3.0	58.0	-23.0	62.02
15	57.0	-35.0	-33.0	-26.0	-4.0	70.0	-104.0	3.0	57.74
16	110.0	-65.0	78.0	-25.0	-30.0	-2.0	29.0	-7.0	42.01
17	-38.0	8.0	-77.0	10.0	-36.0	8.0	-128.0	-12.0	37.01
18	-34.0	34.0	100.0	61.0	67.0	-128.0	-128.0	15.0	48.15
19	-110.0	-23.0	15.0	26.0	52.0	36.0	104.0	11.0	60.63
20	-75.0	127.0	-38.0	-63.0	-8.0	-32.0	83.0	79.0	46.93
21	-42.0	-1.0	-15.0	4.0	29.0	-35.0	109.0	8.0	42.01
22	-18.0	82.0	2.0	37.0	46.0	-38.0	30.0	27.0	62.02
23	20.0	26.0	-35.0	-61.0	9.0	47.0	-106.0	-35.0	56.87
24	-60.0	89.0	40.0	93.0	-10.0	44.0	19.0	3.0	46.42
25	102.0	-122.0	114.0	13.0	13.0	-80.0	-112.0	-24.0	32.58
26	60.0	-43.0	86.0	-19.0	-12.0	-11.0	-29.0	-33.0	27.84
27	79.0	-17.0	-32.0	24.0	24.0	-34.0	-32.0	40.0	39.65
28	41.0	112.0	-82.0	13.0	29.0	23.0	13.0	-8.0	31.42
29	94.0	18.0	-7.0	-95.0	51.0	21.0	-29.0	-21.0	41.77
30	15.0	-77.0	20.0	-16.0	-19.0	-72.0	-82.0	127.0	27.84
31	-13.0	127.0	26.0	-16.0	-60.0	15.0	-43.0	-86.0	25.83
32	-89.0	-42.0	-45.0	63.0	-62.0	36.0	-96.0	46.0	36.78
33	-4.0	97.0	-42.0	-100.0	-16.0	2.0	-128.0	-9.0	31.08
34	-82.0	55.0	-41.0	5.0	-34.0	37.0	-87.0	61.0	36.78
35	-26.0	25.0	101.0	106.0	64.0	-84.0	27.0	45.0	34.07
36	110.0	95.0	-13.0	29.0	37.0	9.0	-126.0	-23.0	32.58
37	-128.0	55.0	62.0	-50.0	20.0	32.0	56.0	-58.0	37.01
38	127.0	62.0	-28.0	36.0	43.0	8.0	127.0	-75.0	46.93
39	-32.0	6.0	34.0	-77.0	-13.0	-23.0	114.0	-28.0	61.35
40	-100.0	-22.0	-41.0	-14.0	-46.0	-30.0	-109.0	-20.0	72.93
41	76.0	14.0	29.0	-83.0	-14.0	5.0	-77.0	-40.0	74.37
42	-114.0	-90.0	-28.0	-18.0	-4.0	-67.0	101.0	63.0	84.2
43	57.0	76.0	87.0	-29.0	64.0	39.0	-12.0	71.0	111.19
44	14.0	-45.0	-128.0	16.0	-9.0	-39.0	-7.0	4.0	94.44
45	-31.0	-114.0	16.0	-22.0	9.0	-34.0	-20.0	-39.0	110.4
46	30.0	80.0	-72.0	78.0	10.0	-27.0	123.0	-60.0	106.34
47	12.0	58.0	-52.0	44.0	3.0	5.0	112.0	17.0	114.08
48	-128.0	127.0	-86.0	15.0	-29.0	2.0	-30.0	10.0	101.37
49	118.0	30.0	-46.0	113.0	5.0	-24.0	-80.0	-19.0	103.15
50	-2.0	38.0	-9.0	0.0	-62.0	-31.0	-68.0	-102.0	86.83
51	-46.0	-1.0	-29.0	22.0	0.0	-34.0	-123.0	75.0	84.2
52	127.0	-42.0	35.0	26.0	6.0	49.0	6.0	-62.0	74.37
53	86.0	-111.0	-52.0	-45.0	26.0	8.0	58.0	-28.0	67.39
54	-120.0	-38.0	-68.0	-73.0	-70.0	24.0	-113.0	15.0	78.94
55	80.0	-109.0	-111.0	-40.0	-15.0	6.0	89.0	-72.0	93.38
56	98.0	-128.0	-8.0	18.0	-20.0	-35.0	-57.0	-9.0	111.19
57	-123.0	73.0	28.0	-30.0	-46.0	22.0	1.0	-45.0	108.24
58	13.0	74.0	-20.0	-10.0	-35.0	-1.0	-98.0	1.0	105.66
59	15.0	-106.0	34.0	79.0	-24.0	17.0	115.0	-31.0	102.77
60	-82.0	30.0	64.0	-66.0	4.0	-19.0	-22.0	21.0	96.98
61	97.0	-30.0	17.0	102.0	-6.0	1.0	114.0	14.0	95.83
62	-25.0	30.0	16.0	-8.0	57.0	-33.0	67.0	-21.0	99.39
63	65.0	32.0	-44.0	-18.0	-2.0	37.0	-23.0	-4.0	95.83
64	106.0	-81.0	28.0	2.0	-28.0	-95.0	-38.0	-31.0	111.81
65	12.0	127.0	7.0	4.0	-2.0	-79.0	-1.0	21.0	123.03
66	127.0	-103.0	-9.0	-18.0	-71.0	32.0	127.0	52.0	129.84
67	20.0	-8.0	-10.0	43.0	-43.0	19.0	-24.0	-5.0	114.08
68	62.0	33.0	127.0	-5.0	2.0	-9.0	-49.0	-6.0	110.26
69	25.0	-72.0	103.0	-15.0	-8.0	-2.0	-108.0	9.0	127.23
70	-53.0	49.0	16.0	15.0	0.0	-11.0	-115.0	35.0	129.84
71	-45.0	59.0	62.0	-92.0	-26.0	4.0	94.0	69.0	130.36
72	18.0	28.0	28.0	-15.0	26.0	18.0	0.0	67.0	128.69
73	-113.0	-5.0	5.0	-102.0	2.0	17.0	3.0	3.0	129.36
74	63.0	-114.0	4.0	-58.0	48.0	31.0	-111.0	88.0	130.0
75	12.0	-113.0	-88.0	51.0	-43.0	-37.0	-6.0	-33.0	130.0
76	54.0	-17.0	70.0	9.0	-2.0	0.0	107.0	-17.0	114.28
77	115.0	-34.0	18.0	-14.0	10.0	-54.0	-13.0	104.0	123.03
78	14.0	-75.0	-45.0	15.0	-78.0	-5.0	16.0	23.0	123.45
79	-60.0	-2.0	77.0	-25.0	39.0	7.0	23.0	-33.0	117.69
80	56.0	33.0	-20.0	-114.0	25.0	39.0	63.0	-58.0	105.66
81	17.0	-39.0	30.0	2.0	34.0	23.0	-18.0	23.0	103.15
82	-84.0	76.0	94.0	-16.0	-28.0	36.0	16.0	-38.0	94.44
83	-128.0	15.0	-16.0	76.0	31.0	-11.0	-74.0	-128.0	92.9
