0	19.0	12.0	83.0	125.0	-1.0	-31.0	-32.0	-37.0	77.08
1	-59.0	-56.0	-9.0	-128.0	-5.0	9.0	-10.0	-14.0	66.79
2	-128.0	28.0	-54.0	-44.0	11.0	-4.0	3.0	8.0	80.46
3	27.0	20.0	-52.0	27.0	-6.0	11.0	-28.0	5.0	59.51
4	88.0	97.0	-5.0	-8.0	2.0	7.0	-9.0	9.0	55.41
5	-128.0	-87.0	49.0	-2.0	6.0	-11.0	-8.0	0.0	48.79
6	126.0	0.0	-14.0	-16.0	-10.0	-9.0	-21.0	-10.0	44.59
7	107.0	-30.0	80.0	-13.0	-2.0	-1.0	38.0	-12.0	51.49
8	127.0	48.0	-48.0	10.0	-4.0	-10.0	114.0	20.0	55.41
9	-83.0	-114.0	-9.0	-14.0	1.0	-19.0	17.0	6.0	66.68
10	-128.0	-31.0	-40.0	17.0	-3.0	12.0	-2.0	4.0	57.81
11	92.0	-15.0	11.0	0.0	15.0	1.0	67.0	-18.0	65.01
12	11.0	-112.0	7.0	75.0	-2.0	15.0	64.0	2.0	56.89
13	-128.0	69.0	-51.0	27.0	-18.0	-21.0	13.0	-82.0	49.42
14	112.0	127.0	-36.0	-50.0	14.0	-16.0	13.0	30.0	57.81
15	-2.0	-70.0	-3.0	-24.0	-17.0	-7.0	-3.0	44.0	57.91
16	-3.0	-127.0	3.0	-9.0	6.0	6.0	-46.0	-12.0	63.68
17	19.0	127.0	-53.0	-2.0	-12.0	13.0	27.0	-36.0	51.23
18	-29.0	45.0	56.0	73.0	9.0	-8.0	-6.0	11.0	40.88
19	-118.0	41.0	10.0	53.0	5.0	1.0	-2.0	15.0	47.32
20	47.0	4.0	10.0	-102.0	-18.0	3.0	-7.0	11.0	45.75
21	40.0	-113.0	-41.0	13.0	-11.0	-5.0	78.0	4.0	39.28
22	-87.0	-84.0	-35.0	-25.0	1.0	2.0	-30.0	45.0	44.59
23	55.0	-16.0	-13.0	62.0	6.0	-1.0	-81.0	-26.0	36.28
24	118.0	121.0	68.0	-3.0	-12.0	4.0	1.0	-25.0	41.9
25	10.0	-89.0	-2.0	3.0	6.0	-28.0	-5.0	-24.0	36.16
26	48.0	86.0	54.0	-6.0	8.0	-1.0	31.0	-20.0	36.72
27	127.0	81.0	25.0	-31.0	-5.0	-43.0	-27.0	67.0	36.28
28	111.0	127.0	70.0	-58.0	-10.0	-7.0	-49.0	1.0	36.72
29	75.0	11.0	-23.0	2.0	-4.0	19.0	-4.0	-35.0	37.96
30	-2.0	-31.0	-128.0	57.0	-11.0	-14.0	-9.0	11.0	45.75
31	40.0	-53.0	49.0	11.0	28.0	-6.0	-2.0	28.0	47.32
32	-74.0	118.0	2.0	-10.0	7.0	-18.0	13.0	-12.0	69.35
33	-58.0	79.0	33.0	15.0	18.0	11.0	-9.0	105.0	80.46
34	23.0	43.0	-98.0	32.0	-21.0	2.0	24.0	53.0	84.98
35	79.0	-125.0	-76.0	-71.0	3.0	-7.0	-33.0	9.0	87.32
36	-100.0	-6.0	1.0	12.0	-3.0	-8.0	-42.0	-13.0	92.47
37	127.0	127.0	25.0	33.0	-3.0	-14.0	-5.0	22.0	90.45
38	127.0	27.0	43.0	79.0	6.0	15.0	-13.0	13.0	97.97
39	5.0	-70.0	-19.0	-1.0	-5.0	-25.0	-4.0	-4.0	103.28
40	-3.0	14.0	-56.0	-15.0	22.0	-7.0	7.0	16.0	111.2
41	102.0	81.0	87.0	-6.0	-30.0	-23.0	-16.0	-28.0	114.86
42	113.0	-62.0	-38.0	-1.0	-23.0	4.0	-9.0	34.0	128.53
43	34.0	-83.0	-71.0	-90.0	6.0	0.0	-16.0	-42.0	128.53
44	55.0	8.0	-128.0	1.0	24.0	4.0	-22.0	-69.0	128.89
45	-34.0	4.0	105.0	-49.0	-2.0	6.0	6.0	-53.0	128.49
46	105.0	-21.0	-107.0	11.0	-8.0	-5.0	-1.0	-15.0	120.16
47	-35.0	3.0	10.0	-94.0	32.0	-1.0	-4.0	22.0	124.23
48	8.0	-106.0	-38.0	-31.0	5.0	-5.0	11.0	-8.0	123.66
49	-128.0	78.0	61.0	-48.0	-2.0	-12.0	22.0	-3.0	127.42
50	127.0	111.0	-24.0	46.0	5.0	28.0	3.0	-21.0	114.86
51	127.0	61.0	-40.0	6.0	-9.0	22.0	-24.0	-15.0	111.24
52	-90.0	-89.0	-128.0	-24.0	0.0	-49.0	-30.0	1.0	111.55
53	-4.0	24.0	-114.0	-44.0	-38.0	-1.0	4.0	42.0	113.62
54	99.0	-18.0	-18.0	65.0	8.0	-3.0	-27.0	16.0	115.96
55	-122.0	-55.0	127.0	54.0	-1.0	10.0	5.0	-57.0	120.16
56	12.0	-99.0	-3.0	-33.0	2.0	-2.0	-41.0	-21.0	123.66
57	-110.0	-25.0	3.0	-122.0	-19.0	-8.0	14.0	-11.0	113.44
58	71.0	106.0	-68.0	50.0	3.0	19.0	30.0	-69.0	126.19
59	-56.0	11.0	-17.0	-16.0	-4.0	17.0	-18.0	25.0	132.0
60	12.0	-128.0	-13.0	27.0	-18.0	-31.0	8.0	-44.0	132.0
61	-33.0	47.0	17.0	-36.0	20.0	-6.0	-50.0	23.0	130.85
62	-61.0	-26.0	79.0	20.0	-31.0	13.0	-1.0	49.0	132.05
63	87.0	-128.0	-12.0	46.0	17.0	5.0	11.0	40.0	128.49
64	-128.0	-87.0	-19.0	-11.0	-25.0	-3.0	-5.0	43.0	127.42
65	-89.0	21.0	1.0	-80.0	-1.0	30.0	13.0	2.0	128.32
66	-12.0	-36.0	-72.0	-23.0	-3.0	0.0	2.0	-88.0	112.25
67	-83.0	25.0	-81.0	-14.0	-3.0	3.0	5.0	81.0	113.44
68	-128.0	4.0	18.0	97.0	-37.0	7.0	28.0	-27.0	111.2
69	36.0	127.0	25.0	-1.0	-3.0	1.0	-2.0	-1.0	99.85
70	53.0	-34.0	-85.0	-42.0	12.0	-11.0	14.0	-4.0	97.97
71	-80.0	13.0	-25.0	-56.0	2.0	37.0	-12.0	-19.0	109.18
72	-62.0	-89.0	120.0	5.0	15.0	-24.0	12.0	26.0	96.46
73	47.0	72.0	3.0	13.0	10.0	-5.0	-1.0	-42.0	112.25
74	-50.0	-119.0	-4.0	-39.0	2.0	-11.0	-17.0	8.0	96.46
75	-128.0	-35.0	21.0	-30.0	-19.0	14.0	-11.0	87.0	92.47
76	8.0	104.0	-98.0	-43.0	1.0	-5.0	6.0	2.0	81.37
77	108.0	-121.0	-83.0	14.0	3.0	-7.0	-3.0	7.0	77.08
78	16.0	27.0	-98.0	-42.0	2.0	-4.0	16.0	-41.0	63.68
79	-2.0	28.0	49.0	-40.0	11.0	4.0	-1.0	-63.0	77.58
80	-49.0	24.0	-89.0	2.0	-14.0	4.0	1.0	-1.0	77.58
81	-93.0	-128.0	39.0	-59.0	-3.0	-13.0	1.0	42.0	82.41
82	-63.0	-11.0	-22.0	17.0	-27.0	7.0	-1.0	55.0	76.14
83	-102.0	-45.0	30.0	-11.0	-5.0	-6.0	-100.0	58.0	81.37
84	94.0	-104.0	-53.0	-25.0	-41.0	19.0	45.0	-32.0	66.79
85	71.0	-38.0	-17.0	55.0	6.0	-7.0	27.0	-1.0	66.68
86	-41.0	-56.0	86.0	100.0	9.0	-4.0	9.0	-50.0	70.95
