0	57.0	104.0	-76.0	-20.0	-21.0	-8.0	84.0	36.0	136.16
1	127.0	-104.0	43.0	127.0	-5.0	40.0	-3.0	-40.0	134.81
2	-18.0	-128.0	-63.0	85.0	-4.0	1.0	-15.0	-21.0	137.72
3	-72.0	-119.0	60.0	2.0	-12.0	-12.0	62.0	-14.0	135.59
4	-128.0	-30.0	106.0	-23.0	4.0	-2.0	9.0	12.0	137.72
5	-85.0	127.0	-50.0	-5.0	15.0	24.0	2.0	-32.0	135.59
6	-65.0	37.0	65.0	-9.0	-2.0	-21.0	17.0	-19.0	132.67
7	49.0	-14.0	-58.0	4.0	-14.0	1.0	14.0	97.0	122.14
8	127.0	-20.0	124.0	23.0	-10.0	-15.0	13.0	5.0	120.46
9	-1.0	126.0	51.0	-8.0	1.0	18.0	-5.0	-76.0	123.44
10	79.0	-6.0	29.0	-12.0	4.0	5.0	-23.0	6.0	134.81
11	-128.0	-128.0	-116.0	-13.0	14.0	6.0	-8.0	-42.0	132.3
12	-56.0	-84.0	-31.0	8.0	1.0	-14.0	6.0	9.0	129.07
13	-16.0	-24.0	33.0	-7.0	0.0	25.0	-69.0	116.0	119.3
14	-49.0	16.0	-105.0	-23.0	0.0	20.0	-27.0	48.0	113.43
15	-68.0	-93.0	17.0	-52.0	-5.0	-3.0	-11.0	-4.0	101.86
16	127.0	-71.0	-70.0	40.0	-22.0	25.0	71.0	30.0	101.15
17	125.0	-71.0	-15.0	-41.0	24.0	8.0	62.0	43.0	100.09
18	-21.0	97.0	-76.0	-35.0	-52.0	-16.0	9.0	17.0	101.15
19	-128.0	-8.0	108.0	0.0	-5.0	-11.0	5.0	-6.0	93.74
20	84.0	-3.0	-128.0	-6.0	-11.0	-7.0	25.0	-42.0	77.44
21	40.0	66.0	1.0	7.0	2.0	-2.0	-55.0	-80.0	71.94
22	23.0	86.0	7.0	-22.0	2.0	20.0	29.0	4.0	95.26
23	-35.0	53.0	13.0	127.0	-17.0	-16.0	-8.0	43.0	95.26
24	61.0	-81.0	-29.0	19.0	5.0	-24.0	10.0	-86.0	68.6
25	94.0	-71.0	-86.0	-9.0	2.0	4.0	1.0	4.0	95.22
26	123.0	88.0	-6.0	3.0	-4.0	6.0	-40.0	-70.0	78.37
27	-49.0	35.0	4.0	8.0	29.0	-14.0	-22.0	99.0	77.74
28	-81.0	1.0	29.0	24.0	-38.0	-14.0	10.0	-19.0	77.74
29	18.0	127.0	32.0	33.0	36.0	3.0	6.0	-74.0	86.0
30	122.0	-60.0	-19.0	2.0	12.0	-32.0	34.0	4.0	69.27
31	127.0	-79.0	102.0	34.0	-7.0	-11.0	-18.0	-128.0	78.37
32	-111.0	-79.0	-88.0	-29.0	13.0	33.0	37.0	68.0	86.0
33	20.0	-60.0	-20.0	-41.0	13.0	12.0	1.0	22.0	95.64
34	84.0	-9.0	19.0	-66.0	6.0	-4.0	-8.0	-12.0	66.11
35	4.0	-68.0	-47.0	-10.0	-3.0	-3.0	26.0	-4.0	71.94
36	-55.0	105.0	-68.0	-90.0	0.0	-6.0	-9.0	-2.0	65.81
37	59.0	-107.0	20.0	20.0	2.0	4.0	7.0	48.0	63.44
38	22.0	9.0	24.0	-128.0	-7.0	-2.0	-78.0	-23.0	63.77
39	-37.0	-93.0	66.0	-13.0	5.0	-13.0	-16.0	-46.0	62.82
40	-1.0	-128.0	65.0	-44.0	-13.0	6.0	-25.0	38.0	62.28
41	26.0	112.0	-31.0	16.0	-1.0	-31.0	-9.0	29.0	47.63
42	-101.0	68.0	53.0	4.0	47.0	-14.0	-11.0	6.0	58.82
43	-52.0	8.0	-55.0	-51.0	-11.0	-17.0	-7.0	-61.0	50.9
44	26.0	37.0	11.0	13.0	-8.0	2.0	7.0	-21.0	62.14
45	3.0	47.0	-68.0	-101.0	6.0	-12.0	1.0	-4.0	58.49
46	61.0	115.0	127.0	23.0	-10.0	-8.0	-43.0	37.0	47.53
47	35.0	-82.0	-72.0	-26.0	-1.0	-46.0	35.0	-44.0	47.53
48	-122.0	-73.0	-36.0	111.0	-6.0	-4.0	-9.0	58.0	58.82
49	21.0	118.0	19.0	-1.0	0.0	12.0	-2.0	33.0	62.28
50	-53.0	-12.0	-70.0	-8.0	6.0	25.0	-18.0	-29.0	50.9
51	-106.0	105.0	45.0	127.0	-16.0	6.0	20.0	-20.0	58.88
52	-12.0	-1.0	-22.0	-94.0	5.0	12.0	38.0	-15.0	65.14
53	-12.0	-31.0	81.0	-9.0	-2.0	-5.0	-18.0	-78.0	63.44
54	-51.0	-86.0	14.0	32.0	8.0	-7.0	-24.0	103.0	47.63
55	127.0	-59.0	-32.0	17.0	-8.0	26.0	51.0	5.0	47.14
56	-104.0	127.0	15.0	2.0	-8.0	-46.0	19.0	25.0	62.14
57	96.0	127.0	19.0	-25.0	16.0	-5.0	18.0	87.0	64.25
58	112.0	-127.0	6.0	68.0	-2.0	7.0	17.0	2.0	64.25
59	-88.0	-34.0	106.0	-86.0	-3.0	-7.0	-34.0	-43.0	64.82
60	-56.0	-128.0	-96.0	-3.0	11.0	15.0	-8.0	-29.0	74.41
61	-122.0	-43.0	14.0	20.0	-11.0	-13.0	-25.0	-51.0	100.09
62	-86.0	35.0	-120.0	18.0	-7.0	5.0	-9.0	1.0	101.32
63	43.0	-76.0	45.0	-19.0	-24.0	-30.0	16.0	-64.0	101.32
64	49.0	-3.0	-91.0	45.0	6.0	-3.0	-9.0	103.0	112.21
65	127.0	-81.0	-33.0	-16.0	4.0	4.0	-9.0	27.0	101.3
66	127.0	-25.0	-55.0	4.0	6.0	-9.0	12.0	-16.0	101.79
67	-128.0	81.0	-11.0	-37.0	-13.0	-12.0	-21.0	-6.0	102.41
68	127.0	53.0	72.0	87.0	1.0	6.0	-9.0	-44.0	111.16
69	-88.0	-122.0	-109.0	-10.0	-2.0	-13.0	-20.0	32.0	109.34
70	-95.0	107.0	-10.0	-28.0	-24.0	11.0	-1.0	55.0	116.83
71	-116.0	-90.0	-8.0	23.0	-7.0	-4.0	13.0	5.0	107.6
72	-100.0	11.0	83.0	-30.0	-9.0	-5.0	-54.0	8.0	112.21
73	127.0	-44.0	-47.0	-36.0	-9.0	37.0	25.0	4.0	109.34
74	-110.0	-37.0	-19.0	-8.0	6.0	16.0	10.0	-4.0	101.79
75	43.0	-8.0	127.0	88.0	-35.0	-5.0	14.0	-43.0	113.43
76	-19.0	39.0	78.0	127.0	5.0	2.0	17.0	-13.0	117.77
77	-61.0	95.0	-46.0	4.0	-8.0	-2.0	-9.0	61.0	120.46
78	120.0	56.0	17.0	-48.0	5.0	1.0	-2.0	31.0	119.3
79	-128.0	-111.0	-116.0	-2.0	-52.0	-48.0	-10.0	22.0	134.69
80	-24.0	39.0	127.0	3.0	15.0	9.0	11.0	-16.0	127.71
81	-4.0	127.0	-128.0	2.0	25.0	-2.0	-59.0	36.0	127.71
82	38.0	-58.0	127.0	-41.0	0.0	2.0	12.0	10.0	131.57
83	-106.0	-118.0	88.0	3.0	8.0	9.0	-16.0	-48.0	127.85
84	86.0	36.0	66.0	79.0	-10.0	-5.0	63.0	-84.0	131.57
85	-96.0	38.0	-84.0	-23.0	-19.0	4.0	-9.0	19.0	132.3
86	88.0	95.0	-9.0	121.0	-12.0	-35.0	-36.0	-74.0	136.52
87	121.0	-17.0	-35.0	95.0	43.0	7.0	0.0	27.0	137.19
