0	126.0	-76.0	-106.0	-63.0	8.0	17.0	69.0	-45.0	145.52
1	112.0	-128.0	87.0	36.0	-21.0	-6.0	-40.0	-5.0	130.04
2	8.0	-17.0	47.0	-114.0	-7.0	8.0	95.0	9.0	120.89
3	42.0	15.0	-62.0	-44.0	35.0	4.0	-22.0	-39.0	100.66
4	116.0	-128.0	120.0	-68.0	8.0	-12.0	10.0	3.0	102.39
5	48.0	24.0	-29.0	-2.0	4.0	-7.0	9.0	42.0	99.63
6	-128.0	6.0	13.0	-15.0	4.0	17.0	-50.0	-30.0	108.47
7	127.0	76.0	70.0	-53.0	-47.0	12.0	15.0	-32.0	99.44
8	50.0	-36.0	-47.0	21.0	4.0	90.0	31.0	65.0	98.97
9	58.0	-28.0	-107.0	80.0	3.0	15.0	11.0	-47.0	70.11
10	-42.0	90.0	22.0	5.0	1.0	-50.0	-128.0	-56.0	67.98
11	127.0	-128.0	-104.0	-17.0	55.0	-10.0	22.0	33.0	57.43
12	127.0	106.0	-8.0	-34.0	-74.0	12.0	-34.0	-12.0	58.46
13	67.0	97.0	-25.0	-47.0	-3.0	18.0	-16.0	-37.0	55.78
14	-15.0	88.0	-4.0	14.0	34.0	-11.0	-15.0	90.0	63.61
15	14.0	-77.0	-128.0	-34.0	-9.0	-10.0	-38.0	2.0	68.93
16	-126.0	104.0	112.0	2.0	15.0	11.0	-123.0	90.0	58.12
17	12.0	63.0	-2.0	49.0	14.0	37.0	-69.0	-26.0	60.09
18	-77.0	4.0	1.0	49.0	-6.0	-79.0	-60.0	-52.0	58.0
19	54.0	-94.0	13.0	127.0	-9.0	-28.0	30.0	-25.0	58.12
20	86.0	-13.0	-14.0	13.0	-36.0	-9.0	50.0	-120.0	57.43
21	-56.0	89.0	-128.0	25.0	13.0	32.0	-32.0	94.0	60.09
22	-73.0	-64.0	-128.0	106.0	-89.0	-4.0	44.0	40.0	70.11
23	-47.0	60.0	76.0	-74.0	2.0	6.0	-14.0	34.0	94.07
24	-102.0	-64.0	62.0	8.0	-10.0	-11.0	-14.0	20.0	95.87
25	-118.0	127.0	0.0	-20.0	-13.0	-4.0	-81.0	-52.0	64.55
26	-127.0	3.0	-5.0	-19.0	31.0	17.0	76.0	7.0	71.14
27	0.0	-76.0	-35.0	3.0	-14.0	-7.0	-1.0	12.0	68.93
28	43.0	-107.0	19.0	-2.0	-5.0	-74.0	27.0	75.0	72.28
29	48.0	33.0	-9.0	91.0	-13.0	0.0	-123.0	-47.0	95.87
30	127.0	-91.0	16.0	-11.0	17.0	4.0	54.0	-14.0	93.48
31	-91.0	-119.0	118.0	43.0	3.0	2.0	-78.0	-17.0	97.18
32	-48.0	23.0	-104.0	-12.0	-50.0	-42.0	-4.0	-12.0	98.0
33	36.0	-84.0	103.0	10.0	17.0	84.0	-5.0	-15.0	96.97
34	-128.0	25.0	-128.0	15.0	-9.0	-87.0	2.0	-3.0	93.48
35	-100.0	-108.0	-11.0	-19.0	-59.0	-12.0	3.0	70.0	99.44
36	67.0	-70.0	14.0	-109.0	-15.0	17.0	1.0	51.0	72.28
37	-96.0	-50.0	-87.0	27.0	-27.0	32.0	-53.0	-27.0	98.0
38	-33.0	11.0	7.0	-45.0	7.0	8.0	-40.0	8.0	99.76
39	17.0	122.0	122.0	-21.0	-22.0	0.0	-22.0	26.0	104.39
40	127.0	-128.0	58.0	62.0	-13.0	3.0	-49.0	4.0	106.94
41	-128.0	38.0	-109.0	-13.0	-4.0	-29.0	18.0	20.0	120.6
42	-74.0	-88.0	20.0	47.0	4.0	2.0	122.0	-2.0	120.89
43	119.0	90.0	-128.0	14.0	40.0	-6.0	-52.0	23.0	129.46
44	-107.0	40.0	127.0	-13.0	23.0	65.0	-20.0	-37.0	124.26
45	-51.0	-128.0	-76.0	102.0	-11.0	7.0	-35.0	-28.0	128.41
46	96.0	52.0	-65.0	-24.0	20.0	20.0	-3.0	-18.0	124.09
47	-56.0	-37.0	12.0	28.0	4.0	-53.0	-29.0	-2.0	110.42
48	-89.0	-19.0	-25.0	-1.0	-9.0	7.0	-95.0	18.0	117.63
49	-23.0	-27.0	61.0	70.0	-7.0	-13.0	48.0	22.0	124.09
50	-19.0	-50.0	-33.0	-32.0	10.0	-3.0	-43.0	-75.0	116.33
51	-63.0	127.0	95.0	-128.0	0.0	38.0	-17.0	-2.0	99.76
52	127.0	-68.0	-18.0	9.0	32.0	-12.0	-24.0	26.0	106.94
53	11.0	127.0	33.0	19.0	-2.0	-4.0	89.0	52.0	116.33
54	-74.0	58.0	33.0	-128.0	-30.0	-31.0	-7.0	9.0	105.56
55	-128.0	-62.0	-53.0	3.0	4.0	7.0	-14.0	-17.0	108.47
56	48.0	108.0	-6.0	17.0	-6.0	7.0	2.0	21.0	114.69
57	42.0	-16.0	-128.0	-19.0	24.0	-13.0	-10.0	37.0	128.55
58	82.0	59.0	-34.0	-27.0	-6.0	30.0	-67.0	40.0	136.48
59	-128.0	-13.0	18.0	105.0	15.0	13.0	-106.0	4.0	145.58
60	127.0	0.0	-19.0	-46.0	3.0	-8.0	-37.0	-35.0	143.8
61	-104.0	62.0	-29.0	18.0	31.0	8.0	49.0	-3.0	144.85
62	32.0	-31.0	36.0	13.0	-3.0	-9.0	-57.0	28.0	142.67
63	0.0	-6.0	16.0	-25.0	4.0	24.0	-24.0	61.0	133.55
64	113.0	26.0	37.0	-128.0	4.0	0.0	-6.0	-99.0	140.48
65	-112.0	-69.0	80.0	10.0	-9.0	-29.0	-34.0	-20.0	122.74
66	-95.0	-76.0	10.0	9.0	2.0	-33.0	-27.0	0.0	124.26
67	-12.0	27.0	23.0	80.0	-17.0	-35.0	79.0	24.0	139.48
68	20.0	-1.0	72.0	-13.0	29.0	49.0	-6.0	32.0	138.5
69	-45.0	-118.0	45.0	16.0	10.0	-33.0	-27.0	-17.0	142.67
70	61.0	-42.0	5.0	91.0	1.0	5.0	-23.0	4.0	135.16
71	32.0	103.0	-128.0	3.0	-29.0	-10.0	37.0	26.0	142.26
72	-35.0	6.0	104.0	-24.0	-18.0	22.0	0.0	65.0	135.16
73	39.0	66.0	19.0	-7.0	18.0	-28.0	10.0	-21.0	129.6
74	2.0	17.0	-25.0	-114.0	0.0	-13.0	35.0	16.0	129.6
75	112.0	113.0	-112.0	75.0	35.0	35.0	-67.0	58.0	131.19
76	0.0	40.0	-4.0	7.0	-13.0	26.0	-69.0	-23.0	130.04
77	112.0	126.0	-18.0	1.0	-5.0	2.0	37.0	33.0	131.92
78	14.0	-50.0	107.0	-117.0	-14.0	96.0	8.0	-9.0	133.55
79	-128.0	-128.0	19.0	-46.0	9.0	-11.0	64.0	-60.0	142.26
80	127.0	-128.0	62.0	-106.0	1.0	-58.0	-24.0	93.0	145.69
81	-56.0	127.0	-119.0	113.0	23.0	32.0	26.0	-17.0	145.58
82	63.0	-46.0	-107.0	11.0	4.0	-36.0	-22.0	-5.0	138.5
83	127.0	-46.0	79.0	-116.0	-10.0	-11.0	-30.0	7.0	133.56
84	-25.0	127.0	67.0	-11.0	0.0	-33.0	51.0	127.0	144.98
85	-10.0	-55.0	-107.0	-21.0	8.0	-2.0	27.0	-33.0	144.98
