0	-1.0	-56.0	-21.0	32.0	19.0	-15.0	20.0	13.0	132.15
1	2.0	-83.0	90.0	-10.0	-9.0	-12.0	-70.0	-15.0	132.06
2	-94.0	123.0	-34.0	-15.0	-5.0	-65.0	-17.0	25.0	128.93
3	40.0	-48.0	93.0	-13.0	-12.0	7.0	-78.0	-38.0	105.92
4	-78.0	-13.0	-61.0	-107.0	9.0	12.0	56.0	-9.0	117.86
5	79.0	-49.0	-12.0	42.0	10.0	-12.0	49.0	-38.0	119.94
6	57.0	-82.0	-5.0	-95.0	-37.0	78.0	-92.0	-2.0	122.77
7	22.0	26.0	31.0	-37.0	12.0	21.0	-27.0	-13.0	126.3
8	-17.0	-70.0	-17.0	36.0	-17.0	-17.0	65.0	-11.0	125.63
9	-106.0	3.0	-24.0	-32.0	11.0	2.0	127.0	14.0	125.7
10	84.0	-120.0	-102.0	69.0	-32.0	28.0	28.0	-23.0	131.49
11	-104.0	-128.0	92.0	86.0	27.0	-4.0	-99.0	-53.0	129.12
12	-98.0	-29.0	-8.0	-2.0	21.0	-22.0	-128.0	48.0	131.49
13	42.0	47.0	-20.0	-8.0	22.0	-7.0	-23.0	-110.0	116.73
14	15.0	-89.0	20.0	28.0	-43.0	8.0	-55.0	-116.0	110.9
15	-128.0	-75.0	-29.0	-23.0	1.0	4.0	-3.0	23.0	125.7
16	-123.0	111.0	11.0	26.0	-43.0	6.0	-12.0	41.0	122.55
17	63.0	-28.0	-119.0	-115.0	5.0	58.0	105.0	7.0	129.12
18	-125.0	-14.0	62.0	-5.0	-4.0	-2.0	51.0	-29.0	115.82
19	-9.0	-71.0	-6.0	14.0	-22.0	21.0	-46.0	48.0	107.64
20	22.0	-57.0	4.0	36.0	-46.0	8.0	122.0	60.0	112.52
21	127.0	-66.0	-4.0	6.0	2.0	12.0	-37.0	-20.0	116.73
22	75.0	-49.0	-15.0	-14.0	25.0	31.0	45.0	-9.0	112.52
23	-46.0	43.0	47.0	-9.0	-13.0	89.0	-124.0	-9.0	108.99
24	127.0	-59.0	-20.0	17.0	9.0	22.0	-128.0	64.0	104.77
25	8.0	16.0	73.0	30.0	-8.0	-67.0	-15.0	-25.0	99.0
26	-42.0	53.0	-128.0	-47.0	-3.0	-67.0	104.0	14.0	98.85
27	30.0	79.0	37.0	-69.0	0.0	-43.0	-16.0	54.0	98.14
28	92.0	16.0	-3.0	-20.0	-16.0	-46.0	24.0	29.0	96.26
29	37.0	68.0	5.0	-15.0	10.0	-6.0	-31.0	12.0	96.26
30	110.0	-11.0	-21.0	0.0	32.0	-25.0	-18.0	13.0	93.97
31	-48.0	-45.0	-118.0	-6.0	24.0	30.0	40.0	110.0	94.82
32	127.0	6.0	-57.0	-41.0	-16.0	4.0	11.0	33.0	95.51
33	112.0	46.0	16.0	13.0	-16.0	40.0	-21.0	-128.0	90.65
34	-2.0	9.0	8.0	31.0	-13.0	-41.0	-79.0	40.0	55.79
35	105.0	-34.0	7.0	48.0	2.0	26.0	-101.0	76.0	52.82
36	-52.0	7.0	-19.0	-1.0	-4.0	-12.0	-58.0	48.0	49.88
37	93.0	-8.0	-20.0	-16.0	11.0	-13.0	-38.0	-46.0	63.85
38	114.0	119.0	24.0	-76.0	-26.0	-33.0	-62.0	27.0	90.65
39	-19.0	64.0	31.0	-5.0	15.0	85.0	127.0	-51.0	91.56
40	-51.0	53.0	-56.0	6.0	7.0	7.0	-19.0	30.0	89.92
41	-128.0	111.0	15.0	-5.0	-8.0	-47.0	102.0	75.0	89.22
42	-76.0	-14.0	1.0	14.0	-14.0	6.0	-105.0	64.0	93.97
43	127.0	-27.0	-34.0	-12.0	-14.0	17.0	36.0	34.0	89.69
44	113.0	19.0	39.0	1.0	-7.0	-12.0	-14.0	0.0	64.37
45	39.0	-82.0	-9.0	7.0	-8.0	20.0	41.0	6.0	64.76
46	62.0	113.0	89.0	-18.0	42.0	16.0	-128.0	111.0	64.98
47	-90.0	100.0	42.0	-25.0	9.0	6.0	-39.0	28.0	53.44
48	61.0	-42.0	-65.0	6.0	-24.0	17.0	-63.0	-65.0	53.87
49	-106.0	-51.0	-50.0	29.0	29.0	12.0	33.0	26.0	51.38
50	50.0	127.0	-23.0	-47.0	-43.0	13.0	-21.0	1.0	55.79
51	-16.0	2.0	-57.0	-16.0	7.0	-44.0	1.0	-11.0	52.82
52	51.0	59.0	121.0	-42.0	-17.0	-12.0	77.0	28.0	48.87
53	-93.0	7.0	-19.0	-18.0	-35.0	27.0	115.0	0.0	48.81
54	113.0	-102.0	-19.0	23.0	-27.0	3.0	-10.0	-6.0	48.44
55	73.0	-71.0	122.0	15.0	-16.0	20.0	-24.0	-100.0	48.81
56	-128.0	-1.0	-62.0	-8.0	-14.0	5.0	-51.0	-15.0	51.38
57	-109.0	-34.0	-44.0	5.0	-6.0	38.0	103.0	42.0	62.99
58	82.0	53.0	-9.0	-16.0	6.0	-17.0	45.0	-41.0	89.92
59	47.0	-24.0	22.0	9.0	-8.0	9.0	75.0	2.0	64.98
60	-107.0	80.0	83.0	14.0	-32.0	-17.0	-24.0	-44.0	89.1
61	-113.0	63.0	-10.0	21.0	13.0	-5.0	-95.0	8.0	61.41
62	-25.0	29.0	-42.0	-15.0	29.0	-25.0	-48.0	-37.0	61.41
63	76.0	8.0	-62.0	-60.0	-9.0	-60.0	-109.0	-11.0	60.39
64	62.0	-101.0	-63.0	9.0	-3.0	-41.0	-66.0	7.0	89.1
65	-115.0	100.0	53.0	-87.0	26.0	-17.0	25.0	92.0	89.86
66	86.0	-28.0	60.0	35.0	-43.0	33.0	-21.0	20.0	95.91
67	46.0	-128.0	-10.0	53.0	-11.0	13.0	3.0	51.0	97.16
68	-116.0	29.0	-61.0	-39.0	-31.0	-8.0	-73.0	-28.0	98.14
69	16.0	81.0	6.0	2.0	7.0	-22.0	78.0	10.0	98.42
70	-128.0	64.0	11.0	-37.0	-6.0	-78.0	113.0	-4.0	99.0
71	-81.0	94.0	14.0	3.0	27.0	-31.0	-97.0	23.0	101.15
72	64.0	114.0	-30.0	-28.0	31.0	-19.0	-70.0	-42.0	108.99
73	90.0	-125.0	-17.0	-27.0	10.0	1.0	-87.0	-98.0	104.77
74	15.0	-41.0	-128.0	12.0	24.0	-112.0	122.0	8.0	115.66
75	-40.0	69.0	87.0	8.0	9.0	-36.0	-3.0	68.0	125.63
76	16.0	-128.0	34.0	-73.0	-15.0	1.0	36.0	48.0	115.66
77	-101.0	-41.0	-62.0	24.0	-21.0	59.0	127.0	29.0	119.85
78	127.0	-76.0	-65.0	-10.0	-24.0	21.0	82.0	-23.0	114.0
79	127.0	103.0	89.0	-48.0	10.0	6.0	-12.0	32.0	130.21
80	-92.0	105.0	-24.0	107.0	-12.0	8.0	76.0	25.0	132.58
81	96.0	75.0	30.0	-5.0	-3.0	-18.0	-40.0	95.0	133.45
82	72.0	32.0	4.0	-19.0	-8.0	7.0	-81.0	-22.0	133.45
