0	127.0	127.0	-1.0	-20.0	-3.0	1.0	4.0	13.0	119.0
1	86.0	84.0	41.0	0.0	-14.0	12.0	-1.0	70.0	117.96
2	115.0	-93.0	-27.0	-29.0	-8.0	-7.0	8.0	4.0	109.93
3	-128.0	26.0	-1.0	-18.0	2.0	2.0	-12.0	-11.0	102.5
4	71.0	-82.0	-84.0	-75.0	6.0	5.0	1.0	-3.0	103.95
5	-12.0	-78.0	127.0	-10.0	-12.0	4.0	-5.0	7.0	94.42
6	80.0	-128.0	127.0	-53.0	3.0	15.0	12.0	-14.0	103.95
7	123.0	-15.0	-63.0	57.0	-2.0	-12.0	-8.0	-95.0	87.15
8	127.0	-31.0	27.0	-3.0	-3.0	1.0	-2.0	42.0	83.36
9	73.0	73.0	-53.0	34.0	-4.0	-7.0	-8.0	22.0	81.96
10	14.0	18.0	-82.0	127.0	2.0	-2.0	11.0	29.0	76.76
11	-104.0	127.0	-31.0	52.0	-4.0	9.0	-14.0	-13.0	79.04
12	-32.0	-128.0	-3.0	-12.0	-15.0	5.0	0.0	-24.0	67.85
13	1.0	-128.0	-11.0	-10.0	14.0	1.0	4.0	-59.0	68.21
14	29.0	127.0	-37.0	26.0	5.0	13.0	-37.0	-10.0	63.17
15	49.0	127.0	-67.0	16.0	0.0	3.0	18.0	-8.0	62.17
16	18.0	-98.0	20.0	-7.0	15.0	-16.0	-7.0	-6.0	49.7
17	80.0	117.0	-9.0	-25.0	3.0	1.0	9.0	33.0	51.34
18	52.0	46.0	93.0	4.0	13.0	1.0	-6.0	-38.0	51.25
19	127.0	77.0	-31.0	-25.0	2.0	-4.0	9.0	-20.0	47.35
20	59.0	-99.0	108.0	7.0	-8.0	4.0	10.0	69.0	68.91
21	99.0	94.0	86.0	75.0	-1.0	-3.0	-3.0	14.0	71.62
22	-23.0	127.0	-37.0	-6.0	8.0	-3.0	-6.0	6.0	65.0
23	-88.0	-51.0	127.0	-72.0	-1.0	19.0	3.0	6.0	53.09
24	3.0	-127.0	13.0	127.0	1.0	11.0	2.0	36.0	53.09
25	-128.0	-99.0	26.0	-13.0	1.0	1.0	0.0	-29.0	46.68
26	-87.0	81.0	-65.0	22.0	-5.0	-7.0	-3.0	41.0	34.31
27	120.0	-26.0	-17.0	-92.0	8.0	14.0	-12.0	7.0	46.72
28	0.0	107.0	38.0	40.0	3.0	-17.0	0.0	-44.0	34.26
29	-128.0	118.0	-84.0	-10.0	-4.0	-8.0	11.0	-16.0	34.31
30	74.0	-41.0	-100.0	-34.0	-3.0	-4.0	-1.0	16.0	44.28
31	-96.0	-33.0	-94.0	16.0	-4.0	-4.0	1.0	-15.0	51.25
32	-45.0	44.0	127.0	29.0	10.0	-2.0	11.0	68.0	47.06
33	127.0	105.0	0.0	31.0	-7.0	13.0	7.0	-39.0	47.35
34	118.0	-62.0	-48.0	-51.0	-5.0	2.0	-21.0	9.0	48.16
35	-128.0	-86.0	-42.0	-76.0	3.0	-14.0	-14.0	-20.0	45.26
36	-94.0	-38.0	-117.0	98.0	17.0	-4.0	9.0	11.0	49.25
37	61.0	19.0	-86.0	20.0	2.0	-4.0	18.0	10.0	49.7
38	55.0	-71.0	-38.0	-30.0	9.0	24.0	11.0	16.0	46.68
39	-62.0	127.0	72.0	-30.0	-5.0	-12.0	-14.0	-39.0	34.28
40	-21.0	-128.0	-53.0	-56.0	19.0	-3.0	-1.0	-37.0	45.11
41	-80.0	-38.0	-128.0	-15.0	-6.0	-1.0	-13.0	96.0	45.26
42	-122.0	-30.0	-13.0	-35.0	-5.0	-3.0	-7.0	-44.0	55.6
43	120.0	-120.0	-92.0	42.0	6.0	4.0	2.0	-15.0	63.03
44	114.0	101.0	54.0	-128.0	-3.0	-8.0	8.0	-36.0	62.17
45	-128.0	-90.0	-27.0	-10.0	28.0	-1.0	5.0	-14.0	67.85
46	127.0	-1.0	69.0	-8.0	4.0	1.0	-6.0	-18.0	63.17
47	-119.0	116.0	10.0	40.0	-9.0	4.0	35.0	13.0	55.6
48	-72.0	102.0	-52.0	-8.0	-49.0	0.0	-4.0	-9.0	53.64
49	39.0	47.0	13.0	15.0	3.0	13.0	-8.0	-45.0	76.76
50	-16.0	-97.0	19.0	127.0	15.0	0.0	-4.0	-23.0	74.71
51	-54.0	-128.0	-23.0	-75.0	6.0	5.0	5.0	37.0	71.62
52	-59.0	41.0	-50.0	11.0	-1.0	12.0	3.0	-30.0	71.85
53	-94.0	-128.0	20.0	24.0	10.0	-53.0	1.0	-45.0	82.24
54	127.0	61.0	22.0	-79.0	5.0	-4.0	-4.0	22.0	74.71
55	127.0	-53.0	-37.0	89.0	3.0	3.0	-16.0	-18.0	81.96
56	-91.0	82.0	-43.0	-46.0	-5.0	3.0	16.0	-3.0	86.29
57	127.0	-54.0	19.0	127.0	1.0	-15.0	-21.0	44.0	91.38
58	-73.0	103.0	-41.0	-56.0	2.0	-1.0	-11.0	-38.0	88.89
59	-83.0	52.0	48.0	-45.0	3.0	-18.0	18.0	-13.0	91.57
60	19.0	19.0	25.0	110.0	-3.0	-8.0	2.0	41.0	107.63
61	-27.0	102.0	74.0	-84.0	-6.0	13.0	-5.0	-48.0	91.57
62	27.0	2.0	-96.0	29.0	-5.0	-14.0	-4.0	8.0	91.38
63	25.0	17.0	101.0	-60.0	8.0	4.0	-4.0	-17.0	100.37
64	-128.0	-22.0	9.0	7.0	-14.0	11.0	2.0	32.0	114.82
65	-12.0	4.0	8.0	-35.0	-2.0	16.0	11.0	-38.0	112.11
66	-87.0	-101.0	-76.0	-45.0	-4.0	9.0	-8.0	25.0	109.93
67	118.0	-85.0	101.0	-5.0	3.0	-4.0	-6.0	-12.0	115.03
68	-44.0	119.0	9.0	-93.0	7.0	-7.0	-28.0	-5.0	100.63
69	38.0	-1.0	87.0	-43.0	45.0	1.0	14.0	-19.0	96.88
70	6.0	-120.0	-46.0	10.0	-2.0	-1.0	13.0	7.0	96.88
71	127.0	127.0	29.0	12.0	4.0	45.0	-4.0	-32.0	102.5
72	37.0	-1.0	25.0	23.0	-6.0	-9.0	-20.0	-32.0	115.03
73	-64.0	59.0	47.0	-20.0	2.0	-8.0	7.0	19.0	119.0
74	57.0	-128.0	39.0	75.0	10.0	12.0	20.0	9.0	120.44
75	96.0	-128.0	-55.0	-38.0	-7.0	24.0	9.0	-51.0	122.58
76	-53.0	-108.0	-120.0	-42.0	-5.0	-3.0	-9.0	-8.0	121.48
77	-128.0	-128.0	-128.0	-19.0	2.0	1.0	2.0	41.0	127.03
78	-32.0	-128.0	-25.0	1.0	14.0	-4.0	-1.0	3.0	122.58
79	-69.0	-102.0	-24.0	21.0	-16.0	17.0	1.0	-21.0	127.88
80	19.0	-71.0	-90.0	-67.0	-15.0	-4.0	-4.0	-11.0	132.38
81	3.0	-42.0	-71.0	-112.0	4.0	-5.0	-5.0	1.0	133.94
82	-31.0	42.0	39.0	31.0	-4.0	-38.0	-5.0	31.0	127.88
83	-105.0	-26.0	-44.0	75.0	7.0	-2.0	10.0	-19.0	121.96
84	29.0	82.0	38.0	15.0	8.0	2.0	2.0	4.0	133.94
85	93.0	-50.0	-43.0	-30.0	-17.0	-7.0	-5.0	-8.0	120.99
86	35.0	92.0	67.0	3.0	11.0	14.0	-10.0	3.0	120.67
