0	-115.0	89.0	108.0	-10.0	-13.0	-11.0	9.0	28.0	81.41
1	127.0	-44.0	-67.0	3.0	-1.0	-14.0	-6.0	46.0	73.78
2	39.0	44.0	54.0	41.0	-1.0	2.0	-8.0	-29.0	87.81
3	23.0	37.0	27.0	-128.0	-4.0	1.0	1.0	89.0	67.33
4	86.0	-21.0	20.0	18.0	5.0	-1.0	3.0	-81.0	62.86
5	115.0	-84.0	37.0	-95.0	5.0	4.0	-10.0	29.0	49.8
6	-82.0	127.0	-34.0	-5.0	-8.0	20.0	-11.0	4.0	49.8
7	127.0	-26.0	115.0	-7.0	17.0	7.0	24.0	-47.0	75.82
8	-121.0	-14.0	-13.0	-1.0	-6.0	-8.0	23.0	8.0	59.72
9	96.0	6.0	8.0	8.0	7.0	1.0	15.0	34.0	49.8
10	38.0	-31.0	111.0	10.0	0.0	-1.0	24.0	-78.0	73.51
11	-62.0	-20.0	-87.0	6.0	-1.0	4.0	16.0	15.0	63.39
12	-1.0	15.0	15.0	112.0	0.0	-9.0	8.0	-54.0	46.9
13	-128.0	-61.0	42.0	-36.0	-10.0	-5.0	4.0	-15.0	63.42
14	-15.0	43.0	-39.0	-3.0	-5.0	2.0	0.0	-76.0	55.52
15	56.0	-28.0	-127.0	69.0	-11.0	-12.0	-9.0	-50.0	58.49
16	-107.0	-122.0	-7.0	-20.0	-3.0	-4.0	-17.0	-6.0	62.86
17	88.0	84.0	-69.0	87.0	2.0	0.0	-14.0	19.0	63.39
18	-118.0	-48.0	8.0	105.0	-4.0	7.0	1.0	25.0	46.74
19	-4.0	77.0	-15.0	-23.0	-2.0	2.0	-5.0	9.0	48.05
20	125.0	21.0	11.0	-5.0	19.0	24.0	1.0	24.0	46.63
21	-56.0	58.0	33.0	-12.0	-9.0	-11.0	10.0	34.0	46.59
22	127.0	-128.0	-2.0	-127.0	3.0	5.0	-6.0	-3.0	56.53
23	-32.0	-71.0	-9.0	-37.0	9.0	-5.0	8.0	13.0	59.72
24	123.0	55.0	25.0	19.0	-18.0	3.0	-6.0	30.0	46.74
25	76.0	-128.0	-28.0	-27.0	0.0	-1.0	9.0	-13.0	54.09
26	-95.0	81.0	20.0	1.0	0.0	-17.0	-8.0	27.0	73.51
27	25.0	36.0	-103.0	6.0	6.0	12.0	2.0	0.0	56.53
28	108.0	96.0	0.0	-25.0	-3.0	-10.0	3.0	-17.0	75.05
29	-104.0	60.0	-80.0	-18.0	1.0	26.0	-7.0	1.0	75.82
30	127.0	-121.0	27.0	2.0	12.0	0.0	-31.0	-7.0	77.41
31	-122.0	-27.0	60.0	34.0	-4.0	5.0	8.0	0.0	81.41
32	71.0	73.0	-9.0	-20.0	26.0	-7.0	3.0	35.0	76.5
33	56.0	-26.0	76.0	-3.0	26.0	-8.0	6.0	-21.0	79.41
34	-22.0	58.0	19.0	30.0	6.0	8.0	-22.0	-33.0	80.91
35	-52.0	0.0	-13.0	37.0	-2.0	19.0	14.0	20.0	76.5
36	-55.0	-48.0	80.0	20.0	-7.0	15.0	7.0	86.0	84.22
37	-41.0	51.0	-20.0	42.0	12.0	2.0	21.0	-2.0	85.87
38	25.0	-2.0	51.0	9.0	-7.0	6.0	11.0	0.0	88.86
39	127.0	-68.0	43.0	27.0	-22.0	5.0	-30.0	18.0	98.6
40	34.0	4.0	-39.0	-35.0	-1.0	7.0	8.0	8.0	100.25
41	66.0	-81.0	52.0	-38.0	15.0	-1.0	-13.0	-4.0	104.02
42	-76.0	-56.0	-92.0	-14.0	8.0	-5.0	10.0	-8.0	121.68
43	-128.0	-26.0	-66.0	-128.0	-14.0	-10.0	1.0	-6.0	105.36
44	-7.0	38.0	-12.0	13.0	9.0	9.0	-8.0	-30.0	121.82
45	-31.0	-56.0	-51.0	101.0	-1.0	-7.0	10.0	0.0	120.19
46	-102.0	93.0	-51.0	-11.0	-6.0	-14.0	-5.0	12.0	117.96
47	127.0	46.0	17.0	103.0	-4.0	12.0	-10.0	2.0	126.65
48	127.0	-60.0	-23.0	123.0	21.0	-10.0	-3.0	12.0	126.65
49	-128.0	98.0	-13.0	20.0	31.0	2.0	-9.0	26.0	118.32
50	69.0	-72.0	-41.0	5.0	-5.0	15.0	4.0	-20.0	124.13
51	-17.0	27.0	97.0	22.0	-2.0	-6.0	-11.0	-56.0	113.22
52	-10.0	-13.0	-122.0	59.0	15.0	-4.0	-2.0	-37.0	105.17
53	-86.0	17.0	27.0	-124.0	3.0	3.0	-4.0	-10.0	104.02
54	-116.0	-30.0	-6.0	23.0	-26.0	-20.0	-1.0	-38.0	96.48
55	3.0	41.0	1.0	1.0	-11.0	7.0	10.0	-17.0	110.88
56	21.0	-10.0	-48.0	-88.0	-13.0	-25.0	-2.0	8.0	118.32
57	21.0	9.0	-12.0	24.0	-9.0	3.0	5.0	10.0	113.22
58	27.0	-6.0	-10.0	13.0	-15.0	-4.0	1.0	-55.0	105.36
59	-88.0	112.0	54.0	-60.0	4.0	-3.0	-11.0	49.0	129.97
60	-30.0	-114.0	-38.0	19.0	24.0	-2.0	-33.0	88.0	121.82
61	-92.0	32.0	5.0	-5.0	6.0	-1.0	0.0	4.0	133.19
62	69.0	65.0	-4.0	4.0	31.0	22.0	1.0	48.0	125.4
63	-108.0	-128.0	-128.0	-30.0	3.0	-6.0	-9.0	-23.0	131.32
64	120.0	-128.0	-10.0	-80.0	-17.0	16.0	-2.0	-3.0	128.87
65	32.0	94.0	-51.0	-1.0	-14.0	-7.0	7.0	-13.0	136.97
66	58.0	-128.0	-74.0	-68.0	16.0	-21.0	15.0	0.0	137.38
67	-37.0	127.0	-80.0	31.0	-5.0	-4.0	-6.0	-2.0	137.47
68	72.0	-102.0	39.0	-115.0	-15.0	-9.0	0.0	17.0	137.38
69	-83.0	-126.0	41.0	12.0	-1.0	20.0	-2.0	12.0	137.22
70	73.0	-6.0	-6.0	12.0	-2.0	10.0	6.0	-7.0	135.93
71	-108.0	61.0	-10.0	-21.0	-8.0	0.0	-9.0	-30.0	134.98
72	-114.0	-106.0	109.0	-47.0	10.0	37.0	7.0	19.0	133.19
73	29.0	19.0	-50.0	18.0	15.0	4.0	22.0	-31.0	134.98
74	-76.0	67.0	-46.0	18.0	0.0	3.0	-8.0	-17.0	109.52
75	-81.0	57.0	36.0	32.0	3.0	11.0	2.0	-29.0	98.42
76	-128.0	5.0	5.0	-20.0	-12.0	0.0	11.0	63.0	96.48
77	16.0	29.0	-126.0	11.0	7.0	-7.0	1.0	7.0	93.04
78	-51.0	45.0	100.0	1.0	-8.0	-3.0	8.0	-76.0	93.18
79	-5.0	-95.0	30.0	63.0	8.0	19.0	-11.0	3.0	93.18
80	58.0	38.0	19.0	-17.0	5.0	-10.0	-7.0	-6.0	87.81
81	-18.0	-109.0	127.0	1.0	0.0	5.0	7.0	22.0	80.91
82	92.0	109.0	31.0	-22.0	0.0	-5.0	6.0	-19.0	66.92
83	20.0	20.0	-98.0	14.0	-3.0	11.0	1.0	-75.0	83.21
