0	104.0	35.0	-5.0	-90.0	22.0	-40.0	8.0	3.0	98.8
1	59.0	-15.0	-74.0	5.0	5.0	3.0	-8.0	-4.0	111.37
2	-26.0	-87.0	94.0	42.0	0.0	-11.0	-8.0	-11.0	101.41
3	7.0	-72.0	32.0	-64.0	10.0	-14.0	22.0	4.0	107.79
4	-80.0	-128.0	-128.0	35.0	5.0	-14.0	-5.0	-10.0	111.37
5	117.0	-93.0	-40.0	-8.0	1.0	-25.0	14.0	-5.0	116.12
6	-26.0	-93.0	-6.0	125.0	8.0	8.0	32.0	2.0	116.71
7	-10.0	-16.0	33.0	65.0	-16.0	0.0	-13.0	8.0	116.73
8	-23.0	53.0	117.0	-7.0	11.0	-27.0	34.0	-8.0	116.82
9	-11.0	49.0	117.0	-128.0	-14.0	5.0	-22.0	-17.0	116.57
10	115.0	-103.0	10.0	28.0	-14.0	-12.0	-11.0	6.0	116.82
11	-10.0	-44.0	16.0	65.0	-4.0	18.0	22.0	1.0	116.12
12	92.0	-128.0	-109.0	-1.0	5.0	14.0	1.0	15.0	116.23
13	-126.0	17.0	-16.0	-2.0	8.0	-12.0	-12.0	-2.0	114.89
14	-16.0	127.0	-3.0	2.0	11.0	-30.0	-6.0	25.0	112.65
15	-22.0	-42.0	48.0	-7.0	5.0	-3.0	-6.0	-19.0	114.66
16	-42.0	-88.0	-41.0	-19.0	0.0	6.0	-20.0	-19.0	114.66
17	-128.0	123.0	41.0	13.0	-11.0	-17.0	-39.0	2.0	102.76
18	-14.0	13.0	-9.0	0.0	-6.0	-14.0	4.0	6.0	109.99
19	-111.0	20.0	8.0	44.0	0.0	44.0	-24.0	0.0	112.64
20	-2.0	-38.0	90.0	82.0	22.0	-29.0	2.0	-50.0	108.72
21	53.0	20.0	-4.0	-87.0	7.0	-40.0	-2.0	-8.0	102.76
22	7.0	-72.0	-11.0	5.0	1.0	6.0	29.0	-8.0	88.67
23	24.0	70.0	11.0	6.0	-5.0	-18.0	26.0	2.0	93.32
24	-70.0	96.0	23.0	-111.0	-6.0	41.0	9.0	13.0	88.1
25	77.0	-60.0	-4.0	-11.0	-10.0	0.0	-7.0	1.0	81.84
26	29.0	53.0	-24.0	35.0	-3.0	-11.0	-23.0	-18.0	70.31
27	-97.0	7.0	9.0	10.0	-11.0	15.0	2.0	23.0	64.78
28	46.0	-62.0	-6.0	4.0	16.0	-12.0	11.0	-1.0	61.94
29	-26.0	22.0	-3.0	2.0	5.0	41.0	0.0	8.0	78.98
30	42.0	71.0	3.0	-17.0	7.0	-26.0	-9.0	0.0	88.67
31	89.0	-19.0	10.0	69.0	-9.0	25.0	1.0	0.0	82.2
32	7.0	-73.0	1.0	6.0	-10.0	25.0	-29.0	-2.0	84.54
33	-47.0	-23.0	35.0	-11.0	2.0	22.0	-36.0	0.0	78.98
34	31.0	53.0	-21.0	-105.0	0.0	-29.0	1.0	-8.0	74.6
35	-19.0	18.0	-29.0	-9.0	11.0	5.0	-17.0	-8.0	68.23
36	-87.0	85.0	13.0	-16.0	1.0	-3.0	-9.0	-8.0	65.43
37	9.0	-128.0	29.0	7.0	-10.0	-3.0	2.0	-2.0	61.56
38	-65.0	-2.0	61.0	-1.0	16.0	0.0	-1.0	0.0	57.99
39	-21.0	-18.0	-95.0	19.0	-17.0	-15.0	-27.0	10.0	60.56
40	-23.0	-79.0	-33.0	11.0	1.0	7.0	15.0	-3.0	59.78
41	-23.0	127.0	11.0	-17.0	-20.0	19.0	-28.0	-19.0	56.77
42	-128.0	-30.0	40.0	115.0	-5.0	-14.0	-28.0	-6.0	57.17
43	72.0	81.0	54.0	35.0	4.0	21.0	9.0	0.0	56.77
44	80.0	3.0	-50.0	16.0	11.0	3.0	-22.0	-1.0	52.69
45	49.0	77.0	-14.0	-123.0	-1.0	-13.0	-2.0	-22.0	54.52
46	-128.0	58.0	72.0	19.0	-4.0	-15.0	20.0	15.0	52.38
47	-102.0	-115.0	43.0	23.0	1.0	-3.0	-2.0	17.0	52.72
48	-25.0	-19.0	-63.0	17.0	-5.0	7.0	18.0	-15.0	52.37
49	35.0	6.0	-9.0	-17.0	16.0	7.0	-34.0	-6.0	52.69
50	38.0	19.0	-29.0	-58.0	-5.0	-16.0	-13.0	14.0	56.36
51	-77.0	-12.0	23.0	-20.0	10.0	-2.0	-16.0	10.0	56.36
52	127.0	87.0	-13.0	24.0	-3.0	2.0	-29.0	3.0	53.74
53	-116.0	-38.0	-42.0	127.0	3.0	-16.0	2.0	8.0	52.72
54	-27.0	16.0	8.0	-16.0	0.0	-1.0	18.0	6.0	57.0
55	24.0	-3.0	83.0	2.0	9.0	-2.0	15.0	4.0	56.57
56	53.0	-10.0	-121.0	-19.0	-9.0	20.0	-38.0	0.0	55.94
57	-93.0	6.0	-110.0	35.0	-26.0	51.0	-17.0	1.0	57.17
58	53.0	-128.0	23.0	23.0	-17.0	-4.0	13.0	-16.0	58.98
59	9.0	-17.0	46.0	11.0	-4.0	16.0	1.0	0.0	61.39
60	-24.0	-43.0	14.0	79.0	4.0	-28.0	4.0	3.0	64.78
61	-66.0	25.0	35.0	-34.0	6.0	-40.0	20.0	6.0	63.3
62	-6.0	-31.0	-22.0	-34.0	-6.0	-29.0	-28.0	-2.0	65.43
63	-87.0	-54.0	-22.0	-31.0	-5.0	-2.0	10.0	11.0	65.53
64	-98.0	75.0	19.0	-35.0	4.0	18.0	-3.0	13.0	78.7
65	-104.0	-53.0	-5.0	90.0	18.0	11.0	-44.0	1.0	88.1
66	96.0	15.0	-87.0	9.0	-2.0	-1.0	1.0	9.0	93.32
67	33.0	16.0	67.0	-1.0	-8.0	-7.0	34.0	-12.0	91.04
68	35.0	-21.0	33.0	-80.0	11.0	-59.0	-13.0	-13.0	95.1
69	-128.0	-103.0	10.0	-13.0	2.0	-6.0	20.0	-2.0	76.34
70	118.0	53.0	-11.0	127.0	1.0	-11.0	2.0	6.0	72.85
71	-42.0	-52.0	33.0	-17.0	0.0	-2.0	1.0	-1.0	85.69
72	17.0	49.0	11.0	15.0	3.0	24.0	0.0	2.0	76.34
73	-128.0	3.0	33.0	-15.0	-5.0	17.0	-22.0	1.0	89.71
74	-29.0	24.0	-1.0	2.0	-1.0	-10.0	-20.0	-14.0	93.71
75	-91.0	31.0	33.0	81.0	1.0	14.0	-2.0	-11.0	90.93
76	-11.0	14.0	-20.0	-15.0	-11.0	2.0	-6.0	31.0	97.65
