0	-12.0	127.0	-2.0	65.0	19.0	-24.0	-4.0	39.0	63.51
1	-4.0	-1.0	127.0	3.0	1.0	12.0	-5.0	17.0	43.49
2	127.0	-37.0	-75.0	-28.0	19.0	-16.0	11.0	-8.0	51.61
3	-4.0	-128.0	-17.0	13.0	-15.0	26.0	9.0	42.0	51.61
4	87.0	-93.0	18.0	-32.0	-1.0	-16.0	-3.0	-1.0	63.56
5	-75.0	75.0	-24.0	2.0	-1.0	-5.0	32.0	-34.0	52.92
6	127.0	-21.0	85.0	14.0	-20.0	-28.0	-8.0	9.0	59.39
7	36.0	30.0	-12.0	-23.0	-10.0	-8.0	-33.0	9.0	56.25
8	125.0	-11.0	-33.0	-128.0	-4.0	31.0	-13.0	-30.0	53.27
9	-17.0	-9.0	8.0	-3.0	-4.0	2.0	-6.0	34.0	50.76
10	-90.0	-98.0	127.0	6.0	10.0	-2.0	23.0	-1.0	50.36
11	22.0	98.0	-128.0	-79.0	-14.0	1.0	1.0	-21.0	50.55
12	127.0	-47.0	-4.0	-24.0	-13.0	-25.0	1.0	-30.0	50.55
13	45.0	-71.0	6.0	106.0	-4.0	9.0	32.0	-8.0	50.22
14	-11.0	5.0	-19.0	-40.0	0.0	32.0	4.0	-27.0	50.28
15	-82.0	-40.0	-32.0	-14.0	-8.0	6.0	11.0	10.0	56.58
16	-128.0	51.0	74.0	127.0	8.0	16.0	-12.0	-14.0	55.0
17	-49.0	75.0	-120.0	-19.0	-5.0	-5.0	-8.0	3.0	55.43
18	-13.0	-67.0	-15.0	-2.0	16.0	-40.0	45.0	0.0	65.6
19	74.0	61.0	95.0	-25.0	-10.0	55.0	89.0	-8.0	56.25
20	-81.0	19.0	-104.0	-67.0	9.0	69.0	-4.0	37.0	60.92
21	127.0	-68.0	-128.0	-34.0	-4.0	19.0	-11.0	20.0	61.56
22	-104.0	19.0	43.0	21.0	23.0	24.0	-64.0	-28.0	59.68
23	49.0	3.0	93.0	-3.0	16.0	-17.0	16.0	-16.0	61.56
24	15.0	26.0	11.0	-31.0	-4.0	7.0	-19.0	-2.0	57.82
25	4.0	29.0	80.0	10.0	-5.0	3.0	-14.0	-20.0	59.39
26	43.0	-9.0	-63.0	-15.0	3.0	15.0	-17.0	-25.0	60.14
27	60.0	-47.0	4.0	-4.0	31.0	-6.0	0.0	7.0	61.04
28	-5.0	-17.0	-16.0	14.0	3.0	-22.0	30.0	10.0	55.0
29	-41.0	8.0	-38.0	1.0	-8.0	-3.0	-12.0	8.0	55.43
30	-63.0	-92.0	-43.0	-43.0	8.0	0.0	-3.0	9.0	63.56
31	-40.0	18.0	2.0	127.0	17.0	13.0	-14.0	4.0	57.43
32	-128.0	-30.0	-23.0	-71.0	-3.0	-11.0	-4.0	1.0	67.76
33	19.0	77.0	-21.0	-29.0	7.0	6.0	-13.0	31.0	74.93
34	-12.0	5.0	29.0	-49.0	-6.0	-8.0	43.0	-4.0	70.85
35	127.0	46.0	71.0	119.0	1.0	-5.0	-4.0	6.0	78.42
36	4.0	52.0	16.0	65.0	0.0	7.0	-16.0	-11.0	81.94
37	-74.0	-98.0	43.0	-34.0	8.0	-12.0	26.0	-15.0	85.3
38	102.0	48.0	2.0	-86.0	-3.0	15.0	7.0	-11.0	85.42
39	-76.0	-8.0	-68.0	-16.0	11.0	7.0	-21.0	12.0	91.78
40	-81.0	88.0	-38.0	39.0	-6.0	-24.0	-9.0	21.0	80.47
41	-28.0	7.0	-50.0	-87.0	-5.0	8.0	21.0	-1.0	90.03
42	106.0	-86.0	32.0	26.0	1.0	55.0	5.0	-25.0	94.6
43	-1.0	-52.0	-43.0	-26.0	9.0	-9.0	21.0	17.0	100.02
44	-76.0	127.0	-104.0	-8.0	-8.0	-4.0	11.0	-7.0	97.02
45	-24.0	-21.0	13.0	31.0	-5.0	4.0	82.0	49.0	93.2
46	-73.0	-72.0	-36.0	21.0	4.0	8.0	57.0	19.0	100.02
47	-40.0	-71.0	7.0	-118.0	-4.0	19.0	-5.0	-26.0	117.86
48	127.0	19.0	66.0	52.0	18.0	-17.0	6.0	-10.0	105.16
49	72.0	0.0	19.0	58.0	-2.0	-26.0	6.0	-2.0	119.21
50	-97.0	-50.0	20.0	-17.0	4.0	-16.0	-3.0	-2.0	110.2
51	22.0	-65.0	-38.0	-19.0	-6.0	-8.0	13.0	-69.0	105.16
52	-69.0	-70.0	7.0	5.0	-12.0	-17.0	25.0	60.0	114.38
53	68.0	127.0	-128.0	-111.0	20.0	6.0	3.0	-7.0	117.12
54	126.0	-67.0	-39.0	127.0	16.0	-6.0	3.0	1.0	112.13
55	33.0	12.0	-1.0	28.0	-12.0	38.0	28.0	-6.0	111.09
56	37.0	-67.0	-8.0	-59.0	8.0	-13.0	-8.0	-9.0	93.2
57	43.0	70.0	-61.0	-17.0	-8.0	-9.0	1.0	-21.0	105.04
58	-16.0	-3.0	5.0	-7.0	17.0	-16.0	-15.0	24.0	118.65
59	-121.0	76.0	-99.0	-69.0	-8.0	-15.0	-17.0	15.0	117.19
60	-24.0	-70.0	-7.0	4.0	-6.0	-40.0	0.0	-2.0	112.13
61	-112.0	127.0	-103.0	-128.0	-2.0	17.0	4.0	24.0	118.76
62	11.0	120.0	3.0	-3.0	-3.0	-11.0	6.0	-7.0	114.44
63	-11.0	95.0	49.0	127.0	-15.0	-21.0	-17.0	4.0	117.19
64	-73.0	-83.0	-35.0	68.0	13.0	38.0	-23.0	-34.0	117.86
65	-25.0	127.0	-13.0	-79.0	0.0	11.0	5.0	9.0	102.54
66	41.0	-116.0	40.0	-10.0	-22.0	-8.0	-12.0	-26.0	107.08
67	35.0	-12.0	95.0	37.0	-10.0	3.0	26.0	-5.0	99.38
68	-90.0	102.0	-58.0	-14.0	-11.0	-14.0	-10.0	36.0	97.13
69	95.0	55.0	-43.0	-74.0	2.0	9.0	24.0	2.0	105.04
70	127.0	-128.0	68.0	-29.0	1.0	0.0	-26.0	-22.0	91.78
71	-88.0	19.0	-51.0	-19.0	-1.0	-6.0	13.0	19.0	89.03
72	-10.0	18.0	-1.0	-13.0	7.0	18.0	-1.0	19.0	87.7
73	89.0	-66.0	-50.0	18.0	0.0	-5.0	-22.0	-2.0	80.47
74	-128.0	-40.0	80.0	-10.0	-5.0	2.0	-2.0	-11.0	78.42
75	-93.0	10.0	3.0	-4.0	2.0	-45.0	69.0	-21.0	70.85
76	127.0	80.0	78.0	-17.0	2.0	-5.0	-9.0	-37.0	76.82
77	114.0	-3.0	-53.0	-12.0	-1.0	6.0	12.0	6.0	74.15
78	73.0	25.0	-39.0	-16.0	-5.0	12.0	16.0	19.0	72.44
