0	-14.0	11.0	10.0	17.0	-7.0	-8.0	6.0	-7.0	47.23
1	-18.0	-40.0	-57.0	-8.0	2.0	-11.0	12.0	-4.0	59.1
2	-7.0	20.0	-128.0	101.0	-4.0	-5.0	-11.0	-10.0	72.27
3	117.0	110.0	124.0	5.0	-1.0	9.0	0.0	23.0	66.34
4	-6.0	110.0	14.0	-40.0	0.0	-1.0	-4.0	5.0	64.34
5	-39.0	-28.0	-36.0	-21.0	-2.0	5.0	4.0	3.0	53.96
6	62.0	-124.0	-12.0	-12.0	7.0	-11.0	28.0	-9.0	60.54
7	-11.0	-28.0	38.0	-3.0	-13.0	0.0	-11.0	-1.0	60.12
8	36.0	-29.0	7.0	-28.0	2.0	51.0	-5.0	10.0	65.98
9	59.0	62.0	58.0	-1.0	3.0	-3.0	-22.0	-8.0	59.8
10	59.0	-73.0	75.0	-10.0	16.0	-50.0	5.0	-23.0	47.23
11	-26.0	13.0	33.0	18.0	3.0	5.0	2.0	21.0	43.23
12	-59.0	-1.0	-10.0	-128.0	-49.0	-14.0	-16.0	24.0	39.86
13	-21.0	3.0	8.0	-33.0	11.0	0.0	-16.0	10.0	43.84
14	101.0	28.0	48.0	8.0	-9.0	14.0	6.0	-11.0	40.4
15	-7.0	51.0	-19.0	18.0	-10.0	-2.0	-32.0	8.0	38.35
16	61.0	13.0	9.0	-4.0	-9.0	7.0	-4.0	-7.0	37.67
17	-52.0	44.0	-45.0	-128.0	2.0	-12.0	-16.0	0.0	37.73
18	-1.0	18.0	-34.0	1.0	2.0	-8.0	-3.0	-2.0	37.79
19	74.0	-100.0	-26.0	-31.0	-8.0	10.0	34.0	-10.0	37.73
20	6.0	-83.0	11.0	18.0	-2.0	-26.0	7.0	-1.0	37.97
21	-17.0	-7.0	-34.0	-116.0	8.0	-1.0	0.0	-1.0	39.86
22	7.0	13.0	-11.0	61.0	-8.0	-3.0	0.0	-6.0	41.23
23	30.0	6.0	59.0	-14.0	9.0	-21.0	-9.0	-3.0	38.24
24	-31.0	10.0	-6.0	-3.0	-5.0	9.0	-11.0	-15.0	38.24
25	-33.0	-101.0	48.0	52.0	-19.0	-22.0	-2.0	17.0	45.5
26	40.0	-59.0	20.0	11.0	-1.0	11.0	13.0	-12.0	46.99
27	-45.0	105.0	-4.0	-10.0	-7.0	9.0	-4.0	26.0	57.16
28	-81.0	33.0	-25.0	-127.0	26.0	-3.0	-13.0	-1.0	45.5
29	87.0	52.0	-12.0	-6.0	-13.0	-5.0	-8.0	-21.0	56.64
30	-36.0	-78.0	85.0	-7.0	4.0	-3.0	11.0	27.0	59.1
31	0.0	11.0	-51.0	-14.0	2.0	-28.0	-14.0	-23.0	62.77
32	-5.0	-51.0	-71.0	98.0	-4.0	5.0	10.0	0.0	65.98
33	29.0	15.0	29.0	-74.0	-12.0	-2.0	6.0	-26.0	76.24
34	-41.0	13.0	-3.0	-48.0	9.0	-12.0	-11.0	-13.0	96.53
35	10.0	-32.0	26.0	127.0	15.0	-2.0	-14.0	-17.0	96.53
36	99.0	-36.0	-27.0	59.0	-10.0	-7.0	-8.0	5.0	97.84
37	-11.0	5.0	-56.0	-17.0	-4.0	1.0	-48.0	12.0	73.32
38	8.0	-24.0	14.0	19.0	-6.0	-16.0	0.0	40.0	74.72
39	-48.0	-21.0	0.0	21.0	-16.0	-8.0	5.0	-21.0	95.44
40	-3.0	-23.0	-8.0	38.0	-7.0	1.0	-16.0	-3.0	94.54
41	-8.0	34.0	-128.0	-32.0	7.0	-7.0	7.0	6.0	114.63
42	5.0	31.0	-4.0	0.0	-15.0	-17.0	-21.0	4.0	117.14
43	36.0	-55.0	45.0	3.0	-6.0	-2.0	11.0	0.0	118.83
44	-24.0	-4.0	-55.0	5.0	-5.0	6.0	11.0	-4.0	120.79
45	2.0	106.0	-1.0	5.0	-8.0	-49.0	-5.0	0.0	115.53
46	45.0	73.0	8.0	-36.0	7.0	10.0	-4.0	-51.0	104.74
47	-11.0	-76.0	-8.0	1.0	-40.0	4.0	4.0	-7.0	112.77
48	-20.0	2.0	-7.0	0.0	-4.0	-5.0	-10.0	-9.0	106.46
49	58.0	-50.0	20.0	-22.0	11.0	-7.0	23.0	4.0	115.03
50	-5.0	23.0	-97.0	-27.0	6.0	0.0	-30.0	35.0	101.29
51	-13.0	-16.0	29.0	20.0	-2.0	-7.0	-9.0	-3.0	94.94
52	-16.0	-33.0	38.0	-13.0	2.0	-3.0	2.0	27.0	91.05
53	-9.0	-9.0	-7.0	-28.0	-11.0	25.0	2.0	16.0	103.49
54	55.0	94.0	-66.0	-4.0	-5.0	-4.0	-44.0	-5.0	117.14
55	-5.0	-23.0	6.0	15.0	-10.0	-41.0	-8.0	-44.0	114.73
56	25.0	-23.0	-11.0	-7.0	-17.0	-29.0	7.0	-9.0	113.6
57	9.0	-13.0	14.0	7.0	-20.0	1.0	-20.0	10.0	114.63
58	-80.0	11.0	1.0	-35.0	-30.0	4.0	-3.0	7.0	119.32
59	-36.0	-52.0	-13.0	5.0	6.0	20.0	-17.0	-41.0	121.23
60	0.0	-42.0	7.0	19.0	3.0	-18.0	4.0	6.0	118.83
61	-38.0	96.0	8.0	38.0	-6.0	-14.0	0.0	3.0	118.22
62	29.0	81.0	3.0	26.0	-4.0	-33.0	1.0	5.0	117.52
63	14.0	-42.0	-17.0	-23.0	6.0	-8.0	3.0	3.0	117.52
64	-16.0	-78.0	-12.0	29.0	4.0	2.0	-5.0	-6.0	116.16
65	6.0	-22.0	21.0	-40.0	-7.0	2.0	9.0	-8.0	106.46
66	-19.0	-27.0	-54.0	102.0	-11.0	3.0	18.0	-15.0	103.27
67	61.0	-15.0	127.0	43.0	2.0	0.0	0.0	-6.0	79.1
68	97.0	-9.0	-5.0	-52.0	5.0	4.0	-3.0	-13.0	95.44
69	-43.0	-86.0	-128.0	-36.0	-4.0	12.0	-24.0	1.0	80.02
70	11.0	-3.0	-7.0	-19.0	-3.0	15.0	-18.0	-1.0	74.94
71	-52.0	2.0	-5.0	10.0	1.0	-2.0	5.0	-2.0	104.74
72	70.0	-1.0	44.0	-126.0	-1.0	19.0	26.0	12.0	84.94
73	-4.0	7.0	-102.0	-126.0	29.0	18.0	15.0	0.0	84.94
74	-51.0	105.0	73.0	1.0	22.0	4.0	0.0	-15.0	78.58
75	17.0	33.0	-106.0	-6.0	7.0	-13.0	-21.0	2.0	73.32
76	11.0	-12.0	21.0	18.0	0.0	-6.0	51.0	7.0	64.33
77	9.0	-12.0	7.0	-11.0	-16.0	3.0	9.0	11.0	60.54
