0	-17.0	81.0	-8.0	15.0	-13.0	-29.0	-22.0	3.0	57.16
1	5.0	2.0	48.0	-6.0	2.0	-2.0	-14.0	-3.0	38.24
2	8.0	-78.0	48.0	-28.0	-7.0	-26.0	-3.0	4.0	59.1
3	-4.0	11.0	-128.0	-7.0	16.0	-7.0	7.0	-4.0	60.54
4	-52.0	-16.0	-5.0	0.0	-6.0	6.0	5.0	-11.0	64.34
5	45.0	-22.0	10.0	101.0	-49.0	15.0	6.0	-1.0	64.33
6	-33.0	73.0	29.0	-126.0	-5.0	-7.0	-14.0	12.0	66.34
7	97.0	5.0	-19.0	17.0	-1.0	-7.0	1.0	6.0	76.24
8	-6.0	94.0	-7.0	-10.0	-17.0	4.0	-32.0	-1.0	94.94
9	-48.0	-52.0	-13.0	18.0	2.0	-3.0	5.0	0.0	96.53
10	-11.0	-32.0	-34.0	5.0	-11.0	-8.0	15.0	-41.0	103.27
11	-51.0	-101.0	75.0	-126.0	8.0	10.0	3.0	-1.0	96.53
12	62.0	20.0	-12.0	19.0	3.0	-3.0	0.0	8.0	101.29
13	-9.0	11.0	-11.0	8.0	-1.0	-6.0	0.0	-8.0	95.44
14	40.0	13.0	-71.0	127.0	0.0	-21.0	6.0	-9.0	74.94
15	-8.0	-55.0	21.0	-21.0	-20.0	10.0	12.0	-9.0	73.32
16	-59.0	-83.0	14.0	18.0	22.0	-12.0	-8.0	27.0	73.32
17	7.0	-13.0	21.0	1.0	-8.0	-41.0	-8.0	0.0	84.94
18	10.0	-76.0	11.0	-10.0	-30.0	1.0	-3.0	-6.0	79.1
19	-7.0	33.0	-102.0	-36.0	-19.0	-5.0	-9.0	-21.0	94.54
20	29.0	7.0	-57.0	-3.0	-5.0	-8.0	-4.0	0.0	80.02
21	-13.0	96.0	9.0	59.0	-5.0	1.0	-30.0	-6.0	84.94
22	0.0	31.0	-34.0	-40.0	-4.0	-49.0	11.0	0.0	103.49
23	-3.0	62.0	-12.0	-116.0	-12.0	-3.0	-16.0	-23.0	104.74
24	2.0	-73.0	7.0	-8.0	6.0	51.0	0.0	10.0	115.53
25	101.0	15.0	3.0	3.0	11.0	-2.0	2.0	16.0	115.03
26	61.0	10.0	-97.0	98.0	-13.0	18.0	11.0	35.0	114.73
27	-11.0	110.0	44.0	-13.0	7.0	2.0	0.0	-7.0	106.46
28	30.0	-4.0	-4.0	11.0	2.0	11.0	0.0	-7.0	106.46
29	-18.0	-51.0	-3.0	52.0	7.0	14.0	-4.0	11.0	114.63
30	-14.0	-40.0	-56.0	38.0	2.0	-14.0	-11.0	-13.0	117.14
31	-7.0	-24.0	38.0	10.0	-6.0	4.0	13.0	2.0	121.23
32	-16.0	13.0	6.0	5.0	-4.0	4.0	-3.0	7.0	119.32
33	36.0	110.0	0.0	-23.0	-2.0	1.0	-24.0	3.0	118.22
34	17.0	44.0	-1.0	19.0	0.0	-12.0	4.0	17.0	117.52
35	-52.0	-86.0	-12.0	-17.0	15.0	-1.0	-11.0	4.0	117.52
36	25.0	-59.0	85.0	-12.0	9.0	-3.0	7.0	-10.0	117.14
37	29.0	28.0	-55.0	5.0	-2.0	25.0	11.0	26.0	120.79
38	14.0	2.0	20.0	-14.0	-4.0	9.0	-16.0	-3.0	118.83
39	59.0	-12.0	8.0	43.0	-9.0	0.0	-16.0	-8.0	116.16
40	-39.0	13.0	59.0	-127.0	2.0	5.0	-8.0	-23.0	118.83
41	-36.0	18.0	-106.0	-3.0	-16.0	-22.0	-9.0	0.0	114.63
42	117.0	105.0	-11.0	20.0	26.0	-2.0	5.0	-4.0	113.6
43	-20.0	23.0	127.0	18.0	-2.0	-5.0	-17.0	-26.0	112.77
44	-31.0	-29.0	-128.0	-36.0	-1.0	12.0	-44.0	24.0	104.74
45	6.0	-33.0	8.0	-74.0	-10.0	2.0	9.0	5.0	91.05
46	59.0	6.0	-25.0	-1.0	5.0	-14.0	-13.0	5.0	74.72
47	-81.0	-1.0	-10.0	1.0	-3.0	-8.0	-4.0	10.0	78.58
48	-24.0	-100.0	-36.0	7.0	-40.0	9.0	10.0	-1.0	95.44
49	99.0	-23.0	45.0	-19.0	6.0	-33.0	-5.0	10.0	97.84
50	-5.0	-23.0	-8.0	26.0	-7.0	3.0	-11.0	-51.0	72.27
51	-36.0	-9.0	-26.0	-11.0	-8.0	19.0	2.0	6.0	65.98
52	-19.0	-1.0	14.0	-22.0	4.0	-11.0	2.0	-15.0	65.98
53	55.0	-12.0	58.0	102.0	2.0	9.0	-20.0	-2.0	60.54
54	-26.0	13.0	-17.0	1.0	2.0	-2.0	-48.0	-44.0	62.77
55	58.0	-27.0	-51.0	-33.0	6.0	-17.0	-10.0	-7.0	43.84
56	6.0	-3.0	33.0	38.0	-9.0	-28.0	4.0	5.0	45.5
57	-45.0	-9.0	14.0	61.0	3.0	-13.0	-2.0	23.0	43.23
58	61.0	34.0	1.0	-35.0	-4.0	-11.0	7.0	1.0	59.1
59	87.0	-28.0	-7.0	-128.0	-16.0	20.0	9.0	21.0	59.8
60	-41.0	-28.0	73.0	-4.0	-8.0	-1.0	-18.0	-17.0	56.64
61	-16.0	105.0	-27.0	0.0	-7.0	4.0	51.0	3.0	37.79
62	-43.0	51.0	-7.0	-32.0	-4.0	-18.0	0.0	-21.0	37.67
63	-5.0	-124.0	-66.0	-28.0	-7.0	5.0	4.0	-15.0	60.12
64	9.0	-42.0	-4.0	-128.0	3.0	3.0	18.0	12.0	53.96
65	-1.0	-42.0	29.0	-52.0	1.0	7.0	23.0	-5.0	41.23
66	9.0	11.0	-6.0	18.0	11.0	0.0	-16.0	-2.0	37.73
67	-80.0	-7.0	-5.0	-7.0	29.0	-50.0	-4.0	-15.0	38.35
68	11.0	-21.0	7.0	-27.0	-10.0	-16.0	-5.0	-13.0	47.23
69	70.0	-50.0	8.0	-48.0	7.0	5.0	28.0	-9.0	45.5
70	11.0	3.0	124.0	29.0	7.0	0.0	6.0	27.0	39.86
71	0.0	33.0	-45.0	-31.0	-6.0	-2.0	-21.0	40.0	38.24
72	74.0	-23.0	26.0	21.0	-15.0	-5.0	26.0	-6.0	37.97
73	-5.0	52.0	20.0	-6.0	-11.0	-4.0	-21.0	-3.0	40.4
74	36.0	106.0	7.0	-14.0	9.0	-7.0	-11.0	-1.0	37.73
75	-21.0	-15.0	38.0	-40.0	4.0	-8.0	34.0	7.0	39.86
76	-38.0	-78.0	-54.0	5.0	-10.0	0.0	-5.0	-10.0	47.23
77	-11.0	-36.0	-128.0	-4.0	-4.0	-3.0	0.0	-12.0	46.99
