0	24.0	-19.0	-109.0	-12.0	1.0	13.0	-19.0	-13.0	90.59
1	20.0	-125.0	-69.0	-5.0	6.0	-22.0	-5.0	-30.0	79.68
2	13.0	-94.0	23.0	56.0	-3.0	-24.0	-11.0	-1.0	75.54
3	56.0	-58.0	-2.0	-8.0	-37.0	-5.0	-4.0	-15.0	58.74
4	-10.0	-88.0	86.0	23.0	-12.0	0.0	-4.0	-7.0	62.62
5	-100.0	-51.0	-88.0	1.0	-2.0	-15.0	5.0	2.0	57.05
6	-20.0	55.0	-48.0	-5.0	5.0	34.0	-11.0	-33.0	57.18
7	7.0	-54.0	-24.0	-109.0	-1.0	-6.0	-12.0	-8.0	56.81
8	-83.0	57.0	-13.0	-6.0	-37.0	-19.0	-10.0	11.0	55.88
9	30.0	46.0	96.0	1.0	-5.0	-7.0	-5.0	3.0	54.71
10	-76.0	47.0	77.0	4.0	22.0	0.0	-14.0	-6.0	54.98
11	-45.0	-3.0	-23.0	-52.0	-3.0	3.0	-6.0	-15.0	55.29
12	127.0	11.0	-128.0	-13.0	0.0	-33.0	2.0	16.0	55.44
13	97.0	73.0	4.0	3.0	-4.0	-10.0	-1.0	0.0	55.71
14	11.0	88.0	-59.0	-4.0	-6.0	-5.0	15.0	21.0	55.88
15	-46.0	54.0	6.0	2.0	0.0	15.0	8.0	-29.0	54.98
16	-101.0	43.0	-16.0	0.0	5.0	31.0	16.0	-1.0	55.97
17	-46.0	-18.0	-13.0	11.0	18.0	8.0	-5.0	-19.0	55.97
18	-30.0	-12.0	88.0	-1.0	-10.0	13.0	-6.0	-14.0	56.21
19	-105.0	-122.0	-1.0	8.0	-17.0	0.0	-21.0	-11.0	64.81
20	52.0	-46.0	5.0	-25.0	-6.0	-18.0	-9.0	-9.0	72.29
21	16.0	48.0	-33.0	-4.0	0.0	-10.0	24.0	-13.0	68.31
22	58.0	-66.0	36.0	-9.0	7.0	-18.0	8.0	-21.0	62.62
23	-62.0	116.0	-3.0	-12.0	-11.0	15.0	-12.0	7.0	63.69
24	-20.0	-109.0	38.0	-5.0	-20.0	-17.0	1.0	15.0	58.74
25	86.0	-82.0	-49.0	-17.0	21.0	-17.0	-7.0	2.0	61.14
26	-76.0	99.0	-19.0	19.0	0.0	-23.0	-3.0	21.0	57.05
27	-116.0	-73.0	-21.0	-47.0	4.0	-16.0	10.0	0.0	58.15
28	52.0	-36.0	36.0	-98.0	-15.0	4.0	-12.0	-19.0	64.23
29	-71.0	-46.0	4.0	38.0	-14.0	3.0	16.0	-8.0	64.81
30	30.0	-52.0	-1.0	-20.0	-10.0	22.0	24.0	-8.0	75.54
31	86.0	96.0	3.0	9.0	6.0	-2.0	-5.0	12.0	82.37
32	-31.0	73.0	27.0	-32.0	-2.0	20.0	-6.0	4.0	90.59
33	-82.0	127.0	-2.0	36.0	5.0	0.0	-14.0	23.0	79.27
34	-79.0	2.0	-94.0	-11.0	-1.0	0.0	-10.0	-7.0	68.56
35	4.0	103.0	-99.0	-24.0	-2.0	-41.0	-16.0	10.0	71.6
36	48.0	107.0	8.0	27.0	-3.0	6.0	3.0	0.0	81.71
37	-3.0	18.0	37.0	-113.0	-12.0	10.0	6.0	-13.0	68.56
38	51.0	-60.0	-29.0	-16.0	2.0	13.0	25.0	-19.0	73.77
39	75.0	6.0	-47.0	-51.0	-5.0	-10.0	12.0	-7.0	91.97
40	116.0	85.0	19.0	-29.0	-5.0	-17.0	-17.0	5.0	85.37
41	127.0	-16.0	127.0	4.0	7.0	-15.0	-26.0	-13.0	106.21
42	18.0	-34.0	-44.0	7.0	9.0	7.0	17.0	8.0	107.59
43	-17.0	54.0	-20.0	98.0	-1.0	-4.0	22.0	22.0	111.58
44	-19.0	-84.0	-31.0	32.0	-1.0	-8.0	55.0	-1.0	116.72
45	41.0	-16.0	-39.0	7.0	-7.0	-8.0	6.0	7.0	123.31
46	-50.0	42.0	19.0	109.0	8.0	-1.0	84.0	-6.0	118.16
47	33.0	107.0	78.0	87.0	-1.0	26.0	0.0	16.0	126.69
48	28.0	-66.0	103.0	-2.0	4.0	5.0	12.0	-11.0	126.69
49	17.0	-128.0	43.0	75.0	13.0	-15.0	-9.0	23.0	127.0
50	42.0	31.0	-12.0	-19.0	-2.0	1.0	2.0	-5.0	125.16
51	57.0	48.0	-13.0	-7.0	-2.0	-4.0	21.0	-19.0	129.64
52	-9.0	54.0	-17.0	-27.0	11.0	2.0	-4.0	9.0	124.83
53	48.0	-65.0	-16.0	-34.0	6.0	1.0	-37.0	-6.0	129.72
54	-45.0	41.0	-67.0	-1.0	6.0	23.0	-7.0	3.0	129.35
55	112.0	-12.0	-35.0	-21.0	3.0	-16.0	22.0	13.0	129.72
56	1.0	127.0	-128.0	0.0	-10.0	-14.0	-10.0	-1.0	123.68
57	66.0	41.0	-9.0	42.0	-6.0	-36.0	84.0	-3.0	123.31
58	-115.0	127.0	36.0	-52.0	-9.0	15.0	3.0	-22.0	118.63
59	123.0	5.0	-2.0	-17.0	-2.0	13.0	-7.0	-10.0	123.58
60	40.0	-31.0	-62.0	-128.0	6.0	15.0	-8.0	12.0	120.11
61	-44.0	-50.0	-3.0	-25.0	-9.0	2.0	3.0	6.0	111.0
62	-11.0	28.0	-37.0	15.0	-13.0	-14.0	-5.0	14.0	116.72
63	-4.0	-121.0	1.0	-38.0	-13.0	1.0	-7.0	-11.0	111.99
64	-78.0	110.0	9.0	-19.0	-1.0	-8.0	-5.0	-5.0	118.82
65	-93.0	-43.0	27.0	41.0	1.0	-4.0	16.0	9.0	118.16
66	59.0	-98.0	-94.0	-4.0	-10.0	-10.0	-8.0	13.0	110.7
67	-128.0	-59.0	-23.0	67.0	-3.0	2.0	-40.0	5.0	95.46
68	-127.0	-31.0	15.0	25.0	2.0	-1.0	-12.0	-5.0	106.21
69	-71.0	1.0	52.0	85.0	5.0	4.0	17.0	9.0	107.59
70	14.0	-87.0	-33.0	56.0	-3.0	-18.0	0.0	0.0	88.02
71	66.0	127.0	-6.0	9.0	6.0	28.0	0.0	-11.0	85.37
72	26.0	-98.0	100.0	33.0	11.0	20.0	-30.0	-12.0	86.06
73	-7.0	10.0	-44.0	107.0	-26.0	-12.0	-21.0	-5.0	93.02
74	110.0	127.0	69.0	-2.0	5.0	-21.0	37.0	-17.0	89.0
75	-44.0	62.0	-108.0	-128.0	1.0	-6.0	-3.0	20.0	90.66
76	112.0	-46.0	-20.0	-122.0	3.0	-8.0	2.0	1.0	93.02
77	-100.0	-28.0	-13.0	-9.0	12.0	44.0	8.0	-18.0	81.71
78	-79.0	-128.0	-64.0	94.0	-10.0	44.0	12.0	21.0	101.93
79	-10.0	-99.0	-20.0	-122.0	-10.0	20.0	-18.0	1.0	98.7
