0	1.0	-40.0	32.0	-26.0	-9.0	-18.0	-22.0	1.0	111.93
1	-40.0	52.0	-2.0	-123.0	-1.0	18.0	1.0	-32.0	125.43
2	107.0	43.0	16.0	0.0	9.0	58.0	109.0	-3.0	125.55
3	65.0	43.0	24.0	75.0	7.0	8.0	-64.0	25.0	103.66
4	-60.0	-38.0	-41.0	25.0	1.0	7.0	-87.0	-24.0	90.68
5	28.0	74.0	-10.0	-115.0	0.0	3.0	107.0	4.0	85.09
6	4.0	15.0	37.0	55.0	5.0	-6.0	27.0	-25.0	72.19
7	-86.0	12.0	24.0	-127.0	15.0	-1.0	9.0	8.0	59.46
8	113.0	-19.0	-98.0	88.0	9.0	-28.0	-27.0	32.0	62.27
9	-8.0	-10.0	-65.0	79.0	-4.0	-20.0	-11.0	-19.0	71.24
10	-73.0	-14.0	-4.0	78.0	-2.0	0.0	6.0	-8.0	72.19
11	-66.0	-105.0	-19.0	-10.0	-11.0	16.0	24.0	26.0	87.81
12	-41.0	49.0	-33.0	75.0	11.0	3.0	4.0	27.0	89.43
13	90.0	-82.0	-36.0	-22.0	14.0	-27.0	0.0	-25.0	87.91
14	-75.0	-68.0	-21.0	-44.0	-6.0	-7.0	-6.0	-10.0	65.25
15	15.0	82.0	105.0	-80.0	-3.0	5.0	-1.0	-6.0	80.51
16	61.0	41.0	7.0	8.0	-9.0	-6.0	-123.0	16.0	64.4
17	-65.0	-43.0	4.0	41.0	4.0	-34.0	102.0	13.0	75.99
18	80.0	40.0	28.0	-19.0	-7.0	-1.0	-6.0	1.0	62.01
19	74.0	37.0	85.0	-60.0	9.0	25.0	1.0	17.0	55.13
20	-12.0	-25.0	40.0	9.0	-2.0	26.0	-15.0	-2.0	85.05
21	-8.0	8.0	45.0	0.0	0.0	-10.0	-6.0	-40.0	59.46
22	-92.0	-95.0	11.0	44.0	4.0	17.0	86.0	38.0	52.15
23	3.0	-56.0	-47.0	44.0	-4.0	10.0	14.0	4.0	52.09
24	-53.0	30.0	47.0	56.0	12.0	18.0	-1.0	12.0	53.27
25	-88.0	-46.0	4.0	23.0	-6.0	-15.0	20.0	-3.0	50.84
26	24.0	114.0	-39.0	-56.0	-8.0	1.0	-11.0	-2.0	51.92
27	67.0	-19.0	-30.0	122.0	-12.0	-15.0	-27.0	-38.0	51.93
28	110.0	-115.0	-47.0	16.0	11.0	-5.0	3.0	-1.0	51.84
29	32.0	31.0	82.0	-50.0	-28.0	13.0	9.0	-21.0	51.5
30	-39.0	40.0	24.0	65.0	-16.0	-1.0	-4.0	6.0	51.92
31	62.0	50.0	-92.0	-6.0	-1.0	4.0	-10.0	2.0	52.05
32	46.0	-27.0	119.0	-76.0	2.0	7.0	-23.0	39.0	50.84
33	-56.0	76.0	15.0	-6.0	0.0	-1.0	-53.0	1.0	51.85
34	18.0	98.0	-12.0	-110.0	-9.0	-4.0	37.0	-5.0	52.13
35	-19.0	39.0	60.0	88.0	-5.0	59.0	11.0	28.0	52.59
36	-67.0	73.0	69.0	-9.0	27.0	1.0	-23.0	12.0	52.05
37	-22.0	-64.0	25.0	-50.0	-8.0	34.0	36.0	12.0	55.49
38	50.0	-17.0	-50.0	39.0	5.0	-19.0	106.0	-8.0	56.23
39	-71.0	115.0	74.0	2.0	-5.0	-16.0	-15.0	-3.0	52.29
40	-9.0	-104.0	-74.0	-15.0	1.0	16.0	-32.0	-9.0	53.27
41	-10.0	14.0	-65.0	-22.0	24.0	15.0	10.0	-20.0	55.13
42	23.0	49.0	-74.0	15.0	0.0	-7.0	54.0	-10.0	57.89
43	92.0	11.0	62.0	-68.0	-9.0	26.0	96.0	-17.0	64.4
44	38.0	91.0	20.0	-33.0	-3.0	7.0	17.0	5.0	60.89
45	45.0	-10.0	10.0	-46.0	39.0	-44.0	-3.0	4.0	87.81
46	-40.0	46.0	21.0	4.0	9.0	-17.0	-82.0	20.0	69.95
47	75.0	-4.0	-35.0	56.0	-1.0	-4.0	-7.0	5.0	79.21
48	-3.0	19.0	9.0	-11.0	-10.0	6.0	24.0	-16.0	90.78
49	-1.0	52.0	23.0	-9.0	-4.0	0.0	-12.0	32.0	83.05
50	-52.0	-26.0	34.0	5.0	-1.0	-1.0	-29.0	-10.0	79.21
51	78.0	-53.0	-37.0	26.0	2.0	-1.0	-12.0	-3.0	95.97
52	19.0	-35.0	-37.0	-47.0	3.0	-16.0	3.0	2.0	100.86
53	-49.0	-31.0	-115.0	118.0	5.0	-25.0	-128.0	19.0	117.15
54	-98.0	53.0	9.0	-10.0	-16.0	-19.0	-5.0	-1.0	125.54
55	-34.0	-2.0	-48.0	6.0	-6.0	-8.0	58.0	-22.0	118.93
56	12.0	-104.0	119.0	24.0	-3.0	6.0	-91.0	-24.0	102.42
57	58.0	65.0	-3.0	-60.0	-36.0	9.0	10.0	44.0	101.66
58	87.0	3.0	4.0	-25.0	6.0	-5.0	6.0	-2.0	112.28
59	-101.0	-10.0	-53.0	-74.0	-3.0	-34.0	-2.0	21.0	125.54
60	62.0	-15.0	6.0	-2.0	2.0	-15.0	13.0	19.0	105.33
61	-2.0	75.0	-39.0	-76.0	8.0	4.0	58.0	3.0	114.1
62	51.0	25.0	35.0	-18.0	-18.0	36.0	31.0	10.0	100.86
63	-99.0	69.0	-5.0	-105.0	-5.0	-10.0	-25.0	2.0	125.43
64	30.0	23.0	13.0	68.0	3.0	3.0	28.0	-36.0	125.37
65	17.0	-3.0	-24.0	8.0	5.0	21.0	-52.0	-2.0	111.93
66	47.0	-39.0	6.0	13.0	-1.0	18.0	16.0	-18.0	112.28
67	30.0	-38.0	67.0	31.0	1.0	15.0	-21.0	10.0	125.63
68	84.0	24.0	-123.0	-25.0	-8.0	-6.0	15.0	-7.0	125.75
69	12.0	18.0	-75.0	-35.0	2.0	12.0	-72.0	-6.0	118.96
70	-1.0	-12.0	-36.0	5.0	27.0	13.0	-15.0	-28.0	123.75
71	-13.0	11.0	3.0	24.0	4.0	18.0	-4.0	12.0	122.65
72	-18.0	112.0	15.0	-4.0	27.0	-24.0	2.0	-18.0	124.95
73	-6.0	-67.0	84.0	122.0	21.0	-14.0	-43.0	24.0	95.97
74	80.0	64.0	-3.0	27.0	-10.0	-9.0	-15.0	-10.0	102.42
75	-75.0	74.0	59.0	-67.0	0.0	-15.0	-10.0	-17.0	108.96
76	-27.0	-34.0	-72.0	23.0	-14.0	33.0	-10.0	39.0	108.62
77	-31.0	-26.0	-52.0	13.0	-2.0	1.0	5.0	-29.0	91.12
