0	6.0	-32.0	-9.0	-15.0	-4.0	22.0	-8.0	12.0	92.36
1	-7.0	-21.0	33.0	23.0	9.0	-8.0	3.0	-3.0	92.24
2	-8.0	35.0	-12.0	-7.0	1.0	29.0	-20.0	3.0	117.15
3	0.0	7.0	7.0	1.0	2.0	-15.0	-41.0	5.0	132.93
4	22.0	30.0	17.0	-4.0	-14.0	-22.0	9.0	-1.0	128.04
5	51.0	-13.0	-8.0	-122.0	2.0	-13.0	-23.0	-1.0	126.57
6	-17.0	19.0	-7.0	37.0	12.0	-19.0	-6.0	2.0	120.25
7	-6.0	-8.0	11.0	-2.0	1.0	6.0	83.0	12.0	127.16
8	9.0	4.0	-14.0	58.0	-5.0	-3.0	39.0	-14.0	127.32
9	-76.0	-42.0	-21.0	-10.0	10.0	-1.0	-12.0	3.0	127.04
10	-28.0	-14.0	-4.0	-78.0	-2.0	6.0	-15.0	7.0	126.02
11	-44.0	-13.0	-66.0	-15.0	10.0	8.0	16.0	5.0	128.04
12	-7.0	-29.0	14.0	97.0	-6.0	3.0	-40.0	4.0	128.04
13	5.0	17.0	-7.0	-26.0	16.0	4.0	-2.0	-19.0	127.68
14	9.0	12.0	55.0	-62.0	-3.0	7.0	-5.0	3.0	133.43
15	-45.0	87.0	-30.0	89.0	-16.0	12.0	21.0	7.0	127.6
16	-11.0	-40.0	-48.0	-33.0	8.0	3.0	4.0	-27.0	127.12
17	-4.0	-39.0	14.0	47.0	-19.0	-24.0	-2.0	-10.0	103.94
18	-31.0	-40.0	-15.0	10.0	7.0	10.0	9.0	-6.0	126.02
19	30.0	-3.0	49.0	-33.0	-13.0	0.0	8.0	2.0	98.29
20	0.0	-3.0	62.0	0.0	10.0	-3.0	-18.0	18.0	119.77
21	-46.0	-18.0	5.0	-9.0	4.0	-14.0	-4.0	7.0	127.94
22	7.0	88.0	28.0	-72.0	10.0	25.0	3.0	12.0	123.34
23	43.0	39.0	-21.0	0.0	1.0	11.0	-24.0	-13.0	101.1
24	53.0	21.0	-77.0	8.0	-14.0	-10.0	14.0	-19.0	119.77
25	9.0	54.0	-4.0	29.0	14.0	8.0	-5.0	27.0	126.87
26	30.0	95.0	9.0	-8.0	-7.0	-6.0	-2.0	-16.0	99.0
27	-27.0	-25.0	72.0	-27.0	-6.0	-2.0	93.0	-24.0	82.12
28	-45.0	10.0	-15.0	-18.0	13.0	-22.0	-13.0	-18.0	98.29
29	-23.0	-46.0	-7.0	-43.0	-5.0	-2.0	4.0	-31.0	73.46
30	68.0	-3.0	6.0	18.0	36.0	7.0	4.0	12.0	81.16
31	0.0	34.0	-32.0	9.0	3.0	-9.0	4.0	-3.0	86.34
32	-10.0	26.0	-3.0	12.0	14.0	-1.0	13.0	19.0	73.71
33	-23.0	94.0	16.0	-11.0	-9.0	3.0	-28.0	-7.0	66.13
34	10.0	-68.0	-31.0	-41.0	-6.0	32.0	33.0	11.0	50.12
35	113.0	-58.0	17.0	1.0	0.0	-7.0	-48.0	9.0	46.21
36	-8.0	54.0	70.0	72.0	3.0	4.0	13.0	18.0	56.31
37	73.0	-99.0	-5.0	-24.0	-23.0	3.0	-23.0	30.0	62.05
38	-60.0	89.0	-15.0	18.0	0.0	10.0	-7.0	23.0	54.89
39	3.0	-71.0	4.0	33.0	10.0	17.0	14.0	7.0	62.27
40	-60.0	11.0	-5.0	13.0	-1.0	9.0	3.0	8.0	47.51
41	44.0	9.0	-7.0	-8.0	-7.0	0.0	3.0	2.0	56.31
42	-52.0	20.0	-58.0	-36.0	7.0	7.0	-8.0	-22.0	55.87
43	15.0	64.0	-56.0	27.0	26.0	9.0	6.0	-18.0	42.15
44	8.0	6.0	36.0	70.0	-6.0	-9.0	-6.0	27.0	42.73
45	-14.0	6.0	45.0	-2.0	4.0	6.0	5.0	-29.0	53.69
46	44.0	-9.0	3.0	50.0	-6.0	-11.0	2.0	-1.0	47.81
47	-26.0	24.0	21.0	-11.0	22.0	7.0	-2.0	-31.0	42.88
48	29.0	35.0	19.0	35.0	-17.0	-5.0	-10.0	18.0	48.12
49	-34.0	15.0	-7.0	-117.0	-7.0	4.0	9.0	-9.0	59.36
50	-8.0	-15.0	29.0	43.0	-7.0	-8.0	-20.0	3.0	67.65
51	4.0	64.0	-10.0	-18.0	35.0	12.0	14.0	8.0	70.11
52	58.0	106.0	-23.0	-9.0	-21.0	-6.0	-2.0	10.0	53.69
53	-46.0	-10.0	-27.0	3.0	7.0	0.0	-6.0	-3.0	44.13
54	15.0	19.0	84.0	-50.0	4.0	8.0	-14.0	22.0	42.88
55	76.0	64.0	-78.0	12.0	14.0	-3.0	-11.0	-10.0	42.73
56	4.0	15.0	-3.0	-43.0	9.0	13.0	1.0	-11.0	42.45
57	-18.0	-101.0	109.0	-2.0	-7.0	-1.0	0.0	1.0	42.18
58	-37.0	-13.0	-35.0	-33.0	2.0	9.0	-21.0	8.0	45.44
59	-12.0	15.0	6.0	21.0	5.0	7.0	-39.0	10.0	48.12
60	7.0	7.0	-109.0	-45.0	7.0	-25.0	50.0	-29.0	55.87
61	-19.0	8.0	-11.0	9.0	-4.0	12.0	-32.0	9.0	64.18
62	8.0	-15.0	-4.0	1.0	0.0	-11.0	8.0	-58.0	51.13
63	-8.0	56.0	97.0	3.0	15.0	25.0	15.0	16.0	70.11
64	-32.0	-11.0	39.0	-5.0	2.0	-6.0	-11.0	-13.0	76.12
65	8.0	1.0	-21.0	4.0	7.0	12.0	0.0	19.0	57.96
66	12.0	-81.0	-5.0	9.0	-2.0	6.0	-13.0	3.0	77.66
67	2.0	7.0	-29.0	20.0	4.0	-11.0	-6.0	18.0	92.36
68	11.0	38.0	-20.0	-18.0	-4.0	-2.0	-27.0	-17.0	77.66
69	12.0	-17.0	13.0	43.0	-13.0	-5.0	74.0	15.0	76.12
70	-13.0	-10.0	-30.0	55.0	2.0	-2.0	-6.0	6.0	85.73
71	77.0	-15.0	55.0	-41.0	-7.0	-5.0	-6.0	-12.0	102.94
72	5.0	-11.0	-30.0	-3.0	-23.0	17.0	7.0	1.0	103.3
73	-24.0	5.0	-39.0	-80.0	-8.0	8.0	3.0	-20.0	103.94
74	46.0	-52.0	-6.0	-10.0	11.0	1.0	-25.0	19.0	126.57
75	-64.0	-14.0	-19.0	94.0	3.0	14.0	6.0	7.0	113.48
