0	-61.0	-22.0	127.0	-124.0	11.0	5.0	-7.0	41.0	62.08
1	24.0	3.0	-87.0	-115.0	0.0	-7.0	14.0	11.0	68.66
2	44.0	12.0	-72.0	-32.0	2.0	-15.0	-2.0	-22.0	68.66
3	66.0	13.0	20.0	-1.0	-13.0	14.0	-15.0	35.0	80.34
4	80.0	-67.0	127.0	-67.0	-3.0	-5.0	-10.0	-37.0	79.27
5	-32.0	40.0	-128.0	-33.0	5.0	-18.0	51.0	54.0	75.83
6	-41.0	-61.0	2.0	-3.0	9.0	20.0	-37.0	-20.0	82.48
7	-40.0	-113.0	-16.0	28.0	-17.0	-16.0	-4.0	-1.0	86.21
8	17.0	38.0	4.0	17.0	4.0	-4.0	35.0	-19.0	91.48
9	-127.0	-43.0	28.0	-48.0	11.0	-2.0	12.0	-14.0	96.51
10	-41.0	18.0	9.0	-2.0	12.0	-9.0	26.0	13.0	89.28
11	-54.0	0.0	-31.0	-128.0	-29.0	-21.0	21.0	-46.0	73.13
12	127.0	-62.0	-78.0	-46.0	-1.0	-15.0	-5.0	6.0	73.13
13	69.0	38.0	2.0	26.0	-15.0	14.0	26.0	-16.0	80.34
14	-54.0	-122.0	-32.0	-128.0	-2.0	-19.0	-100.0	39.0	82.75
15	-42.0	-23.0	-10.0	9.0	20.0	8.0	70.0	-45.0	92.75
16	-29.0	94.0	-128.0	-128.0	-18.0	-18.0	-10.0	23.0	96.82
17	-27.0	-89.0	80.0	126.0	-8.0	9.0	-3.0	-38.0	103.99
18	19.0	-128.0	-99.0	-128.0	10.0	16.0	18.0	77.0	97.85
19	-128.0	15.0	22.0	8.0	8.0	-63.0	16.0	-4.0	97.29
20	67.0	-16.0	-121.0	-128.0	1.0	-15.0	-13.0	5.0	93.44
21	-37.0	29.0	-5.0	91.0	8.0	29.0	-2.0	36.0	100.51
22	-49.0	-106.0	-16.0	-16.0	-6.0	6.0	23.0	-17.0	110.18
23	127.0	78.0	-64.0	-43.0	5.0	18.0	-26.0	-19.0	114.09
24	-60.0	83.0	-47.0	-14.0	1.0	-6.0	11.0	14.0	113.03
25	-9.0	-16.0	-9.0	23.0	8.0	-11.0	-24.0	-39.0	112.05
26	-107.0	71.0	58.0	-32.0	-5.0	19.0	-18.0	-32.0	105.1
27	127.0	5.0	-72.0	8.0	3.0	-5.0	12.0	30.0	100.51
28	51.0	38.0	-10.0	-18.0	1.0	30.0	15.0	16.0	86.21
29	-56.0	-4.0	43.0	18.0	11.0	-12.0	-29.0	36.0	93.88
30	-109.0	-23.0	-34.0	-22.0	2.0	7.0	-57.0	17.0	104.42
31	71.0	-64.0	-25.0	-6.0	4.0	-40.0	-26.0	0.0	106.19
32	73.0	-72.0	-60.0	-4.0	-10.0	-7.0	-21.0	11.0	114.69
33	100.0	-106.0	-11.0	-12.0	1.0	54.0	23.0	36.0	114.69
34	-54.0	38.0	88.0	94.0	-8.0	-4.0	17.0	-123.0	114.91
35	42.0	16.0	-96.0	-67.0	-6.0	17.0	-31.0	12.0	114.05
36	-68.0	5.0	17.0	111.0	-20.0	-22.0	2.0	-13.0	114.09
37	-92.0	30.0	-128.0	-62.0	-14.0	-8.0	4.0	-26.0	114.6
38	-35.0	69.0	-22.0	-1.0	-11.0	-8.0	-37.0	15.0	103.99
39	-12.0	75.0	-52.0	-28.0	-12.0	-34.0	-9.0	17.0	102.26
40	-8.0	-2.0	-124.0	-8.0	-4.0	-21.0	45.0	18.0	101.1
41	111.0	-75.0	113.0	-22.0	0.0	-2.0	22.0	-8.0	101.98
42	43.0	-47.0	-128.0	-27.0	1.0	-16.0	8.0	-9.0	107.95
43	10.0	-106.0	125.0	32.0	13.0	-10.0	22.0	2.0	108.42
44	35.0	28.0	-126.0	-4.0	-5.0	-3.0	8.0	38.0	112.05
45	-97.0	9.0	53.0	8.0	20.0	27.0	24.0	-5.0	105.1
46	44.0	-45.0	-72.0	-95.0	-18.0	3.0	-34.0	21.0	97.85
47	83.0	74.0	67.0	2.0	-7.0	27.0	-8.0	-6.0	92.75
48	42.0	15.0	-24.0	-57.0	-2.0	-13.0	-19.0	-47.0	83.02
49	17.0	-45.0	10.0	-12.0	-11.0	-5.0	-15.0	-17.0	68.95
50	30.0	-108.0	33.0	21.0	-1.0	-7.0	-4.0	62.0	72.45
51	75.0	110.0	-15.0	65.0	-11.0	12.0	3.0	-14.0	64.59
52	63.0	55.0	26.0	40.0	-3.0	-10.0	-29.0	-11.0	61.53
53	-18.0	-18.0	-39.0	-9.0	-5.0	9.0	-1.0	0.0	64.36
54	-111.0	99.0	-7.0	-111.0	-13.0	-7.0	15.0	-2.0	58.11
55	106.0	37.0	1.0	85.0	17.0	20.0	-15.0	-3.0	40.5
56	-79.0	116.0	-17.0	16.0	-9.0	5.0	21.0	-44.0	45.13
57	-52.0	-3.0	-10.0	-19.0	10.0	-3.0	-19.0	-5.0	49.78
58	-4.0	-105.0	-23.0	-10.0	-10.0	22.0	41.0	-1.0	45.63
59	36.0	-83.0	39.0	9.0	-1.0	-18.0	-9.0	16.0	48.24
60	14.0	14.0	-22.0	65.0	-32.0	-2.0	-60.0	-13.0	45.13
61	-35.0	-57.0	78.0	-89.0	-8.0	6.0	8.0	21.0	45.17
62	-44.0	-23.0	-58.0	43.0	-13.0	7.0	-2.0	22.0	45.31
63	56.0	-8.0	-9.0	-68.0	8.0	11.0	-26.0	-2.0	51.41
64	-25.0	-26.0	53.0	-51.0	15.0	0.0	103.0	-47.0	49.97
65	67.0	-128.0	-128.0	-11.0	1.0	-9.0	49.0	-32.0	50.77
66	52.0	0.0	-6.0	-35.0	19.0	34.0	71.0	-6.0	48.24
67	-12.0	71.0	26.0	-24.0	5.0	-18.0	-1.0	14.0	51.41
68	-128.0	26.0	-34.0	103.0	-3.0	6.0	-11.0	-5.0	49.22
69	10.0	-102.0	4.0	-128.0	7.0	-8.0	-64.0	23.0	45.63
70	2.0	-8.0	0.0	75.0	20.0	6.0	-44.0	28.0	43.57
71	-128.0	83.0	-104.0	-20.0	6.0	-14.0	8.0	-29.0	43.57
72	35.0	-123.0	-4.0	-55.0	6.0	3.0	-23.0	-60.0	47.93
73	123.0	-31.0	-64.0	23.0	-19.0	1.0	-16.0	-5.0	58.11
74	108.0	51.0	105.0	-27.0	11.0	4.0	-2.0	2.0	45.41
75	64.0	18.0	-90.0	-120.0	5.0	14.0	10.0	-16.0	48.77
76	62.0	101.0	68.0	41.0	-10.0	0.0	-86.0	34.0	68.26
77	-40.0	102.0	-22.0	64.0	-17.0	-8.0	-46.0	40.0	48.15
