0	-65.0	113.0	1.0	13.0	-1.0	-25.0	-68.0	38.0	78.34
1	126.0	-30.0	-39.0	-97.0	6.0	-18.0	-12.0	-29.0	88.1
2	-9.0	26.0	10.0	-43.0	5.0	-5.0	30.0	-46.0	100.1
3	-58.0	-59.0	-74.0	45.0	-11.0	19.0	-18.0	32.0	82.44
4	7.0	72.0	-106.0	116.0	4.0	0.0	-5.0	-28.0	95.88
5	29.0	11.0	51.0	3.0	8.0	-35.0	35.0	-3.0	107.03
6	127.0	80.0	-27.0	18.0	8.0	8.0	41.0	9.0	88.38
7	73.0	127.0	23.0	22.0	-7.0	-10.0	-32.0	33.0	91.26
8	-16.0	-63.0	22.0	-106.0	10.0	-10.0	-19.0	15.0	110.2
9	-14.0	-4.0	70.0	27.0	-3.0	31.0	127.0	3.0	112.42
10	39.0	124.0	-45.0	10.0	15.0	13.0	18.0	-8.0	102.85
11	114.0	57.0	-7.0	-53.0	-2.0	-17.0	-68.0	12.0	85.07
12	99.0	127.0	-16.0	13.0	-25.0	2.0	7.0	9.0	82.09
13	43.0	73.0	127.0	-44.0	-3.0	-16.0	-10.0	40.0	107.39
14	87.0	78.0	14.0	-63.0	-2.0	10.0	35.0	-36.0	102.7
15	39.0	127.0	61.0	19.0	-17.0	-31.0	17.0	18.0	110.2
16	-5.0	-82.0	-6.0	-51.0	9.0	-32.0	-22.0	-7.0	112.58
17	-14.0	127.0	47.0	-97.0	8.0	-32.0	3.0	-28.0	121.64
18	-107.0	99.0	-32.0	-46.0	0.0	-27.0	-10.0	-2.0	123.46
19	-128.0	2.0	30.0	18.0	-19.0	31.0	2.0	-22.0	122.28
20	25.0	18.0	-125.0	24.0	6.0	-3.0	54.0	34.0	122.14
21	-67.0	-28.0	34.0	47.0	-18.0	13.0	-26.0	-13.0	123.9
22	96.0	-58.0	-6.0	-74.0	-3.0	-8.0	-37.0	9.0	124.46
23	121.0	62.0	-32.0	4.0	-29.0	21.0	19.0	13.0	124.46
24	42.0	12.0	-18.0	7.0	-6.0	17.0	-26.0	-6.0	123.56
25	-84.0	92.0	3.0	38.0	-11.0	2.0	5.0	25.0	123.56
26	127.0	71.0	-6.0	-128.0	8.0	14.0	25.0	28.0	121.87
27	-48.0	-110.0	-52.0	27.0	-6.0	-3.0	36.0	-22.0	120.93
28	78.0	23.0	5.0	-4.0	-14.0	-7.0	18.0	-39.0	120.93
29	60.0	-27.0	-24.0	29.0	-7.0	-11.0	-52.0	38.0	117.34
30	-77.0	-60.0	0.0	-88.0	25.0	-38.0	16.0	2.0	113.21
31	127.0	82.0	-56.0	-36.0	27.0	-11.0	100.0	-6.0	117.34
32	85.0	70.0	14.0	-22.0	-3.0	16.0	19.0	-23.0	102.13
33	11.0	-23.0	1.0	-45.0	-11.0	-9.0	26.0	66.0	102.7
34	-84.0	29.0	-25.0	-31.0	-13.0	-39.0	-45.0	5.0	88.38
35	16.0	52.0	18.0	44.0	2.0	-7.0	-3.0	68.0	79.0
36	59.0	22.0	11.0	49.0	10.0	15.0	-30.0	21.0	88.1
37	122.0	-21.0	-1.0	29.0	2.0	18.0	-30.0	2.0	85.78
38	-71.0	-28.0	-76.0	-9.0	-4.0	-8.0	-28.0	-7.0	92.12
39	32.0	-1.0	-25.0	12.0	-2.0	2.0	-34.0	-10.0	88.51
40	11.0	67.0	-12.0	9.0	0.0	9.0	13.0	-22.0	72.91
41	-46.0	22.0	-118.0	-16.0	-1.0	-2.0	22.0	11.0	79.0
42	83.0	-22.0	16.0	36.0	-1.0	-33.0	-16.0	-40.0	82.09
43	127.0	100.0	-14.0	-23.0	-11.0	-3.0	-7.0	56.0	62.16
44	-39.0	27.0	-29.0	87.0	43.0	-26.0	10.0	-14.0	56.76
45	123.0	62.0	-35.0	-15.0	-8.0	22.0	84.0	-1.0	59.75
46	56.0	61.0	-98.0	38.0	4.0	-23.0	-36.0	-27.0	59.75
47	38.0	-22.0	93.0	16.0	-9.0	-20.0	-46.0	15.0	58.69
48	57.0	11.0	2.0	9.0	-22.0	-10.0	34.0	-3.0	68.42
49	-41.0	5.0	-52.0	83.0	-2.0	-25.0	-74.0	-31.0	67.35
50	107.0	-44.0	58.0	-87.0	-3.0	24.0	-34.0	16.0	62.16
51	8.0	52.0	10.0	-31.0	-5.0	6.0	-38.0	-34.0	56.79
52	-71.0	-128.0	32.0	-10.0	-6.0	14.0	10.0	6.0	65.23
53	29.0	77.0	-63.0	-111.0	2.0	3.0	55.0	-15.0	60.39
54	-81.0	-108.0	1.0	127.0	-18.0	-16.0	-17.0	-8.0	56.68
55	74.0	-74.0	-25.0	18.0	12.0	-25.0	31.0	40.0	56.22
56	-90.0	6.0	62.0	-76.0	3.0	19.0	34.0	-2.0	53.71
57	100.0	32.0	73.0	38.0	13.0	1.0	12.0	2.0	55.39
58	109.0	52.0	-42.0	77.0	-6.0	0.0	-10.0	29.0	55.45
59	-37.0	127.0	122.0	5.0	-19.0	-4.0	124.0	7.0	54.68
60	45.0	-9.0	-7.0	12.0	6.0	7.0	28.0	63.0	53.82
61	-86.0	-15.0	72.0	-102.0	2.0	-37.0	11.0	37.0	53.71
62	63.0	73.0	6.0	32.0	7.0	13.0	-17.0	13.0	54.75
63	-21.0	12.0	18.0	94.0	6.0	43.0	0.0	30.0	54.31
64	-78.0	-21.0	-85.0	-8.0	-5.0	13.0	8.0	-40.0	55.47
65	85.0	-19.0	-101.0	-4.0	-21.0	-10.0	-17.0	38.0	56.22
66	43.0	-81.0	-47.0	27.0	6.0	-25.0	-21.0	31.0	55.47
67	-68.0	-54.0	-24.0	-47.0	-3.0	-11.0	-88.0	0.0	56.68
68	-24.0	127.0	-35.0	-23.0	13.0	-10.0	21.0	-24.0	56.34
69	-128.0	-11.0	71.0	-31.0	-1.0	-33.0	-84.0	40.0	57.27
70	12.0	64.0	-35.0	-32.0	5.0	-10.0	-37.0	-10.0	62.27
71	-17.0	-101.0	-4.0	24.0	2.0	41.0	-46.0	-15.0	57.27
72	36.0	-122.0	63.0	6.0	-4.0	-6.0	-44.0	12.0	60.73
73	127.0	21.0	-2.0	-64.0	-10.0	-24.0	-22.0	0.0	71.07
74	-121.0	40.0	77.0	-17.0	7.0	2.0	82.0	-12.0	63.97
75	20.0	26.0	63.0	-45.0	-6.0	4.0	19.0	-1.0	58.45
76	109.0	37.0	-65.0	-32.0	-5.0	24.0	-59.0	-9.0	65.23
77	107.0	32.0	71.0	1.0	-3.0	2.0	26.0	1.0	74.92
