0	-12.0	-32.0	22.0	13.0	-3.0	-10.0	-6.0	5.0	54.14
1	-68.0	10.0	-49.0	-7.0	1.0	4.0	7.0	15.0	49.63
2	-4.0	18.0	-97.0	-23.0	4.0	9.0	0.0	-14.0	46.84
3	-10.0	-78.0	-57.0	-8.0	-1.0	-8.0	25.0	-16.0	48.07
4	-21.0	-10.0	18.0	-3.0	-18.0	8.0	-3.0	-1.0	54.13
5	-58.0	-11.0	-3.0	44.0	2.0	0.0	-5.0	-31.0	57.56
6	-13.0	16.0	17.0	-3.0	2.0	0.0	-3.0	-2.0	51.99
7	-24.0	21.0	8.0	37.0	-35.0	-8.0	-12.0	20.0	57.56
8	-4.0	-21.0	14.0	35.0	28.0	-4.0	-1.0	5.0	52.03
9	55.0	-48.0	-4.0	-6.0	1.0	7.0	3.0	62.0	47.38
10	11.0	22.0	15.0	-4.0	-2.0	19.0	-6.0	21.0	50.34
11	-19.0	53.0	3.0	-7.0	-1.0	-16.0	-7.0	14.0	61.5
12	-70.0	37.0	-128.0	7.0	-3.0	5.0	16.0	-2.0	58.06
13	-28.0	-56.0	42.0	-69.0	5.0	-2.0	-17.0	-1.0	67.36
14	42.0	-40.0	23.0	-2.0	-3.0	-2.0	-1.0	27.0	77.26
15	-32.0	45.0	-11.0	113.0	10.0	2.0	-3.0	10.0	121.63
16	72.0	44.0	-9.0	23.0	1.0	-5.0	-1.0	3.0	93.02
17	9.0	-5.0	-2.0	-3.0	70.0	0.0	10.0	-24.0	111.29
18	-8.0	-28.0	-21.0	58.0	-2.0	7.0	15.0	15.0	69.73
19	-18.0	-20.0	2.0	-6.0	7.0	5.0	-2.0	20.0	76.04
20	16.0	-79.0	-2.0	-2.0	-1.0	20.0	2.0	-12.0	104.59
21	-42.0	60.0	55.0	-1.0	-10.0	3.0	6.0	-39.0	121.63
22	1.0	-16.0	16.0	13.0	-2.0	-1.0	5.0	-12.0	110.41
23	-16.0	-28.0	44.0	-15.0	11.0	-1.0	-7.0	-19.0	123.29
24	-45.0	19.0	-2.0	-15.0	-11.0	-1.0	-6.0	18.0	93.02
25	16.0	10.0	-11.0	5.0	-4.0	-19.0	25.0	16.0	95.4
26	-3.0	-118.0	-79.0	4.0	21.0	-4.0	7.0	-18.0	128.18
27	-14.0	-15.0	8.0	40.0	-5.0	0.0	12.0	18.0	125.55
28	-53.0	22.0	12.0	2.0	5.0	2.0	-7.0	28.0	128.64
29	53.0	0.0	127.0	-8.0	0.0	5.0	9.0	-26.0	129.98
30	2.0	29.0	-2.0	2.0	-36.0	-4.0	-3.0	-16.0	133.22
31	-7.0	54.0	46.0	-9.0	-27.0	-2.0	-8.0	-3.0	128.18
32	18.0	44.0	-3.0	4.0	67.0	-2.0	2.0	3.0	131.05
33	47.0	-5.0	1.0	-5.0	-8.0	0.0	-9.0	0.0	131.59
34	-24.0	-16.0	5.0	-13.0	-8.0	-10.0	-12.0	-3.0	129.95
35	-33.0	17.0	3.0	-2.0	14.0	-6.0	-1.0	32.0	124.75
36	-4.0	-42.0	55.0	9.0	15.0	4.0	24.0	-18.0	129.9
37	16.0	-8.0	-9.0	22.0	23.0	-11.0	-12.0	-11.0	131.59
38	-6.0	-15.0	7.0	-50.0	10.0	26.0	2.0	28.0	131.58
39	-65.0	17.0	-17.0	-36.0	4.0	12.0	-4.0	-2.0	131.51
40	-7.0	-101.0	20.0	13.0	-18.0	7.0	3.0	9.0	133.22
41	38.0	-45.0	18.0	22.0	-3.0	3.0	4.0	55.0	138.7
42	11.0	37.0	-12.0	-7.0	30.0	-1.0	-6.0	-10.0	129.98
43	-58.0	119.0	-7.0	9.0	7.0	-5.0	3.0	-19.0	118.64
44	-11.0	-27.0	79.0	2.0	3.0	6.0	10.0	-5.0	94.12
45	54.0	-93.0	-25.0	12.0	-3.0	10.0	0.0	-2.0	116.29
46	25.0	75.0	0.0	-67.0	9.0	1.0	8.0	10.0	97.08
47	-10.0	-92.0	22.0	15.0	7.0	10.0	-3.0	-8.0	86.94
48	-21.0	9.0	72.0	-12.0	-12.0	-10.0	-2.0	8.0	76.04
49	2.0	-11.0	-33.0	-7.0	8.0	-3.0	-10.0	27.0	84.0
50	-4.0	-66.0	-5.0	110.0	17.0	0.0	-3.0	59.0	123.9
51	1.0	-40.0	75.0	35.0	60.0	-2.0	0.0	6.0	101.17
52	-5.0	30.0	-2.0	-56.0	3.0	-3.0	11.0	34.0	114.5
53	-7.0	8.0	31.0	-11.0	2.0	5.0	33.0	11.0	95.4
54	-9.0	-41.0	54.0	56.0	-3.0	14.0	10.0	3.0	104.92
55	14.0	1.0	-2.0	-18.0	-11.0	-11.0	9.0	0.0	109.62
56	-19.0	66.0	6.0	-13.0	-4.0	0.0	9.0	-4.0	118.64
57	102.0	12.0	51.0	17.0	-2.0	7.0	-1.0	10.0	101.17
58	-23.0	63.0	49.0	12.0	7.0	11.0	-12.0	-10.0	89.98
59	34.0	-56.0	-82.0	0.0	-7.0	-4.0	-1.0	34.0	82.49
60	-72.0	14.0	-18.0	1.0	14.0	27.0	1.0	15.0	70.6
61	-50.0	0.0	41.0	-3.0	-7.0	5.0	5.0	17.0	58.06
62	17.0	-87.0	28.0	-33.0	-8.0	11.0	5.0	1.0	61.96
63	-6.0	3.0	8.0	24.0	7.0	-7.0	15.0	-37.0	67.36
64	-64.0	119.0	-2.0	1.0	-1.0	8.0	-6.0	-14.0	65.75
65	-20.0	67.0	16.0	-13.0	0.0	-7.0	-9.0	-9.0	45.44
66	-5.0	-41.0	-19.0	-11.0	0.0	-6.0	9.0	58.0	56.13
67	29.0	92.0	-2.0	-8.0	-7.0	6.0	-2.0	-9.0	57.28
68	-58.0	68.0	7.0	58.0	-1.0	-5.0	-6.0	-10.0	54.13
69	-21.0	108.0	-55.0	-1.0	0.0	3.0	-2.0	-53.0	52.13
70	-68.0	-107.0	-14.0	-13.0	17.0	1.0	1.0	17.0	55.63
71	1.0	21.0	118.0	-4.0	-2.0	0.0	-27.0	0.0	51.12
72	-4.0	-24.0	7.0	-13.0	-14.0	-3.0	13.0	11.0	46.84
73	-1.0	-11.0	6.0	0.0	4.0	9.0	5.0	13.0	50.76
74	58.0	64.0	20.0	-5.0	3.0	-6.0	7.0	-9.0	47.38
75	-3.0	22.0	0.0	9.0	17.0	-4.0	-1.0	-11.0	49.76
