0	6.0	34.0	68.0	119.0	-13.0	-14.0	-23.0	31.0	115.05
1	-102.0	127.0	-27.0	-2.0	-1.0	-7.0	-7.0	-50.0	121.03
2	32.0	-50.0	-30.0	-84.0	-3.0	39.0	28.0	13.0	122.33
3	127.0	19.0	111.0	-13.0	-9.0	0.0	22.0	1.0	119.04
4	-128.0	11.0	25.0	-36.0	-38.0	-6.0	18.0	17.0	118.53
5	-10.0	-5.0	-26.0	-27.0	-1.0	0.0	-4.0	4.0	125.5
6	80.0	51.0	37.0	-18.0	12.0	-4.0	-21.0	-23.0	117.47
7	120.0	-46.0	-22.0	13.0	5.0	11.0	28.0	-2.0	108.85
8	-97.0	83.0	-62.0	-23.0	-6.0	7.0	6.0	3.0	106.95
9	-101.0	-87.0	-7.0	-4.0	-5.0	3.0	13.0	-33.0	101.17
10	-54.0	37.0	31.0	25.0	-3.0	-19.0	38.0	23.0	97.33
11	11.0	-81.0	-2.0	59.0	-7.0	3.0	-5.0	-11.0	96.4
12	7.0	-27.0	6.0	9.0	10.0	8.0	22.0	-3.0	93.65
13	-102.0	127.0	44.0	-12.0	-4.0	-1.0	-3.0	-28.0	91.46
14	-105.0	96.0	21.0	-4.0	10.0	1.0	-10.0	-42.0	83.81
15	17.0	12.0	3.0	123.0	-11.0	43.0	2.0	-1.0	72.26
16	-83.0	32.0	-17.0	22.0	5.0	-1.0	0.0	-2.0	84.67
17	13.0	-11.0	32.0	-10.0	22.0	37.0	1.0	-15.0	69.04
18	-14.0	-36.0	116.0	0.0	4.0	14.0	5.0	12.0	55.93
19	-101.0	7.0	-4.0	31.0	0.0	-34.0	17.0	4.0	55.61
20	15.0	-126.0	34.0	-45.0	0.0	8.0	18.0	-6.0	63.51
21	31.0	40.0	-43.0	-6.0	-7.0	16.0	-19.0	3.0	63.51
22	-25.0	-128.0	-24.0	74.0	10.0	14.0	0.0	-9.0	62.04
23	-88.0	-128.0	91.0	23.0	-4.0	-5.0	7.0	-3.0	54.87
24	-100.0	127.0	68.0	-12.0	-9.0	12.0	-52.0	76.0	62.04
25	3.0	20.0	34.0	-67.0	5.0	-7.0	6.0	25.0	57.08
26	-34.0	-13.0	-19.0	45.0	-4.0	-28.0	-18.0	7.0	58.0
27	-24.0	83.0	-43.0	-9.0	-5.0	2.0	-5.0	-45.0	54.83
28	-95.0	-128.0	-38.0	46.0	2.0	16.0	0.0	-18.0	54.83
29	-107.0	-72.0	58.0	10.0	33.0	14.0	8.0	-10.0	52.06
30	-85.0	9.0	-102.0	-6.0	21.0	14.0	16.0	11.0	51.97
31	15.0	127.0	-39.0	16.0	13.0	17.0	-22.0	39.0	51.03
32	117.0	-109.0	-43.0	-4.0	4.0	-28.0	1.0	4.0	48.97
33	31.0	-36.0	-123.0	-4.0	3.0	8.0	9.0	-28.0	49.14
34	31.0	22.0	-42.0	47.0	-6.0	14.0	-5.0	3.0	49.52
35	-39.0	-78.0	34.0	19.0	-13.0	-4.0	-16.0	0.0	49.31
36	-19.0	-6.0	-45.0	-15.0	3.0	37.0	-7.0	-4.0	50.24
37	-128.0	61.0	-23.0	34.0	-1.0	22.0	13.0	-13.0	51.03
38	-98.0	-63.0	12.0	-3.0	20.0	-19.0	-12.0	3.0	52.06
39	49.0	41.0	5.0	2.0	-2.0	-15.0	-5.0	-22.0	54.79
40	-47.0	-91.0	-14.0	-15.0	-10.0	-42.0	1.0	-16.0	53.97
41	22.0	-1.0	-29.0	-56.0	-8.0	-12.0	0.0	-3.0	59.13
42	7.0	-46.0	19.0	127.0	7.0	-12.0	-25.0	-7.0	55.93
43	43.0	-25.0	-23.0	-27.0	18.0	10.0	-25.0	17.0	62.69
44	42.0	5.0	-31.0	-17.0	3.0	-26.0	-8.0	-1.0	86.09
45	43.0	127.0	101.0	5.0	13.0	-1.0	-14.0	22.0	72.52
46	127.0	11.0	-80.0	2.0	-11.0	-22.0	-7.0	-12.0	79.17
47	-18.0	-76.0	-11.0	-66.0	4.0	-3.0	-3.0	-3.0	65.17
48	-128.0	-34.0	-4.0	-31.0	-5.0	-2.0	-5.0	23.0	70.78
49	90.0	-60.0	-40.0	-9.0	-7.0	-34.0	-25.0	28.0	75.88
50	127.0	-96.0	8.0	34.0	-1.0	-9.0	1.0	-11.0	84.67
51	23.0	-28.0	44.0	-50.0	14.0	-12.0	-18.0	-5.0	80.07
52	-88.0	127.0	-14.0	-6.0	-12.0	62.0	20.0	7.0	72.52
53	2.0	-49.0	21.0	3.0	-12.0	-34.0	-13.0	-4.0	74.4
54	-96.0	-105.0	-128.0	-128.0	9.0	9.0	-7.0	-6.0	96.23
55	127.0	74.0	-9.0	-50.0	-9.0	16.0	-8.0	0.0	96.4
56	-32.0	-40.0	-15.0	-15.0	-4.0	5.0	-10.0	-36.0	88.47
57	-62.0	-108.0	-22.0	-21.0	-10.0	-15.0	-10.0	-9.0	88.31
58	43.0	-2.0	0.0	-47.0	4.0	6.0	-14.0	-23.0	94.76
59	46.0	-6.0	-26.0	-38.0	-3.0	-5.0	-2.0	12.0	96.23
60	-12.0	42.0	-12.0	38.0	-1.0	-42.0	-2.0	6.0	91.46
61	-34.0	117.0	111.0	-34.0	-2.0	43.0	3.0	16.0	86.09
62	1.0	-9.0	-23.0	13.0	-7.0	10.0	-7.0	-12.0	93.55
63	127.0	-6.0	-123.0	18.0	-1.0	16.0	-3.0	-7.0	106.95
64	127.0	94.0	-29.0	43.0	22.0	-23.0	1.0	17.0	104.37
65	-62.0	-56.0	-2.0	-95.0	3.0	-4.0	9.0	8.0	104.41
66	39.0	-84.0	-23.0	-3.0	-1.0	19.0	13.0	3.0	114.59
67	110.0	39.0	-38.0	105.0	5.0	3.0	-14.0	31.0	113.05
68	-77.0	9.0	16.0	-4.0	11.0	17.0	-13.0	-14.0	116.0
69	-29.0	62.0	-19.0	-128.0	7.0	35.0	5.0	10.0	107.44
70	81.0	-5.0	-29.0	2.0	-20.0	-9.0	-10.0	-8.0	124.82
71	2.0	59.0	27.0	0.0	-10.0	-25.0	-5.0	1.0	118.53
72	-88.0	5.0	78.0	47.0	1.0	-6.0	-10.0	11.0	114.59
73	27.0	51.0	127.0	-128.0	12.0	-8.0	4.0	-12.0	124.31
74	23.0	127.0	-29.0	-49.0	-24.0	34.0	19.0	16.0	110.61
75	-106.0	25.0	-81.0	-9.0	0.0	-10.0	4.0	-1.0	116.0
76	-26.0	-22.0	-15.0	13.0	-3.0	21.0	-8.0	-4.0	121.03
