0	-71.0	-16.0	38.0	-51.0	8.0	-49.0	34.0	-20.0	99.49
1	127.0	78.0	-2.0	-26.0	-1.0	3.0	-97.0	-13.0	94.04
2	-115.0	63.0	20.0	-36.0	6.0	25.0	-20.0	-1.0	94.04
3	127.0	-103.0	-14.0	-23.0	15.0	-4.0	-103.0	-20.0	90.05
4	-35.0	70.0	5.0	-18.0	27.0	-31.0	-19.0	27.0	83.26
5	-49.0	-28.0	-11.0	73.0	-30.0	21.0	6.0	-86.0	63.64
6	66.0	-16.0	-16.0	-30.0	2.0	-36.0	68.0	-28.0	58.77
7	-90.0	-23.0	-41.0	23.0	-33.0	-20.0	37.0	-23.0	70.05
8	97.0	5.0	-27.0	-16.0	67.0	2.0	-44.0	25.0	69.68
9	127.0	-77.0	-41.0	-31.0	-6.0	-8.0	19.0	94.0	66.95
10	-11.0	116.0	-19.0	11.0	7.0	-19.0	-66.0	-2.0	79.25
11	-1.0	-88.0	-45.0	26.0	15.0	7.0	-15.0	25.0	73.86
12	-25.0	44.0	-1.0	25.0	12.0	-35.0	-21.0	44.0	74.03
13	110.0	33.0	-8.0	-49.0	8.0	-36.0	83.0	-13.0	74.03
14	66.0	-24.0	-32.0	-38.0	1.0	7.0	59.0	-82.0	64.3
15	-116.0	-35.0	101.0	2.0	2.0	-8.0	3.0	2.0	55.15
16	-11.0	9.0	-10.0	-15.0	47.0	23.0	-68.0	-14.0	66.95
17	57.0	-89.0	-109.0	-26.0	-4.0	-23.0	-42.0	77.0	58.77
18	35.0	64.0	61.0	4.0	-46.0	-32.0	-18.0	-20.0	53.36
19	32.0	-53.0	-18.0	0.0	-16.0	-9.0	127.0	-19.0	56.84
20	88.0	116.0	82.0	-49.0	-30.0	41.0	-99.0	9.0	64.45
21	4.0	1.0	-45.0	-19.0	11.0	20.0	-8.0	-61.0	63.06
22	-1.0	-2.0	64.0	33.0	-16.0	-14.0	-13.0	-9.0	53.98
23	-76.0	80.0	-119.0	10.0	-8.0	-49.0	-9.0	65.0	47.6
24	-57.0	56.0	-7.0	-9.0	29.0	-1.0	12.0	56.0	48.52
25	43.0	12.0	8.0	-103.0	-30.0	-40.0	-33.0	-2.0	52.38
26	-29.0	20.0	-11.0	-21.0	-4.0	5.0	-6.0	60.0	53.35
27	9.0	-97.0	2.0	77.0	-8.0	-21.0	-98.0	80.0	56.12
28	31.0	-88.0	-70.0	-18.0	-5.0	69.0	-10.0	-1.0	50.92
29	-42.0	56.0	38.0	10.0	-23.0	-5.0	7.0	-5.0	61.07
30	3.0	43.0	-66.0	-7.0	32.0	-3.0	-2.0	73.0	50.92
31	42.0	97.0	59.0	-126.0	-4.0	13.0	118.0	24.0	47.32
32	-51.0	-34.0	53.0	53.0	-28.0	8.0	-85.0	5.0	46.9
33	-116.0	16.0	4.0	-24.0	-3.0	-7.0	45.0	-67.0	46.9
34	-81.0	-11.0	-26.0	-13.0	-22.0	21.0	117.0	39.0	46.87
35	19.0	14.0	-4.0	-72.0	-17.0	-8.0	-70.0	30.0	46.76
36	-45.0	22.0	61.0	-9.0	28.0	-4.0	6.0	-60.0	47.07
37	-21.0	-33.0	-2.0	-128.0	-2.0	-16.0	34.0	28.0	47.07
38	-1.0	77.0	-43.0	118.0	4.0	42.0	-60.0	7.0	50.36
39	-27.0	-73.0	106.0	-1.0	-22.0	-8.0	0.0	19.0	49.28
40	-9.0	-15.0	4.0	40.0	-15.0	10.0	94.0	56.0	52.38
41	16.0	-89.0	-12.0	-55.0	-17.0	12.0	8.0	-22.0	58.48
42	55.0	127.0	-5.0	-70.0	25.0	69.0	-59.0	-2.0	63.06
43	66.0	-11.0	0.0	34.0	-28.0	-50.0	-115.0	-40.0	61.07
44	-51.0	-36.0	-70.0	-52.0	7.0	-2.0	-7.0	-10.0	78.78
45	-78.0	-78.0	-128.0	84.0	-15.0	19.0	-58.0	-47.0	83.26
46	-28.0	-1.0	9.0	22.0	-7.0	-57.0	53.0	69.0	86.92
47	-110.0	42.0	15.0	9.0	27.0	-10.0	-66.0	-10.0	85.09
48	-58.0	-27.0	80.0	-34.0	12.0	8.0	-38.0	19.0	90.47
49	97.0	23.0	-40.0	28.0	-12.0	8.0	69.0	-20.0	95.24
50	127.0	-56.0	0.0	14.0	16.0	-2.0	-49.0	-57.0	103.23
51	42.0	43.0	-15.0	-32.0	-14.0	34.0	22.0	-49.0	112.72
52	-5.0	-89.0	-41.0	-36.0	-40.0	26.0	-84.0	24.0	121.3
53	-126.0	6.0	-28.0	6.0	2.0	5.0	-41.0	20.0	110.78
54	31.0	60.0	107.0	-16.0	-5.0	68.0	67.0	-2.0	112.72
55	23.0	5.0	25.0	53.0	-39.0	-31.0	2.0	-48.0	107.52
56	64.0	115.0	12.0	24.0	-46.0	-17.0	85.0	-31.0	115.3
57	-47.0	-93.0	45.0	7.0	-5.0	-27.0	60.0	-10.0	121.36
58	-52.0	-128.0	-4.0	-15.0	-9.0	-39.0	-10.0	-41.0	124.55
59	41.0	-59.0	6.0	-34.0	-4.0	-25.0	-68.0	-54.0	124.73
60	127.0	24.0	35.0	-59.0	-3.0	6.0	-89.0	-34.0	117.53
61	4.0	18.0	-53.0	-35.0	67.0	-19.0	-100.0	4.0	118.67
62	64.0	6.0	-20.0	96.0	-45.0	66.0	63.0	96.0	95.24
63	-20.0	-4.0	-7.0	10.0	-21.0	-17.0	-18.0	-29.0	96.71
64	82.0	-108.0	-22.0	-40.0	11.0	13.0	79.0	-10.0	108.42
65	41.0	39.0	6.0	59.0	35.0	26.0	-78.0	73.0	123.15
66	25.0	2.0	-10.0	73.0	7.0	0.0	-73.0	-11.0	124.55
67	26.0	12.0	21.0	-16.0	-10.0	-36.0	13.0	-16.0	112.72
68	14.0	82.0	-41.0	-44.0	7.0	-6.0	-3.0	-16.0	112.72
69	127.0	-128.0	-83.0	19.0	-1.0	-37.0	-52.0	-14.0	107.52
70	-12.0	124.0	4.0	81.0	8.0	-26.0	-3.0	11.0	103.37
71	4.0	87.0	31.0	-20.0	-8.0	7.0	5.0	21.0	101.34
72	-54.0	-27.0	-67.0	-30.0	-13.0	-16.0	-11.0	-26.0	99.84
73	44.0	-89.0	10.0	117.0	-38.0	12.0	-60.0	-18.0	115.85
74	112.0	6.0	-12.0	-17.0	-9.0	-35.0	-27.0	-34.0	117.53
75	-86.0	-2.0	-26.0	4.0	-28.0	-21.0	-36.0	-29.0	119.91
76	21.0	-18.0	-83.0	-39.0	0.0	12.0	34.0	-7.0	123.15
77	-49.0	-11.0	103.0	46.0	24.0	-4.0	-55.0	12.0	125.47
78	50.0	26.0	-8.0	-124.0	11.0	-17.0	-18.0	22.0	114.71
