0	-123.0	34.0	31.0	-15.0	7.0	-12.0	-103.0	2.0	63.47
1	-89.0	-22.0	-81.0	16.0	2.0	-7.0	-7.0	2.0	67.49
2	127.0	44.0	127.0	62.0	-20.0	-10.0	16.0	-10.0	60.01
3	85.0	70.0	8.0	62.0	-5.0	0.0	-11.0	28.0	58.93
4	85.0	-50.0	-44.0	-38.0	7.0	20.0	75.0	11.0	62.23
5	-78.0	-75.0	-8.0	-20.0	-3.0	30.0	-70.0	19.0	60.22
6	90.0	-52.0	-61.0	9.0	-1.0	25.0	-39.0	94.0	71.82
7	123.0	50.0	6.0	107.0	29.0	10.0	-74.0	-10.0	54.4
8	-26.0	86.0	-13.0	-15.0	-5.0	-5.0	70.0	-56.0	54.4
9	25.0	-35.0	-4.0	-4.0	35.0	5.0	104.0	-29.0	57.02
10	-98.0	39.0	-2.0	-2.0	-18.0	11.0	3.0	34.0	60.01
11	61.0	-128.0	14.0	-29.0	3.0	-75.0	-57.0	19.0	73.35
12	79.0	42.0	127.0	57.0	12.0	-40.0	-3.0	-21.0	71.82
13	127.0	74.0	13.0	20.0	8.0	-4.0	32.0	-41.0	74.45
14	50.0	-78.0	-21.0	-9.0	-13.0	-77.0	17.0	-12.0	81.33
15	-9.0	84.0	-1.0	-55.0	-6.0	-35.0	37.0	75.0	83.69
16	-93.0	-89.0	-9.0	43.0	50.0	44.0	44.0	-8.0	86.77
17	-115.0	54.0	6.0	62.0	-1.0	-18.0	76.0	10.0	105.4
18	-49.0	28.0	31.0	-3.0	3.0	-56.0	-15.0	-7.0	102.85
19	19.0	90.0	-12.0	35.0	-9.0	-1.0	81.0	10.0	100.22
20	126.0	-103.0	-16.0	-9.0	-2.0	39.0	20.0	-21.0	114.22
21	46.0	-118.0	-33.0	-27.0	-4.0	9.0	5.0	53.0	106.24
22	-99.0	56.0	5.0	108.0	11.0	-19.0	-21.0	17.0	115.56
23	83.0	-48.0	13.0	5.0	-3.0	-3.0	5.0	-15.0	120.83
24	-56.0	-45.0	-15.0	-5.0	18.0	75.0	40.0	1.0	124.66
25	-105.0	127.0	24.0	-3.0	7.0	22.0	-14.0	-16.0	123.73
26	54.0	28.0	-22.0	103.0	-40.0	-23.0	-10.0	36.0	123.84
27	120.0	73.0	28.0	33.0	5.0	56.0	-68.0	7.0	128.39
28	-34.0	-37.0	37.0	-6.0	-9.0	-16.0	51.0	67.0	126.34
29	-93.0	-8.0	3.0	-74.0	-7.0	35.0	-39.0	50.0	123.13
30	-41.0	77.0	51.0	11.0	-10.0	-4.0	54.0	1.0	116.13
31	-58.0	-33.0	-53.0	-24.0	-9.0	-12.0	-55.0	-125.0	116.13
32	-44.0	127.0	8.0	-14.0	-16.0	-9.0	126.0	14.0	124.66
33	26.0	79.0	65.0	12.0	-7.0	-6.0	-56.0	2.0	122.85
34	16.0	-123.0	-29.0	-4.0	-13.0	84.0	110.0	-19.0	114.22
35	2.0	-95.0	-2.0	-2.0	-4.0	-31.0	-78.0	-4.0	117.4
36	-66.0	-24.0	-80.0	-90.0	7.0	8.0	21.0	7.0	123.84
37	-29.0	-128.0	-59.0	0.0	-9.0	-2.0	44.0	-45.0	121.91
38	-61.0	-18.0	-13.0	15.0	-17.0	-4.0	-32.0	3.0	121.91
39	-128.0	121.0	-19.0	6.0	20.0	16.0	-23.0	27.0	108.44
40	-91.0	-21.0	9.0	31.0	19.0	10.0	-36.0	9.0	89.36
41	117.0	-91.0	-62.0	-6.0	-15.0	-14.0	48.0	-50.0	90.24
42	4.0	-15.0	11.0	2.0	-4.0	-65.0	44.0	18.0	89.36
43	-102.0	-56.0	12.0	119.0	7.0	-14.0	-16.0	-21.0	86.82
44	99.0	-73.0	-21.0	5.0	-4.0	-29.0	-35.0	9.0	97.86
45	-67.0	78.0	-22.0	-15.0	11.0	-3.0	0.0	27.0	92.17
46	-128.0	5.0	-53.0	-13.0	10.0	-19.0	-25.0	-72.0	109.34
47	70.0	-70.0	2.0	-7.0	14.0	16.0	68.0	-31.0	93.67
48	-39.0	25.0	21.0	-53.0	-39.0	-33.0	-27.0	-10.0	94.47
49	127.0	-16.0	11.0	-28.0	1.0	-16.0	30.0	118.0	100.22
50	-11.0	28.0	-13.0	-28.0	-9.0	5.0	-51.0	2.0	97.0
51	-47.0	-128.0	-21.0	30.0	-6.0	38.0	11.0	-10.0	101.21
52	83.0	95.0	-3.0	-16.0	32.0	-27.0	-65.0	-24.0	101.21
53	-39.0	40.0	-120.0	-11.0	-2.0	-31.0	58.0	1.0	86.82
54	48.0	-69.0	-78.0	0.0	-3.0	47.0	-123.0	-3.0	79.13
55	-9.0	46.0	-18.0	45.0	-7.0	-13.0	23.0	-17.0	73.35
56	11.0	-10.0	-5.0	78.0	0.0	-1.0	89.0	26.0	77.26
57	119.0	25.0	69.0	-10.0	0.0	-23.0	71.0	33.0	59.44
58	-58.0	46.0	105.0	-18.0	-2.0	9.0	16.0	105.0	67.1
59	41.0	-67.0	101.0	-20.0	-29.0	-22.0	-16.0	3.0	60.22
60	-105.0	100.0	2.0	-65.0	-1.0	-7.0	66.0	18.0	55.67
61	51.0	25.0	-17.0	10.0	-3.0	16.0	-7.0	-40.0	51.42
62	64.0	47.0	5.0	-77.0	-4.0	7.0	24.0	-8.0	51.78
63	85.0	-30.0	-92.0	-18.0	1.0	-3.0	-46.0	-9.0	51.02
64	11.0	-115.0	8.0	-25.0	-1.0	-55.0	10.0	53.0	51.38
65	-29.0	6.0	-98.0	5.0	-3.0	19.0	83.0	52.0	53.28
66	61.0	-24.0	104.0	3.0	-10.0	41.0	-46.0	-44.0	53.48
67	29.0	76.0	58.0	-30.0	1.0	-5.0	-17.0	7.0	53.28
68	-90.0	45.0	19.0	-34.0	13.0	-38.0	-42.0	-23.0	51.25
69	-104.0	-56.0	60.0	-40.0	-6.0	-1.0	-31.0	-4.0	51.13
70	-76.0	-74.0	2.0	119.0	12.0	1.0	7.0	18.0	51.13
71	45.0	-15.0	110.0	-95.0	-6.0	-10.0	76.0	-39.0	51.15
72	-29.0	-57.0	-25.0	-13.0	28.0	16.0	7.0	-1.0	51.38
73	-40.0	-27.0	18.0	-20.0	-8.0	-10.0	3.0	-33.0	51.82
74	-77.0	-116.0	-14.0	41.0	-1.0	-5.0	-22.0	13.0	52.81
75	5.0	0.0	-12.0	127.0	-1.0	-6.0	-66.0	8.0	53.37
76	-37.0	-38.0	-17.0	-109.0	-7.0	40.0	38.0	-4.0	53.48
77	48.0	127.0	2.0	56.0	-31.0	-14.0	59.0	-20.0	59.97
