0	-51.0	26.0	-7.0	19.0	-7.0	-31.0	18.0	-19.0	104.45
1	-1.0	-12.0	-18.0	6.0	-3.0	25.0	-14.0	18.0	99.57
2	7.0	121.0	88.0	14.0	2.0	-4.0	-6.0	19.0	99.57
3	8.0	9.0	19.0	-9.0	-13.0	-5.0	10.0	54.0	97.26
4	-38.0	1.0	-16.0	-4.0	3.0	9.0	-14.0	-42.0	78.2
5	10.0	14.0	-4.0	12.0	-6.0	-8.0	116.0	-11.0	90.87
6	-84.0	19.0	-7.0	4.0	17.0	2.0	-12.0	-5.0	88.43
7	-13.0	-30.0	-29.0	13.0	-3.0	7.0	-10.0	-12.0	92.91
8	-65.0	-10.0	-3.0	-4.0	0.0	13.0	-11.0	25.0	87.24
9	66.0	-57.0	-8.0	1.0	1.0	-9.0	2.0	-25.0	82.67
10	-3.0	34.0	-20.0	-5.0	21.0	-6.0	-11.0	10.0	63.84
11	74.0	-64.0	32.0	-11.0	-15.0	3.0	87.0	-46.0	52.46
12	28.0	-6.0	-11.0	-96.0	-1.0	24.0	8.0	4.0	59.6
13	35.0	-22.0	-2.0	-1.0	41.0	-3.0	6.0	41.0	55.24
14	42.0	40.0	-4.0	-18.0	6.0	2.0	7.0	-28.0	47.14
15	-34.0	-33.0	21.0	-4.0	12.0	6.0	-9.0	39.0	48.33
16	13.0	-14.0	-10.0	6.0	5.0	-25.0	-1.0	14.0	47.14
17	-29.0	1.0	2.0	3.0	-1.0	-9.0	1.0	34.0	43.88
18	0.0	-1.0	7.0	25.0	5.0	0.0	35.0	-7.0	42.26
19	-10.0	61.0	-83.0	10.0	9.0	10.0	1.0	19.0	45.8
20	12.0	-80.0	9.0	-18.0	-4.0	-49.0	-7.0	-38.0	36.01
21	48.0	30.0	0.0	-10.0	-14.0	5.0	46.0	20.0	31.74
22	-65.0	-14.0	-11.0	-18.0	28.0	62.0	4.0	24.0	39.69
23	30.0	-25.0	5.0	-8.0	7.0	-12.0	-60.0	20.0	36.29
24	-25.0	1.0	19.0	12.0	-1.0	-7.0	3.0	-55.0	31.74
25	32.0	-33.0	46.0	-40.0	-1.0	22.0	-9.0	87.0	42.8
26	-15.0	59.0	47.0	12.0	13.0	9.0	9.0	0.0	36.05
27	6.0	36.0	-42.0	-16.0	-3.0	-1.0	-1.0	-15.0	42.8
28	-56.0	-53.0	-53.0	-2.0	-14.0	-5.0	-26.0	40.0	39.54
29	-20.0	-57.0	13.0	-8.0	-9.0	20.0	-12.0	43.0	45.8
30	-49.0	16.0	2.0	8.0	2.0	-2.0	-128.0	11.0	49.66
31	8.0	-91.0	-71.0	-12.0	5.0	4.0	17.0	7.0	47.75
32	-45.0	-31.0	-14.0	14.0	-10.0	-2.0	-3.0	11.0	48.52
33	127.0	99.0	-43.0	-14.0	-6.0	20.0	0.0	-11.0	52.0
34	-39.0	-3.0	-2.0	39.0	6.0	-6.0	-15.0	127.0	52.46
35	8.0	7.0	4.0	-15.0	0.0	-2.0	38.0	-5.0	54.9
36	42.0	-77.0	-71.0	10.0	-9.0	0.0	12.0	-117.0	57.15
37	2.0	2.0	-11.0	25.0	4.0	6.0	8.0	-27.0	59.6
38	-4.0	38.0	2.0	0.0	8.0	-4.0	-19.0	-13.0	80.66
39	76.0	-56.0	27.0	9.0	5.0	36.0	-20.0	33.0	72.25
40	14.0	21.0	12.0	3.0	3.0	-24.0	-2.0	11.0	70.62
41	-11.0	-82.0	21.0	-24.0	17.0	-17.0	7.0	-16.0	78.2
42	-11.0	-50.0	-6.0	-7.0	10.0	3.0	88.0	20.0	69.07
43	-2.0	40.0	-5.0	-2.0	19.0	2.0	-26.0	-24.0	68.86
44	-34.0	13.0	-13.0	-6.0	8.0	0.0	-18.0	-4.0	61.0
45	-49.0	1.0	-12.0	11.0	4.0	2.0	8.0	-27.0	57.15
46	-21.0	-58.0	-58.0	-5.0	-21.0	-2.0	-17.0	16.0	65.91
47	-22.0	-18.0	63.0	-14.0	-7.0	0.0	-15.0	-19.0	69.07
48	17.0	17.0	-22.0	-4.0	-8.0	-9.0	-25.0	30.0	90.87
49	-55.0	42.0	47.0	-3.0	2.0	5.0	-1.0	26.0	99.24
50	-30.0	10.0	-34.0	-9.0	8.0	-12.0	11.0	-5.0	108.82
51	-14.0	-30.0	77.0	11.0	12.0	4.0	-7.0	4.0	108.82
52	1.0	-7.0	-16.0	1.0	8.0	-8.0	9.0	11.0	114.46
53	-10.0	-26.0	52.0	6.0	3.0	4.0	29.0	49.0	114.17
54	11.0	-34.0	-23.0	8.0	-19.0	7.0	7.0	-12.0	117.23
55	-4.0	35.0	-68.0	3.0	-8.0	9.0	-23.0	-9.0	119.63
56	59.0	-23.0	-8.0	-42.0	-7.0	82.0	-32.0	-7.0	119.85
57	-4.0	-10.0	20.0	8.0	1.0	-16.0	-22.0	16.0	120.4
58	10.0	2.0	-17.0	18.0	10.0	-9.0	42.0	-29.0	119.84
59	5.0	-34.0	-2.0	-66.0	-8.0	20.0	-3.0	2.0	118.73
60	-70.0	-30.0	68.0	13.0	9.0	-4.0	-18.0	17.0	119.84
61	-65.0	-3.0	-23.0	-2.0	8.0	-1.0	12.0	-35.0	118.73
62	30.0	-8.0	-10.0	-20.0	41.0	-4.0	-19.0	2.0	117.82
63	-15.0	-21.0	-9.0	3.0	9.0	2.0	17.0	-22.0	116.13
64	42.0	-65.0	15.0	-21.0	5.0	25.0	-26.0	1.0	112.86
65	-79.0	-12.0	-21.0	-28.0	0.0	-35.0	3.0	19.0	114.17
66	-16.0	-5.0	-14.0	-23.0	10.0	20.0	2.0	51.0	109.68
67	-73.0	16.0	31.0	-6.0	15.0	-9.0	2.0	22.0	112.86
68	24.0	-78.0	-11.0	5.0	-4.0	4.0	-12.0	11.0	107.63
69	-21.0	-5.0	0.0	-4.0	2.0	6.0	-2.0	3.0	106.07
70	-18.0	-3.0	21.0	12.0	10.0	-5.0	4.0	113.0	110.24
71	69.0	-9.0	13.0	-1.0	-5.0	8.0	-3.0	14.0	106.78
72	-101.0	51.0	7.0	-7.0	-26.0	-11.0	21.0	4.0	107.63
73	-18.0	-51.0	-15.0	-6.0	5.0	27.0	16.0	1.0	103.49
74	-10.0	-11.0	9.0	15.0	-7.0	-3.0	18.0	56.0	88.43
75	-38.0	5.0	3.0	-11.0	-2.0	6.0	13.0	32.0	104.45
76	-14.0	-11.0	49.0	24.0	-3.0	-13.0	5.0	28.0	94.24
77	-3.0	3.0	0.0	-27.0	-7.0	2.0	-4.0	-24.0	98.42
78	14.0	-26.0	-11.0	-19.0	-17.0	4.0	32.0	-4.0	103.56
