0	76.0	-30.0	-10.0	-24.0	2.0	82.0	-18.0	11.0	119.84
1	8.0	-57.0	-21.0	25.0	3.0	-35.0	-11.0	4.0	119.63
2	-10.0	-3.0	-11.0	-4.0	0.0	4.0	-1.0	20.0	117.82
3	48.0	-23.0	49.0	12.0	41.0	2.0	1.0	-12.0	119.85
4	-56.0	-7.0	-14.0	15.0	21.0	-16.0	6.0	22.0	117.23
5	12.0	38.0	20.0	-27.0	6.0	4.0	-23.0	-5.0	108.82
6	-38.0	-58.0	13.0	-4.0	10.0	4.0	18.0	24.0	112.86
7	74.0	-5.0	21.0	1.0	13.0	-5.0	-15.0	14.0	99.24
8	-65.0	-1.0	-7.0	-6.0	-4.0	-6.0	-1.0	-11.0	94.24
9	-21.0	99.0	19.0	3.0	4.0	-4.0	8.0	-117.0	88.43
10	-55.0	-11.0	-11.0	-12.0	41.0	24.0	-3.0	-25.0	72.25
11	-4.0	-18.0	-58.0	12.0	-3.0	-9.0	3.0	87.0	78.2
12	-70.0	-56.0	-16.0	-1.0	-3.0	-24.0	-7.0	-19.0	69.07
13	10.0	1.0	7.0	6.0	8.0	9.0	-12.0	-42.0	68.86
14	-34.0	14.0	-10.0	14.0	2.0	20.0	88.0	-11.0	59.6
15	-1.0	-12.0	7.0	-8.0	8.0	-9.0	-4.0	-4.0	57.15
16	-49.0	61.0	-11.0	-7.0	-7.0	-2.0	-19.0	1.0	52.46
17	14.0	-64.0	-2.0	-5.0	0.0	20.0	-9.0	34.0	47.14
18	-18.0	-31.0	-42.0	-4.0	-9.0	2.0	10.0	51.0	45.8
19	-11.0	-11.0	0.0	-20.0	-1.0	4.0	7.0	-24.0	36.05
20	32.0	36.0	9.0	-10.0	-7.0	2.0	3.0	14.0	31.74
21	-15.0	42.0	-20.0	-96.0	2.0	-9.0	-17.0	54.0	31.74
22	-10.0	-57.0	-71.0	12.0	15.0	7.0	16.0	-27.0	36.01
23	127.0	-34.0	47.0	-11.0	12.0	2.0	17.0	56.0	36.29
24	-73.0	-30.0	12.0	-9.0	-1.0	5.0	2.0	26.0	42.8
25	42.0	9.0	15.0	13.0	5.0	6.0	-32.0	18.0	48.52
26	-65.0	-9.0	9.0	-66.0	5.0	-3.0	-12.0	-24.0	57.15
27	35.0	-91.0	-11.0	10.0	-15.0	-1.0	8.0	4.0	52.46
28	-20.0	3.0	-22.0	8.0	10.0	-5.0	42.0	0.0	63.84
29	17.0	17.0	21.0	-18.0	5.0	-5.0	87.0	33.0	65.91
30	-14.0	-8.0	-12.0	9.0	-3.0	62.0	21.0	19.0	61.0
31	-49.0	-30.0	-5.0	19.0	19.0	-25.0	0.0	-38.0	55.24
32	-39.0	40.0	-7.0	-7.0	8.0	2.0	-2.0	127.0	54.9
33	-38.0	-53.0	-4.0	-8.0	7.0	-9.0	-60.0	41.0	39.54
34	-4.0	-34.0	-29.0	5.0	-4.0	-2.0	-26.0	25.0	42.8
35	24.0	51.0	-43.0	-28.0	3.0	0.0	116.0	-16.0	39.69
36	-51.0	-82.0	-2.0	-18.0	-8.0	3.0	-25.0	-29.0	42.26
37	6.0	59.0	-8.0	-14.0	-9.0	5.0	9.0	11.0	47.75
38	-25.0	13.0	63.0	-5.0	5.0	-12.0	-9.0	32.0	45.8
39	-65.0	-22.0	-9.0	0.0	9.0	-8.0	1.0	-13.0	48.33
40	-84.0	-6.0	-53.0	24.0	-3.0	27.0	12.0	49.0	47.14
41	-3.0	-80.0	46.0	8.0	-1.0	8.0	9.0	-46.0	43.88
42	69.0	19.0	-13.0	-23.0	-8.0	-2.0	5.0	16.0	49.66
43	42.0	-33.0	4.0	4.0	1.0	20.0	-26.0	-5.0	52.0
44	30.0	-26.0	-14.0	13.0	-10.0	20.0	18.0	-5.0	59.6
45	42.0	-12.0	-4.0	-3.0	1.0	-11.0	7.0	2.0	82.67
46	-11.0	1.0	-15.0	39.0	10.0	6.0	46.0	-22.0	70.62
47	8.0	2.0	-2.0	-1.0	-2.0	2.0	-2.0	-4.0	90.87
48	1.0	-14.0	47.0	3.0	0.0	9.0	32.0	11.0	88.43
49	14.0	-78.0	-83.0	12.0	8.0	-49.0	-11.0	3.0	87.24
50	-18.0	-50.0	88.0	-2.0	8.0	3.0	35.0	2.0	69.07
51	11.0	-25.0	0.0	8.0	5.0	-4.0	13.0	7.0	78.2
52	-4.0	121.0	0.0	-2.0	-6.0	4.0	-19.0	113.0	80.66
53	7.0	-3.0	-8.0	1.0	-6.0	0.0	-1.0	-28.0	90.87
54	66.0	30.0	5.0	-14.0	6.0	-3.0	38.0	-9.0	92.91
55	-30.0	-10.0	-16.0	-40.0	-7.0	36.0	2.0	-15.0	103.56
56	5.0	1.0	68.0	-16.0	-7.0	-31.0	-3.0	-7.0	106.07
57	13.0	10.0	-68.0	25.0	17.0	13.0	-26.0	10.0	107.63
58	-2.0	-5.0	-3.0	-9.0	28.0	-2.0	-6.0	40.0	97.26
59	-34.0	-21.0	21.0	18.0	-1.0	-6.0	-22.0	30.0	104.45
60	-29.0	26.0	32.0	-18.0	-8.0	10.0	-14.0	16.0	114.17
61	8.0	-65.0	2.0	-19.0	9.0	6.0	2.0	11.0	116.13
62	-22.0	21.0	31.0	10.0	17.0	9.0	-18.0	-27.0	110.24
63	-21.0	34.0	-23.0	-42.0	9.0	-8.0	-15.0	-7.0	112.86
64	59.0	2.0	-6.0	-21.0	5.0	7.0	-12.0	19.0	104.45
65	-16.0	7.0	13.0	-6.0	4.0	-9.0	11.0	17.0	114.17
66	30.0	40.0	19.0	3.0	-5.0	-4.0	-7.0	20.0	118.73
67	0.0	-3.0	-34.0	-4.0	3.0	6.0	8.0	-55.0	114.46
68	28.0	16.0	-17.0	11.0	-21.0	-17.0	7.0	1.0	109.68
69	2.0	-10.0	-18.0	-2.0	-14.0	-1.0	29.0	-12.0	107.63
70	-15.0	-14.0	-11.0	11.0	-14.0	-13.0	-14.0	19.0	99.57
71	-14.0	16.0	2.0	-6.0	12.0	25.0	-3.0	-35.0	98.42
72	-79.0	-33.0	-71.0	6.0	-19.0	25.0	4.0	39.0	99.57
73	10.0	-26.0	52.0	-15.0	2.0	-12.0	-128.0	-19.0	106.78
74	-101.0	1.0	2.0	6.0	-13.0	-7.0	-10.0	20.0	103.49
75	-3.0	-77.0	77.0	3.0	10.0	22.0	-20.0	11.0	108.82
76	-13.0	5.0	-23.0	14.0	-7.0	-4.0	4.0	43.0	118.73
77	-45.0	35.0	3.0	-11.0	-17.0	0.0	12.0	28.0	119.84
78	-10.0	-51.0	27.0	-4.0	-26.0	0.0	17.0	4.0	120.4
