0	82.0	127.0	61.0	-14.0	1.0	5.0	-3.0	9.0	73.29
1	12.0	-11.0	-1.0	-28.0	4.0	-9.0	-1.0	2.0	94.23
2	-91.0	79.0	13.0	-12.0	-26.0	-29.0	0.0	-6.0	89.54
3	-27.0	-85.0	-51.0	25.0	3.0	1.0	9.0	-19.0	80.18
4	-20.0	-24.0	106.0	-16.0	17.0	3.0	-8.0	-17.0	79.32
5	7.0	-87.0	-10.0	40.0	4.0	-6.0	-14.0	29.0	53.86
6	1.0	5.0	16.0	-38.0	5.0	-7.0	-11.0	-2.0	58.58
7	106.0	-23.0	5.0	0.0	-4.0	-1.0	7.0	-20.0	63.79
8	69.0	-92.0	-57.0	29.0	-5.0	-1.0	11.0	6.0	58.09
9	-8.0	9.0	-15.0	-41.0	-4.0	9.0	0.0	19.0	68.19
10	13.0	-28.0	3.0	16.0	9.0	-3.0	3.0	11.0	79.32
11	4.0	6.0	-71.0	32.0	10.0	-2.0	-2.0	14.0	75.6
12	31.0	69.0	124.0	-46.0	9.0	-7.0	-13.0	-1.0	68.19
13	24.0	-9.0	-11.0	26.0	-3.0	-4.0	13.0	7.0	55.17
14	19.0	-67.0	3.0	7.0	5.0	-3.0	-7.0	2.0	54.98
15	69.0	24.0	21.0	-12.0	-9.0	0.0	1.0	-1.0	52.46
16	-89.0	2.0	-119.0	-16.0	-2.0	3.0	5.0	-17.0	58.22
17	-80.0	-5.0	24.0	-8.0	-6.0	15.0	10.0	13.0	43.21
18	127.0	-9.0	-35.0	-27.0	-50.0	-7.0	0.0	-3.0	43.06
19	-84.0	-29.0	-14.0	-8.0	8.0	-1.0	4.0	-28.0	53.74
20	52.0	39.0	-17.0	3.0	-25.0	8.0	3.0	30.0	49.71
21	-73.0	-9.0	1.0	-12.0	-6.0	0.0	0.0	9.0	55.5
22	-43.0	51.0	-9.0	8.0	11.0	-1.0	5.0	-20.0	50.65
23	-11.0	-7.0	-8.0	4.0	1.0	24.0	-1.0	-34.0	50.65
24	-11.0	-85.0	27.0	-11.0	32.0	-5.0	-1.0	5.0	71.25
25	15.0	19.0	-1.0	-10.0	-17.0	-2.0	0.0	6.0	64.05
26	-13.0	-66.0	-7.0	88.0	6.0	6.0	-9.0	-9.0	59.31
27	-27.0	-14.0	-7.0	13.0	5.0	-8.0	12.0	-16.0	60.92
28	47.0	71.0	3.0	7.0	27.0	1.0	-5.0	6.0	59.18
29	24.0	-14.0	-6.0	7.0	1.0	-1.0	0.0	26.0	54.98
30	-78.0	-47.0	18.0	-41.0	51.0	2.0	-13.0	-15.0	64.05
31	-8.0	39.0	-128.0	3.0	7.0	-6.0	-3.0	-10.0	67.43
32	-23.0	-10.0	15.0	-12.0	-13.0	-22.0	-5.0	-3.0	58.04
33	-22.0	-78.0	-36.0	-6.0	-23.0	2.0	2.0	-3.0	59.31
34	-5.0	102.0	-103.0	0.0	2.0	6.0	-5.0	-5.0	55.79
35	-45.0	8.0	-3.0	-13.0	-2.0	7.0	-1.0	-1.0	58.04
36	-2.0	41.0	-6.0	-3.0	5.0	-11.0	0.0	-3.0	51.5
37	29.0	30.0	-8.0	-52.0	0.0	8.0	-6.0	-13.0	48.8
38	-75.0	-14.0	11.0	-15.0	-49.0	3.0	3.0	-20.0	49.29
39	-7.0	-63.0	-16.0	15.0	-20.0	-4.0	21.0	-5.0	49.71
40	30.0	-15.0	-8.0	2.0	2.0	5.0	4.0	43.0	53.86
41	-17.0	-121.0	-97.0	16.0	12.0	9.0	-4.0	2.0	60.89
42	21.0	30.0	-18.0	-116.0	0.0	0.0	20.0	-4.0	80.18
43	-29.0	27.0	-115.0	-12.0	-2.0	0.0	-11.0	-11.0	100.16
44	8.0	6.0	37.0	9.0	-2.0	3.0	6.0	-11.0	113.82
45	67.0	32.0	-50.0	-33.0	3.0	-12.0	25.0	-19.0	106.55
46	-10.0	-81.0	-15.0	-92.0	2.0	15.0	-16.0	-4.0	87.58
47	-25.0	-16.0	16.0	-5.0	-6.0	-5.0	-32.0	27.0	97.75
48	-12.0	5.0	-28.0	-40.0	-18.0	0.0	4.0	-21.0	85.42
49	8.0	-11.0	-14.0	19.0	-2.0	4.0	8.0	-44.0	106.1
50	-17.0	115.0	-41.0	2.0	19.0	1.0	0.0	6.0	118.58
51	36.0	-6.0	12.0	-9.0	10.0	-6.0	-3.0	1.0	127.0
52	-53.0	43.0	-6.0	-15.0	-3.0	1.0	-1.0	-10.0	123.1
53	-71.0	-17.0	-3.0	38.0	3.0	3.0	-17.0	-19.0	123.1
54	-75.0	-32.0	10.0	-102.0	11.0	-2.0	-8.0	-12.0	115.02
55	-84.0	-2.0	-1.0	9.0	-15.0	-13.0	-3.0	-24.0	117.1
56	-2.0	-26.0	-8.0	-1.0	1.0	20.0	10.0	-10.0	110.71
57	-36.0	-29.0	2.0	-5.0	30.0	-2.0	-9.0	2.0	129.81
58	-16.0	5.0	-39.0	40.0	-6.0	5.0	-10.0	10.0	129.9
59	-73.0	-46.0	-7.0	-28.0	-3.0	-1.0	2.0	8.0	120.76
60	-14.0	-4.0	-4.0	0.0	3.0	4.0	22.0	29.0	130.56
61	-111.0	-5.0	5.0	2.0	-8.0	1.0	1.0	-11.0	129.76
62	1.0	-5.0	27.0	-18.0	6.0	1.0	0.0	7.0	130.61
63	-78.0	-53.0	-7.0	-8.0	-6.0	-16.0	-1.0	23.0	129.09
64	-42.0	-7.0	2.0	-5.0	-15.0	0.0	-4.0	9.0	130.34
65	0.0	-55.0	6.0	11.0	5.0	-4.0	-3.0	-21.0	130.56
66	12.0	-126.0	-15.0	5.0	-9.0	-7.0	-17.0	7.0	130.73
67	-16.0	-1.0	81.0	-9.0	-7.0	-6.0	-13.0	-7.0	127.2
68	-10.0	-102.0	-14.0	1.0	-9.0	3.0	0.0	4.0	120.76
69	-128.0	-11.0	1.0	-16.0	15.0	1.0	4.0	-9.0	94.23
70	-70.0	-58.0	-50.0	5.0	-53.0	-4.0	-2.0	9.0	124.28
71	-15.0	-87.0	-61.0	-20.0	0.0	-2.0	-3.0	11.0	129.9
72	-7.0	34.0	-64.0	-2.0	1.0	0.0	22.0	-36.0	116.3
73	7.0	-2.0	0.0	6.0	9.0	3.0	-3.0	-47.0	129.09
74	-9.0	-66.0	-5.0	5.0	10.0	14.0	-8.0	52.0	127.2
75	50.0	-1.0	-7.0	24.0	3.0	-2.0	19.0	28.0	106.55
76	-53.0	0.0	12.0	31.0	-4.0	2.0	-12.0	-12.0	116.3
77	-66.0	-59.0	-51.0	15.0	0.0	-7.0	4.0	-21.0	91.63
78	67.0	127.0	6.0	8.0	-1.0	3.0	-8.0	6.0	93.67
79	-26.0	-37.0	62.0	-17.0	11.0	10.0	3.0	-30.0	102.44
