0	-5.0	-128.0	99.0	1.0	16.0	-14.0	-54.0	-24.0	115.41
1	-112.0	90.0	-94.0	-52.0	21.0	-22.0	-4.0	47.0	103.74
2	-112.0	47.0	-121.0	-35.0	13.0	47.0	-20.0	-35.0	112.0
3	-42.0	-102.0	-10.0	-23.0	13.0	12.0	-36.0	-47.0	110.72
4	-118.0	19.0	-22.0	-128.0	5.0	33.0	21.0	7.0	95.02
5	86.0	85.0	-31.0	-48.0	-4.0	-33.0	2.0	-40.0	103.74
6	-59.0	-117.0	21.0	-7.0	27.0	17.0	-1.0	-3.0	99.61
7	10.0	127.0	-12.0	-63.0	2.0	11.0	35.0	-24.0	100.6
8	31.0	-24.0	-7.0	-9.0	6.0	-22.0	9.0	14.0	91.59
9	-107.0	-27.0	108.0	3.0	-2.0	11.0	-72.0	20.0	87.39
10	-1.0	68.0	-1.0	-47.0	-6.0	-13.0	-8.0	-29.0	99.61
11	14.0	-118.0	17.0	-27.0	-7.0	-7.0	-8.0	-8.0	87.02
12	-90.0	25.0	-11.0	36.0	8.0	30.0	-128.0	59.0	109.13
13	-44.0	14.0	4.0	-91.0	8.0	-10.0	38.0	11.0	97.17
14	-5.0	-16.0	91.0	80.0	5.0	-22.0	-64.0	28.0	91.32
15	-128.0	-61.0	2.0	-12.0	11.0	15.0	89.0	15.0	93.53
16	25.0	-83.0	-8.0	-17.0	11.0	-7.0	-73.0	29.0	64.54
17	118.0	-23.0	-128.0	-20.0	-12.0	10.0	9.0	-27.0	70.51
18	-57.0	1.0	-14.0	-28.0	-4.0	23.0	42.0	-3.0	49.95
19	-82.0	-63.0	-39.0	21.0	-15.0	-3.0	22.0	32.0	51.63
20	127.0	-106.0	7.0	46.0	-17.0	-4.0	39.0	-4.0	50.03
21	-36.0	47.0	8.0	4.0	-5.0	58.0	-80.0	18.0	60.64
22	-7.0	-22.0	-12.0	-9.0	-5.0	-4.0	5.0	-10.0	50.14
23	62.0	-81.0	34.0	-52.0	2.0	18.0	94.0	-36.0	51.32
24	-128.0	-21.0	14.0	-128.0	5.0	-12.0	-13.0	19.0	50.72
25	38.0	-98.0	-22.0	6.0	-15.0	-61.0	13.0	16.0	54.55
26	55.0	-65.0	56.0	-47.0	1.0	-13.0	30.0	-61.0	51.54
27	-35.0	40.0	34.0	4.0	10.0	-14.0	-28.0	23.0	70.3
28	9.0	-98.0	29.0	-95.0	-10.0	-13.0	-44.0	53.0	60.0
29	98.0	-128.0	-27.0	-9.0	4.0	-33.0	-31.0	-6.0	59.74
30	-48.0	1.0	-17.0	-21.0	10.0	-5.0	34.0	9.0	62.31
31	-24.0	-108.0	13.0	-127.0	-3.0	-13.0	18.0	-54.0	58.88
32	-6.0	127.0	-11.0	98.0	7.0	-2.0	-40.0	-6.0	63.77
33	127.0	-37.0	62.0	-22.0	2.0	-23.0	-42.0	39.0	63.77
34	-14.0	33.0	-2.0	-2.0	-13.0	-23.0	-31.0	19.0	60.0
35	-14.0	-47.0	-38.0	112.0	-6.0	16.0	-29.0	3.0	71.62
36	-57.0	-36.0	101.0	21.0	2.0	10.0	-63.0	-9.0	66.37
37	127.0	-23.0	-46.0	9.0	-21.0	-19.0	-7.0	-17.0	62.31
38	125.0	127.0	-19.0	-54.0	7.0	2.0	41.0	-124.0	50.61
39	12.0	25.0	1.0	-8.0	-7.0	-17.0	42.0	-80.0	50.14
40	65.0	24.0	-31.0	25.0	-8.0	-15.0	-8.0	-5.0	55.48
41	-122.0	-67.0	1.0	35.0	-3.0	32.0	6.0	18.0	51.32
42	122.0	84.0	-84.0	-26.0	-11.0	-12.0	-13.0	3.0	49.76
43	76.0	-79.0	2.0	25.0	-2.0	5.0	-5.0	0.0	49.53
44	-30.0	-64.0	8.0	5.0	16.0	20.0	-20.0	-7.0	49.23
45	64.0	-7.0	-125.0	-5.0	0.0	10.0	50.0	11.0	49.53
46	16.0	-72.0	-128.0	35.0	-1.0	5.0	-22.0	-3.0	56.46
47	-90.0	-13.0	-12.0	-3.0	17.0	0.0	-116.0	3.0	53.77
48	-29.0	-1.0	-5.0	-9.0	1.0	35.0	69.0	-72.0	67.7
49	-35.0	-83.0	45.0	13.0	-2.0	7.0	56.0	-2.0	51.67
50	-41.0	-14.0	-97.0	-3.0	6.0	40.0	-18.0	-5.0	70.3
51	-25.0	41.0	-67.0	-69.0	3.0	33.0	-22.0	-33.0	54.55
52	31.0	-23.0	-90.0	21.0	-10.0	15.0	13.0	5.0	76.31
53	-66.0	57.0	-60.0	94.0	4.0	33.0	-13.0	3.0	70.51
54	127.0	15.0	-11.0	-105.0	-19.0	9.0	9.0	40.0	82.43
55	-54.0	-102.0	28.0	-2.0	4.0	-5.0	19.0	45.0	82.79
56	127.0	-6.0	-70.0	46.0	4.0	-20.0	14.0	-15.0	77.23
57	-9.0	-35.0	-13.0	-73.0	-19.0	-24.0	-21.0	0.0	87.39
58	22.0	101.0	6.0	7.0	49.0	-1.0	6.0	-2.0	89.29
59	-119.0	89.0	-8.0	73.0	-1.0	4.0	-18.0	-13.0	82.79
60	127.0	-38.0	12.0	-21.0	-13.0	0.0	-5.0	-4.0	80.23
61	-97.0	-45.0	68.0	-6.0	-4.0	-3.0	37.0	15.0	93.53
62	-67.0	91.0	-15.0	2.0	0.0	45.0	51.0	-2.0	104.73
63	116.0	53.0	-69.0	14.0	-33.0	29.0	-35.0	-1.0	115.41
64	80.0	43.0	84.0	-9.0	2.0	-6.0	9.0	-34.0	116.16
65	-21.0	55.0	-4.0	1.0	-3.0	16.0	-7.0	4.0	120.08
66	-23.0	83.0	-40.0	-94.0	11.0	45.0	-12.0	16.0	126.28
67	22.0	-41.0	32.0	0.0	2.0	2.0	6.0	-29.0	121.27
68	39.0	-14.0	-19.0	-37.0	-5.0	-8.0	110.0	-12.0	124.92
69	-77.0	93.0	-53.0	21.0	-3.0	-10.0	-16.0	30.0	125.85
70	52.0	-34.0	-9.0	73.0	-6.0	-11.0	53.0	-84.0	124.33
71	-58.0	-86.0	-48.0	-13.0	1.0	-3.0	19.0	17.0	125.33
72	17.0	57.0	-30.0	-24.0	11.0	7.0	3.0	14.0	126.28
73	-128.0	127.0	20.0	-32.0	-19.0	11.0	-51.0	-57.0	116.16
74	-25.0	37.0	-92.0	-114.0	-6.0	-23.0	15.0	26.0	126.48
75	7.0	-25.0	-64.0	42.0	5.0	4.0	-49.0	-4.0	123.27
76	-24.0	20.0	15.0	25.0	11.0	-36.0	2.0	13.0	123.27
77	-128.0	-115.0	-18.0	-56.0	8.0	-6.0	66.0	34.0	117.76
