0	-52.0	127.0	-44.0	28.0	-15.0	-15.0	-2.0	-34.0	64.08
1	-40.0	-50.0	-55.0	33.0	1.0	0.0	-6.0	33.0	64.08
2	25.0	-128.0	51.0	-16.0	-2.0	0.0	7.0	11.0	65.77
3	80.0	4.0	43.0	-36.0	-4.0	9.0	-4.0	-48.0	57.21
4	85.0	44.0	-101.0	30.0	-1.0	23.0	2.0	-16.0	65.83
5	97.0	13.0	29.0	56.0	-5.0	-3.0	13.0	9.0	68.44
6	-17.0	-16.0	11.0	-8.0	10.0	3.0	-3.0	28.0	82.22
7	-3.0	-42.0	-113.0	12.0	-6.0	-6.0	-12.0	-32.0	83.23
8	84.0	-50.0	55.0	78.0	-15.0	-14.0	-4.0	-67.0	100.55
9	30.0	-5.0	52.0	72.0	25.0	3.0	-3.0	-6.0	117.39
10	-115.0	-67.0	-15.0	-38.0	27.0	-6.0	-7.0	-17.0	124.26
11	-44.0	78.0	35.0	-24.0	31.0	-11.0	-1.0	-10.0	112.29
12	110.0	87.0	28.0	-19.0	0.0	19.0	9.0	-87.0	104.87
13	30.0	127.0	55.0	-28.0	4.0	8.0	-17.0	5.0	84.64
14	-74.0	43.0	-60.0	-43.0	-32.0	-10.0	-21.0	26.0	101.85
15	-45.0	-81.0	23.0	0.0	6.0	-9.0	4.0	73.0	122.02
16	-99.0	-39.0	26.0	114.0	3.0	-11.0	-6.0	-45.0	121.21
17	-81.0	10.0	-4.0	-3.0	-7.0	28.0	1.0	17.0	130.97
18	-89.0	33.0	88.0	-19.0	2.0	-2.0	2.0	-25.0	128.65
19	-128.0	-100.0	-123.0	33.0	-4.0	28.0	-12.0	-10.0	130.1
20	-74.0	-39.0	79.0	42.0	9.0	-7.0	-17.0	31.0	132.06
21	118.0	26.0	45.0	-96.0	-6.0	-2.0	-13.0	9.0	126.01
22	127.0	56.0	-50.0	-21.0	5.0	0.0	-18.0	-11.0	132.88
23	-110.0	127.0	52.0	66.0	12.0	11.0	-10.0	28.0	132.98
24	-128.0	108.0	4.0	20.0	4.0	20.0	-1.0	-106.0	131.82
25	113.0	82.0	6.0	-42.0	-4.0	-23.0	3.0	0.0	131.98
26	-50.0	-14.0	78.0	-44.0	5.0	-9.0	17.0	-42.0	129.34
27	-46.0	93.0	-128.0	23.0	-9.0	-40.0	9.0	0.0	131.97
28	43.0	-128.0	-5.0	-45.0	-3.0	4.0	-5.0	28.0	131.35
29	-45.0	-72.0	1.0	-122.0	-17.0	-7.0	5.0	-10.0	121.21
30	71.0	-72.0	-108.0	-23.0	35.0	12.0	-7.0	-6.0	131.39
31	42.0	-82.0	-82.0	30.0	1.0	2.0	7.0	8.0	118.62
32	-128.0	-82.0	54.0	47.0	-4.0	-22.0	-1.0	-33.0	130.1
33	46.0	-83.0	23.0	-10.0	-9.0	-8.0	-9.0	40.0	131.98
34	-105.0	-86.0	-35.0	21.0	-4.0	10.0	-13.0	-6.0	122.59
35	127.0	-24.0	-68.0	12.0	14.0	-22.0	-22.0	72.0	125.29
36	62.0	34.0	110.0	37.0	-14.0	-10.0	19.0	33.0	120.05
37	-92.0	127.0	72.0	-51.0	15.0	-2.0	0.0	11.0	104.87
38	-81.0	122.0	-101.0	-128.0	-6.0	8.0	-4.0	-5.0	115.83
39	-128.0	56.0	-113.0	127.0	-42.0	-17.0	-6.0	-28.0	132.06
40	-54.0	-98.0	-37.0	20.0	18.0	25.0	5.0	22.0	130.97
41	10.0	127.0	106.0	19.0	-11.0	-3.0	-19.0	-8.0	124.26
42	36.0	-83.0	-11.0	-13.0	-2.0	-5.0	1.0	55.0	131.82
43	41.0	-93.0	-128.0	17.0	7.0	6.0	-5.0	-39.0	112.29
44	127.0	-82.0	-101.0	43.0	2.0	3.0	9.0	28.0	118.62
45	95.0	19.0	1.0	127.0	-2.0	-5.0	3.0	5.0	108.97
46	-70.0	127.0	-67.0	43.0	-3.0	-37.0	0.0	-18.0	102.05
47	87.0	127.0	14.0	-14.0	19.0	10.0	8.0	23.0	102.33
48	-13.0	-58.0	112.0	-60.0	4.0	-26.0	9.0	-20.0	99.55
49	54.0	51.0	11.0	-122.0	-19.0	0.0	31.0	7.0	108.14
50	127.0	46.0	-26.0	-37.0	13.0	5.0	-3.0	43.0	109.18
51	-4.0	59.0	34.0	4.0	-9.0	10.0	6.0	-4.0	102.33
52	-128.0	-104.0	-4.0	37.0	-2.0	-14.0	-7.0	-16.0	108.97
53	-63.0	-42.0	-101.0	34.0	-15.0	-32.0	5.0	32.0	100.98
54	41.0	115.0	-16.0	1.0	6.0	-4.0	-5.0	15.0	109.59
55	-44.0	-122.0	-37.0	-11.0	-7.0	-23.0	-2.0	9.0	102.58
56	-43.0	-24.0	-11.0	-10.0	9.0	0.0	-4.0	27.0	95.72
57	-114.0	-128.0	-62.0	45.0	5.0	0.0	-3.0	-11.0	109.18
58	-99.0	-69.0	-6.0	26.0	-9.0	-10.0	0.0	-9.0	101.1
59	-51.0	37.0	84.0	72.0	-9.0	-1.0	-13.0	29.0	98.55
60	-105.0	42.0	12.0	15.0	0.0	-4.0	4.0	37.0	100.55
61	-128.0	3.0	5.0	-34.0	-6.0	-2.0	-7.0	-31.0	101.85
62	16.0	-62.0	24.0	-11.0	1.0	4.0	4.0	-3.0	98.99
63	-78.0	33.0	47.0	4.0	5.0	-11.0	14.0	-32.0	106.48
64	-1.0	14.0	76.0	10.0	-7.0	-1.0	4.0	-14.0	95.72
65	-36.0	-20.0	-60.0	-105.0	2.0	-10.0	10.0	12.0	82.6
66	-36.0	70.0	23.0	51.0	6.0	-9.0	-14.0	40.0	82.22
67	-128.0	4.0	-113.0	-38.0	26.0	10.0	13.0	9.0	65.59
68	127.0	-46.0	-103.0	24.0	-2.0	2.0	-6.0	53.0	61.87
69	45.0	127.0	126.0	-11.0	4.0	6.0	-3.0	-31.0	65.59
70	29.0	127.0	100.0	85.0	-24.0	-6.0	15.0	-56.0	66.03
71	-28.0	-128.0	37.0	6.0	-36.0	7.0	-9.0	14.0	66.47
72	99.0	-128.0	1.0	-7.0	0.0	-10.0	14.0	-19.0	68.44
73	51.0	-128.0	107.0	14.0	-22.0	-22.0	-9.0	-39.0	68.89
74	82.0	-15.0	-22.0	-34.0	2.0	6.0	2.0	43.0	67.48
75	64.0	-128.0	78.0	34.0	-34.0	-2.0	-1.0	29.0	75.38
76	84.0	-46.0	-24.0	-72.0	2.0	-5.0	-6.0	-1.0	68.89
77	116.0	-43.0	111.0	-7.0	-30.0	-17.0	-5.0	-33.0	65.83
78	-23.0	20.0	18.0	61.0	-11.0	-8.0	-18.0	18.0	66.91
79	-69.0	29.0	40.0	-14.0	8.0	4.0	-3.0	31.0	74.33
80	-119.0	-128.0	-37.0	20.0	-3.0	3.0	-17.0	10.0	65.45
81	102.0	-105.0	89.0	-5.0	15.0	6.0	11.0	46.0	76.4
82	127.0	-94.0	127.0	8.0	-12.0	4.0	-1.0	-6.0	74.33
83	-23.0	-22.0	-89.0	-24.0	10.0	26.0	11.0	14.0	66.47
