0	-26.0	74.0	110.0	-65.0	3.0	-28.0	-2.0	-30.0	115.42
1	29.0	-79.0	18.0	-47.0	5.0	-42.0	-7.0	-20.0	115.3
2	21.0	-79.0	-121.0	-14.0	-6.0	6.0	11.0	33.0	98.7
3	22.0	127.0	-1.0	-44.0	-3.0	1.0	1.0	20.0	119.27
4	50.0	-75.0	22.0	14.0	-8.0	17.0	-40.0	19.0	117.98
5	-23.0	5.0	38.0	-78.0	12.0	13.0	7.0	-77.0	120.83
6	127.0	18.0	21.0	101.0	7.0	-20.0	10.0	26.0	118.56
7	38.0	127.0	-49.0	-95.0	16.0	-7.0	-8.0	11.0	120.34
8	127.0	-117.0	-3.0	13.0	-3.0	11.0	-15.0	-7.0	115.42
9	-76.0	74.0	20.0	-78.0	-11.0	9.0	1.0	-23.0	130.07
10	59.0	62.0	-100.0	-76.0	11.0	19.0	6.0	-1.0	120.76
11	-22.0	29.0	-92.0	-17.0	-8.0	-4.0	14.0	-20.0	130.07
12	-84.0	101.0	-45.0	-38.0	21.0	-46.0	-7.0	9.0	118.56
13	-43.0	-128.0	-25.0	7.0	3.0	13.0	-6.0	-54.0	114.53
14	-66.0	127.0	-68.0	37.0	7.0	-46.0	-6.0	-54.0	120.76
15	28.0	-42.0	-121.0	46.0	8.0	-4.0	32.0	27.0	111.84
16	-61.0	-55.0	33.0	-13.0	-7.0	-1.0	8.0	-72.0	109.35
17	103.0	-97.0	-78.0	-47.0	-2.0	-21.0	-13.0	0.0	94.35
18	-95.0	57.0	90.0	13.0	5.0	-7.0	-13.0	47.0	78.98
19	-110.0	-83.0	-44.0	41.0	9.0	10.0	0.0	44.0	85.32
20	127.0	-111.0	99.0	-70.0	-11.0	2.0	-32.0	-56.0	92.86
21	12.0	-128.0	-29.0	-7.0	15.0	3.0	9.0	19.0	94.35
22	-35.0	127.0	-120.0	64.0	-2.0	14.0	38.0	19.0	109.35
23	69.0	-15.0	112.0	43.0	-6.0	23.0	-5.0	2.0	100.11
24	85.0	-10.0	0.0	19.0	-21.0	5.0	-3.0	-56.0	104.58
25	-128.0	127.0	-48.0	-20.0	-21.0	18.0	4.0	55.0	112.47
26	127.0	109.0	-24.0	-28.0	4.0	-15.0	13.0	15.0	104.58
27	85.0	-113.0	64.0	-6.0	-11.0	1.0	3.0	-5.0	75.43
28	-1.0	-38.0	-73.0	-14.0	58.0	-7.0	-5.0	41.0	75.43
29	38.0	-72.0	-48.0	11.0	-2.0	-3.0	84.0	8.0	92.27
30	-51.0	-89.0	-19.0	9.0	14.0	0.0	6.0	-24.0	113.01
31	127.0	22.0	-26.0	4.0	-45.0	-4.0	-10.0	-49.0	95.02
32	-9.0	20.0	35.0	-12.0	9.0	-3.0	-114.0	12.0	95.02
33	38.0	80.0	64.0	-41.0	-9.0	-7.0	17.0	-1.0	83.17
34	21.0	-34.0	-84.0	-4.0	-4.0	4.0	7.0	-38.0	66.44
35	23.0	36.0	-47.0	-76.0	13.0	-3.0	7.0	-62.0	69.42
36	34.0	66.0	-56.0	10.0	-29.0	-1.0	-14.0	36.0	72.37
37	-29.0	-128.0	-43.0	103.0	15.0	16.0	-9.0	31.0	69.42
38	-128.0	127.0	43.0	9.0	-1.0	-14.0	9.0	-81.0	72.37
39	73.0	-93.0	38.0	7.0	5.0	-21.0	3.0	-10.0	66.92
40	48.0	-69.0	24.0	-69.0	13.0	-5.0	26.0	30.0	62.39
41	-91.0	99.0	-17.0	-46.0	0.0	4.0	-16.0	55.0	66.44
42	-1.0	-128.0	-30.0	71.0	-2.0	-9.0	-5.0	-16.0	59.69
43	-58.0	-10.0	-59.0	-2.0	13.0	-14.0	18.0	-2.0	58.89
44	-70.0	127.0	84.0	-32.0	1.0	-14.0	7.0	29.0	50.28
45	127.0	17.0	8.0	81.0	-14.0	-5.0	-7.0	26.0	49.87
46	115.0	-123.0	23.0	105.0	-13.0	6.0	4.0	14.0	47.96
47	-95.0	-78.0	13.0	-80.0	-12.0	3.0	-13.0	-20.0	49.4
48	-22.0	39.0	23.0	49.0	2.0	-14.0	10.0	24.0	49.48
49	114.0	-84.0	5.0	6.0	-6.0	-5.0	28.0	-86.0	52.51
50	31.0	74.0	127.0	11.0	-26.0	13.0	-16.0	-24.0	49.51
51	-105.0	23.0	-35.0	-42.0	-17.0	0.0	3.0	26.0	49.87
52	75.0	-67.0	-53.0	-47.0	-11.0	-3.0	14.0	55.0	49.48
53	41.0	43.0	10.0	-15.0	34.0	36.0	-8.0	-12.0	58.89
54	93.0	-81.0	-27.0	-11.0	10.0	-29.0	-6.0	47.0	54.77
55	-52.0	-41.0	43.0	-34.0	15.0	9.0	0.0	9.0	50.5
56	-76.0	29.0	-108.0	19.0	10.0	-6.0	-8.0	-2.0	57.15
57	123.0	5.0	65.0	61.0	-14.0	23.0	18.0	35.0	64.69
58	-119.0	-24.0	6.0	-43.0	-5.0	18.0	-39.0	77.0	60.62
59	-127.0	-67.0	-51.0	-60.0	20.0	8.0	-39.0	-11.0	57.15
60	127.0	-86.0	-71.0	70.0	13.0	-1.0	75.0	15.0	51.56
61	59.0	127.0	-21.0	-18.0	-27.0	-19.0	3.0	-41.0	51.56
62	-26.0	-75.0	19.0	-1.0	-3.0	46.0	-1.0	-57.0	54.37
63	-44.0	-43.0	-50.0	91.0	-29.0	-42.0	-3.0	-52.0	50.05
64	-6.0	-64.0	-108.0	123.0	-19.0	-3.0	10.0	29.0	51.03
65	-58.0	95.0	-32.0	51.0	-15.0	-14.0	26.0	-16.0	50.77
66	-118.0	51.0	-27.0	-30.0	-2.0	-11.0	0.0	25.0	57.98
67	-32.0	26.0	-16.0	61.0	15.0	0.0	-9.0	-56.0	51.15
68	127.0	-22.0	45.0	-23.0	-19.0	14.0	-24.0	36.0	58.07
69	-40.0	-94.0	95.0	-35.0	-14.0	13.0	0.0	36.0	49.51
70	114.0	27.0	-75.0	2.0	10.0	-10.0	-26.0	-14.0	49.54
71	-6.0	79.0	-101.0	-30.0	10.0	-6.0	-6.0	-53.0	51.03
72	-91.0	99.0	64.0	30.0	0.0	1.0	-2.0	59.0	52.51
73	-42.0	126.0	-26.0	16.0	-4.0	24.0	2.0	-22.0	54.77
74	-115.0	-11.0	2.0	-4.0	-11.0	-4.0	-11.0	-75.0	59.63
75	52.0	-128.0	-121.0	-106.0	36.0	-2.0	-3.0	-13.0	58.07
76	28.0	-73.0	-52.0	68.0	24.0	-1.0	4.0	-12.0	60.62
77	29.0	15.0	61.0	33.0	-7.0	13.0	-10.0	21.0	76.32
78	58.0	71.0	37.0	26.0	1.0	19.0	16.0	29.0	88.06
79	38.0	108.0	-75.0	7.0	4.0	1.0	-15.0	-5.0	88.35
80	-15.0	-117.0	127.0	-43.0	-7.0	-8.0	13.0	-24.0	78.98
81	-92.0	55.0	-35.0	-8.0	-4.0	-7.0	0.0	-52.0	78.9
82	-66.0	-29.0	-97.0	-76.0	-7.0	7.0	14.0	-5.0	72.26
83	-61.0	-93.0	-21.0	-2.0	-9.0	1.0	-1.0	-3.0	66.43
84	-87.0	-128.0	-38.0	-10.0	9.0	-6.0	-14.0	-20.0	83.17
85	127.0	-112.0	-116.0	-3.0	-2.0	0.0	13.0	17.0	88.35
86	-107.0	0.0	-20.0	-7.0	-8.0	-7.0	-13.0	-38.0	114.53
