0	-59.0	77.0	104.0	-27.0	-8.0	1.0	-18.0	-12.0	65.96
1	-55.0	-54.0	-40.0	15.0	-10.0	-22.0	-13.0	65.0	69.94
2	34.0	56.0	37.0	66.0	-3.0	2.0	7.0	-45.0	72.95
3	-60.0	127.0	30.0	27.0	5.0	-4.0	0.0	23.0	70.04
4	-83.0	-103.0	-100.0	127.0	0.0	-15.0	-29.0	5.0	67.58
5	53.0	17.0	34.0	-47.0	3.0	14.0	-16.0	12.0	93.29
6	-94.0	50.0	94.0	37.0	-1.0	-12.0	8.0	10.0	93.29
7	127.0	-128.0	52.0	87.0	-33.0	34.0	6.0	44.0	91.22
8	29.0	-128.0	-41.0	-29.0	9.0	-2.0	-15.0	75.0	90.3
9	-64.0	-22.0	15.0	102.0	0.0	-25.0	6.0	27.0	91.22
10	-8.0	-84.0	-79.0	41.0	7.0	4.0	8.0	-19.0	93.44
11	-69.0	6.0	-96.0	-6.0	-7.0	5.0	-19.0	-18.0	94.61
12	-33.0	7.0	65.0	32.0	-26.0	30.0	-4.0	18.0	99.58
13	67.0	-36.0	-14.0	-70.0	0.0	5.0	2.0	17.0	94.61
14	87.0	22.0	50.0	-59.0	11.0	-11.0	-8.0	84.0	104.58
15	108.0	-83.0	40.0	-4.0	6.0	6.0	-5.0	16.0	104.58
16	-23.0	-128.0	32.0	-128.0	-13.0	-10.0	-6.0	-128.0	107.85
17	-96.0	-128.0	-102.0	-11.0	-7.0	0.0	7.0	-23.0	119.05
18	-28.0	95.0	34.0	78.0	1.0	7.0	-11.0	-13.0	123.52
19	-20.0	44.0	87.0	-7.0	-1.0	13.0	-8.0	-34.0	135.39
20	-62.0	31.0	-95.0	16.0	-1.0	2.0	-66.0	-9.0	127.91
21	92.0	12.0	-5.0	34.0	5.0	-2.0	-7.0	-28.0	130.78
22	-92.0	-51.0	-39.0	-18.0	20.0	7.0	-22.0	-4.0	135.39
23	26.0	4.0	-3.0	27.0	-16.0	5.0	-8.0	28.0	128.96
24	37.0	56.0	-112.0	7.0	-12.0	-1.0	-26.0	-24.0	137.51
25	-12.0	-66.0	-36.0	16.0	12.0	9.0	22.0	-2.0	137.89
26	-66.0	-98.0	2.0	29.0	-5.0	-10.0	-82.0	31.0	137.95
27	-128.0	18.0	106.0	-47.0	11.0	-13.0	-20.0	12.0	138.0
28	36.0	-116.0	-71.0	25.0	-13.0	-8.0	-25.0	30.0	137.89
29	113.0	31.0	-29.0	4.0	-11.0	18.0	1.0	-21.0	137.51
30	-93.0	-88.0	39.0	-19.0	0.0	-24.0	-20.0	58.0	137.21
31	53.0	75.0	60.0	-41.0	10.0	-10.0	1.0	49.0	136.67
32	113.0	-65.0	-112.0	53.0	2.0	-1.0	-4.0	-6.0	134.34
33	-35.0	34.0	88.0	-21.0	1.0	-25.0	24.0	-81.0	133.03
34	10.0	127.0	-34.0	37.0	-10.0	-2.0	2.0	-37.0	126.04
35	107.0	-47.0	93.0	17.0	-25.0	-7.0	21.0	-32.0	109.1
36	-101.0	-44.0	105.0	18.0	3.0	-22.0	2.0	41.0	106.79
37	-37.0	68.0	0.0	62.0	13.0	6.0	0.0	-68.0	113.78
38	-25.0	-128.0	58.0	22.0	-12.0	-4.0	-5.0	12.0	113.31
39	-67.0	70.0	-52.0	-53.0	3.0	-9.0	-13.0	-13.0	123.52
40	127.0	43.0	-47.0	-7.0	-10.0	21.0	7.0	22.0	124.19
41	127.0	64.0	-38.0	-54.0	-1.0	11.0	-4.0	37.0	115.91
42	107.0	-73.0	-111.0	-16.0	-16.0	-16.0	-38.0	-25.0	131.57
43	-87.0	53.0	12.0	15.0	-6.0	-2.0	-25.0	27.0	133.03
44	127.0	54.0	68.0	54.0	12.0	-7.0	7.0	30.0	136.67
45	127.0	-5.0	-13.0	-11.0	-17.0	1.0	-24.0	5.0	131.57
46	126.0	113.0	99.0	27.0	-9.0	-4.0	9.0	-26.0	135.48
47	-105.0	-73.0	-47.0	68.0	-3.0	-2.0	-6.0	38.0	128.96
48	-128.0	-23.0	78.0	16.0	-6.0	-17.0	6.0	38.0	124.19
49	17.0	19.0	-119.0	78.0	4.0	-8.0	-16.0	24.0	113.78
50	1.0	-126.0	46.0	-53.0	28.0	6.0	-19.0	-50.0	109.1
51	-58.0	-92.0	-23.0	8.0	0.0	2.0	-8.0	-17.0	106.73
52	-93.0	18.0	85.0	-10.0	-22.0	5.0	23.0	-36.0	111.62
53	-80.0	-69.0	53.0	21.0	3.0	-11.0	-10.0	6.0	106.17
54	45.0	46.0	-42.0	54.0	-2.0	7.0	-76.0	-3.0	109.04
55	-100.0	2.0	95.0	-5.0	7.0	3.0	12.0	8.0	107.85
56	-125.0	-32.0	67.0	17.0	-23.0	-4.0	4.0	49.0	102.05
57	-10.0	114.0	37.0	-17.0	-5.0	1.0	-17.0	-35.0	106.73
58	57.0	-123.0	40.0	-20.0	26.0	-7.0	15.0	-14.0	102.41
59	9.0	-112.0	-30.0	10.0	-12.0	-9.0	-6.0	99.0	102.05
60	108.0	127.0	40.0	-17.0	-3.0	-4.0	-15.0	-16.0	104.05
61	-43.0	27.0	-24.0	61.0	19.0	-18.0	33.0	-112.0	94.76
62	127.0	127.0	12.0	34.0	1.0	3.0	-10.0	-1.0	87.12
63	34.0	-91.0	31.0	28.0	5.0	-2.0	21.0	3.0	72.95
64	-128.0	79.0	-8.0	-102.0	16.0	-8.0	19.0	-6.0	58.65
65	127.0	-128.0	-13.0	24.0	-7.0	11.0	0.0	86.0	54.14
66	-41.0	-84.0	13.0	-35.0	6.0	-5.0	13.0	29.0	54.81
67	9.0	-62.0	38.0	9.0	17.0	-14.0	-2.0	-104.0	54.14
68	93.0	92.0	-97.0	62.0	-2.0	19.0	13.0	9.0	55.21
69	66.0	78.0	51.0	-29.0	11.0	-34.0	-29.0	15.0	55.85
70	-94.0	-39.0	-2.0	-29.0	-4.0	-11.0	-3.0	21.0	56.68
71	28.0	-91.0	-128.0	3.0	10.0	16.0	-10.0	-43.0	58.65
72	66.0	22.0	23.0	-122.0	-13.0	11.0	2.0	24.0	57.73
73	87.0	35.0	-39.0	13.0	-3.0	-10.0	4.0	-18.0	67.37
74	-4.0	-40.0	-9.0	-35.0	-9.0	-13.0	9.0	35.0	60.17
75	-55.0	4.0	16.0	47.0	6.0	-12.0	-17.0	7.0	55.85
76	88.0	-86.0	51.0	-114.0	6.0	14.0	7.0	-6.0	67.15
77	-111.0	-65.0	59.0	73.0	-15.0	-3.0	-7.0	32.0	58.46
78	59.0	-128.0	16.0	8.0	-17.0	-6.0	2.0	-11.0	60.17
79	-83.0	-24.0	62.0	-31.0	-6.0	7.0	-1.0	-7.0	57.73
80	38.0	-92.0	-71.0	36.0	-9.0	-15.0	-4.0	5.0	62.41
81	127.0	90.0	127.0	3.0	8.0	2.0	11.0	58.0	87.12
82	51.0	127.0	54.0	50.0	1.0	6.0	12.0	11.0	70.34
83	127.0	92.0	10.0	50.0	-3.0	7.0	-4.0	-27.0	70.34
84	-82.0	0.0	45.0	-7.0	-13.0	10.0	-5.0	-44.0	67.58
85	28.0	88.0	42.0	-20.0	-6.0	-18.0	-18.0	6.0	62.41
86	88.0	-70.0	-75.0	-11.0	6.0	-1.0	7.0	-14.0	62.12
87	-69.0	-7.0	-23.0	0.0	5.0	0.0	-6.0	32.0	63.27
