0	-122.0	24.0	-19.0	26.0	-20.0	10.0	-7.0	-9.0	65.76
1	-7.0	48.0	-58.0	107.0	-8.0	43.0	-17.0	-19.0	71.11
2	127.0	-37.0	-52.0	-15.0	-8.0	14.0	-93.0	11.0	75.62
3	-1.0	74.0	19.0	-94.0	19.0	-10.0	27.0	53.0	78.49
4	-29.0	-62.0	18.0	77.0	-11.0	-1.0	5.0	79.0	85.26
5	-94.0	-44.0	-3.0	12.0	-11.0	74.0	3.0	-4.0	87.51
6	-128.0	-13.0	1.0	-54.0	-2.0	14.0	99.0	-33.0	90.17
7	100.0	-122.0	13.0	-49.0	-6.0	-3.0	14.0	-12.0	82.82
8	21.0	105.0	57.0	-65.0	1.0	-22.0	-30.0	-2.0	91.82
9	66.0	118.0	-125.0	1.0	7.0	65.0	22.0	3.0	100.75
10	-106.0	-31.0	37.0	17.0	28.0	10.0	-7.0	-56.0	92.54
11	-45.0	-34.0	-4.0	-128.0	9.0	-2.0	19.0	-15.0	82.82
12	-128.0	33.0	-46.0	-18.0	29.0	10.0	-10.0	-83.0	81.34
13	116.0	101.0	44.0	-40.0	-39.0	-12.0	98.0	18.0	98.91
14	-51.0	-54.0	16.0	-10.0	10.0	11.0	90.0	-32.0	87.51
15	-10.0	11.0	-78.0	-128.0	-15.0	-26.0	4.0	-8.0	90.17
16	-10.0	-43.0	53.0	45.0	16.0	19.0	-9.0	-58.0	94.36
17	-91.0	-104.0	-42.0	30.0	1.0	8.0	-68.0	25.0	100.75
18	73.0	-31.0	34.0	42.0	18.0	20.0	14.0	-15.0	103.03
19	-128.0	-78.0	-30.0	83.0	35.0	-17.0	13.0	-5.0	122.05
20	41.0	-16.0	-54.0	5.0	30.0	18.0	-14.0	20.0	123.44
21	-40.0	-110.0	70.0	0.0	-5.0	-12.0	72.0	23.0	118.18
22	83.0	41.0	31.0	-8.0	-11.0	46.0	57.0	-11.0	123.15
23	-8.0	88.0	-7.0	-33.0	26.0	5.0	38.0	-21.0	122.87
24	-59.0	11.0	-41.0	-36.0	-9.0	-17.0	54.0	12.0	123.48
25	32.0	65.0	113.0	-21.0	24.0	-21.0	6.0	-39.0	103.47
26	93.0	-61.0	4.0	-14.0	-16.0	14.0	15.0	7.0	120.0
27	-67.0	-14.0	-7.0	-8.0	-4.0	15.0	22.0	26.0	109.93
28	-71.0	13.0	-123.0	6.0	-23.0	-40.0	-12.0	-53.0	120.0
29	24.0	52.0	54.0	10.0	-13.0	7.0	-31.0	-80.0	114.23
30	127.0	116.0	37.0	-45.0	-40.0	4.0	1.0	3.0	123.48
31	-2.0	-64.0	-36.0	10.0	-7.0	18.0	-35.0	55.0	122.87
32	59.0	118.0	-112.0	55.0	-6.0	27.0	-69.0	-44.0	120.77
33	86.0	-29.0	-4.0	2.0	-25.0	-29.0	20.0	-16.0	102.05
34	-52.0	41.0	-48.0	-1.0	20.0	-18.0	43.0	-32.0	116.31
35	36.0	-76.0	-22.0	-10.0	-5.0	12.0	-18.0	26.0	104.17
36	-65.0	127.0	-58.0	11.0	-10.0	28.0	13.0	31.0	98.91
37	71.0	-6.0	-31.0	14.0	-12.0	-1.0	-31.0	-19.0	104.17
38	-41.0	-128.0	-3.0	-32.0	13.0	13.0	46.0	33.0	85.34
39	-26.0	69.0	60.0	12.0	16.0	-16.0	11.0	-14.0	79.98
40	-102.0	-45.0	28.0	21.0	4.0	-31.0	14.0	0.0	77.63
41	-29.0	75.0	113.0	-30.0	-18.0	-16.0	6.0	-9.0	79.98
42	-73.0	95.0	8.0	-6.0	-9.0	-1.0	-33.0	6.0	77.63
43	111.0	-2.0	127.0	-34.0	-7.0	7.0	-48.0	26.0	68.45
44	107.0	29.0	-128.0	-27.0	-9.0	-15.0	2.0	-57.0	68.13
45	53.0	-42.0	9.0	-12.0	-4.0	-12.0	-18.0	-18.0	62.49
46	-30.0	59.0	22.0	-11.0	-17.0	19.0	-40.0	42.0	58.65
47	-49.0	127.0	-34.0	-79.0	7.0	21.0	2.0	2.0	58.89
48	104.0	-46.0	-27.0	14.0	-35.0	-28.0	22.0	39.0	62.72
49	-31.0	73.0	37.0	1.0	17.0	-11.0	-30.0	-5.0	53.65
50	87.0	-24.0	6.0	46.0	14.0	-9.0	28.0	-38.0	64.66
51	71.0	-69.0	29.0	33.0	-7.0	35.0	-108.0	-1.0	68.45
52	-103.0	-22.0	-33.0	1.0	5.0	7.0	-1.0	26.0	60.33
53	-128.0	77.0	-67.0	-48.0	-9.0	-26.0	15.0	-16.0	51.56
54	78.0	94.0	125.0	59.0	2.0	-20.0	-3.0	41.0	58.89
55	-104.0	-104.0	-40.0	3.0	-6.0	60.0	62.0	19.0	62.72
56	53.0	-21.0	-24.0	-17.0	-21.0	-5.0	-22.0	-18.0	68.13
57	74.0	-128.0	3.0	-86.0	-34.0	7.0	-27.0	-17.0	62.49
58	-52.0	-114.0	104.0	-81.0	18.0	-2.0	3.0	20.0	56.55
59	126.0	-14.0	95.0	-103.0	23.0	9.0	-4.0	-5.0	53.58
60	-128.0	-118.0	-73.0	-21.0	-9.0	-4.0	-53.0	10.0	50.49
61	-128.0	-60.0	-22.0	-2.0	-5.0	0.0	93.0	-63.0	50.1
62	60.0	-128.0	13.0	-81.0	-7.0	25.0	-33.0	-57.0	44.09
63	127.0	-35.0	-13.0	-24.0	3.0	35.0	30.0	-14.0	42.05
64	-77.0	79.0	23.0	19.0	13.0	5.0	33.0	12.0	46.16
65	7.0	-87.0	-45.0	82.0	22.0	24.0	-54.0	20.0	40.59
66	-49.0	92.0	-29.0	-69.0	-6.0	-22.0	22.0	17.0	35.8
67	54.0	-128.0	-8.0	-12.0	-11.0	-2.0	-23.0	45.0	35.8
68	-29.0	22.0	-85.0	-55.0	-37.0	-18.0	21.0	29.0	35.51
69	-96.0	-17.0	5.0	76.0	0.0	-22.0	9.0	-7.0	35.72
70	114.0	3.0	-111.0	-9.0	34.0	13.0	-13.0	40.0	36.0
71	-128.0	127.0	-30.0	-36.0	10.0	14.0	65.0	-29.0	40.59
72	110.0	-53.0	17.0	-40.0	14.0	-20.0	24.0	-15.0	37.67
73	64.0	47.0	24.0	4.0	0.0	18.0	14.0	-19.0	36.0
74	127.0	-104.0	-91.0	13.0	26.0	7.0	47.0	9.0	35.72
75	1.0	127.0	-4.0	104.0	-7.0	-16.0	-52.0	-11.0	37.11
76	124.0	26.0	108.0	-57.0	3.0	-5.0	109.0	8.0	35.88
77	-30.0	40.0	-7.0	11.0	-25.0	5.0	-16.0	2.0	36.31
78	51.0	-16.0	-119.0	3.0	-8.0	32.0	-3.0	13.0	42.05
79	-46.0	44.0	65.0	28.0	8.0	-9.0	-8.0	-35.0	49.04
80	-57.0	122.0	1.0	7.0	7.0	-3.0	-3.0	-2.0	50.49
81	108.0	2.0	-63.0	-46.0	-9.0	-41.0	58.0	-30.0	50.1
82	84.0	-100.0	-66.0	127.0	0.0	13.0	-128.0	24.0	53.65
83	45.0	71.0	-87.0	43.0	48.0	-25.0	31.0	3.0	51.22
84	-122.0	-79.0	76.0	-42.0	11.0	-8.0	-90.0	-21.0	51.56
85	63.0	-128.0	47.0	-48.0	6.0	27.0	-85.0	4.0	52.19
