0	-67.0	75.0	-36.0	27.0	-12.0	4.0	4.0	38.0	103.73
1	43.0	81.0	-74.0	-11.0	54.0	-5.0	18.0	-16.0	108.89
2	65.0	60.0	-48.0	-26.0	3.0	6.0	6.0	101.0	114.53
3	-128.0	-78.0	30.0	33.0	11.0	9.0	-71.0	2.0	128.6
4	-85.0	24.0	77.0	8.0	-1.0	0.0	-12.0	-85.0	133.13
5	-104.0	22.0	56.0	-21.0	22.0	0.0	2.0	-76.0	126.3
6	99.0	-105.0	-47.0	-45.0	-33.0	14.0	13.0	-13.0	120.37
7	118.0	127.0	20.0	22.0	12.0	-7.0	-7.0	-28.0	132.74
8	123.0	-23.0	11.0	-16.0	-9.0	-9.0	-13.0	11.0	132.08
9	70.0	-31.0	29.0	-19.0	-21.0	-1.0	45.0	3.0	133.09
10	-56.0	25.0	-80.0	72.0	-8.0	16.0	2.0	-4.0	132.95
11	-128.0	-38.0	103.0	-1.0	1.0	-34.0	-2.0	-36.0	114.53
12	-11.0	-54.0	44.0	56.0	-19.0	-12.0	-24.0	67.0	121.93
13	-30.0	27.0	29.0	-23.0	-13.0	-18.0	25.0	7.0	125.79
14	89.0	29.0	116.0	-13.0	-5.0	31.0	-3.0	-14.0	128.6
15	-128.0	-119.0	7.0	17.0	-2.0	-25.0	-8.0	-25.0	126.3
16	42.0	125.0	36.0	54.0	-4.0	-1.0	-9.0	-7.0	120.37
17	115.0	-54.0	-26.0	-17.0	-7.0	35.0	4.0	29.0	119.93
18	95.0	5.0	16.0	13.0	8.0	7.0	4.0	-13.0	118.41
19	-82.0	127.0	17.0	37.0	13.0	29.0	13.0	-14.0	119.27
20	-83.0	-6.0	72.0	76.0	8.0	-9.0	10.0	-3.0	122.4
21	112.0	-81.0	-11.0	-27.0	-4.0	13.0	3.0	0.0	132.08
22	-128.0	-76.0	54.0	42.0	1.0	-19.0	-2.0	-4.0	129.54
23	-5.0	58.0	27.0	8.0	-5.0	10.0	5.0	20.0	131.49
24	-95.0	75.0	-109.0	31.0	14.0	3.0	-3.0	16.0	124.69
25	27.0	-128.0	85.0	13.0	-14.0	-4.0	1.0	13.0	130.93
26	2.0	-59.0	73.0	81.0	14.0	-15.0	-10.0	-12.0	128.45
27	-106.0	-24.0	-82.0	60.0	-42.0	27.0	4.0	-14.0	129.54
28	127.0	-84.0	-49.0	-49.0	-1.0	-7.0	1.0	-95.0	133.09
29	-108.0	4.0	-19.0	11.0	-6.0	-18.0	-10.0	22.0	121.93
30	99.0	64.0	5.0	54.0	-9.0	1.0	1.0	8.0	118.94
31	116.0	127.0	-86.0	72.0	11.0	8.0	-19.0	15.0	107.57
32	119.0	31.0	-33.0	20.0	-11.0	-14.0	19.0	54.0	114.51
33	-64.0	115.0	-37.0	-21.0	9.0	3.0	-20.0	17.0	114.51
34	-56.0	-118.0	-26.0	-31.0	9.0	-18.0	13.0	-25.0	107.57
35	-61.0	-3.0	48.0	18.0	-10.0	16.0	20.0	-20.0	103.69
36	-85.0	-27.0	73.0	-35.0	-7.0	1.0	-16.0	-42.0	106.41
37	-128.0	-45.0	116.0	-115.0	9.0	-9.0	-18.0	-25.0	106.41
38	102.0	118.0	92.0	-128.0	-7.0	4.0	6.0	-49.0	104.3
39	127.0	-81.0	75.0	-8.0	-2.0	3.0	-13.0	0.0	103.45
40	-128.0	-128.0	41.0	-7.0	27.0	-9.0	-11.0	-44.0	104.94
41	38.0	127.0	3.0	-62.0	-12.0	-26.0	22.0	29.0	102.64
42	-36.0	-90.0	-44.0	-19.0	-12.0	16.0	-5.0	-8.0	93.49
43	-61.0	-31.0	-37.0	93.0	18.0	8.0	-22.0	32.0	88.48
44	-24.0	-99.0	-25.0	25.0	4.0	-20.0	-2.0	47.0	65.7
45	-80.0	15.0	-10.0	-26.0	22.0	20.0	26.0	44.0	36.19
46	-83.0	127.0	76.0	8.0	-8.0	6.0	-21.0	-25.0	36.18
47	127.0	-106.0	127.0	18.0	3.0	-34.0	22.0	41.0	36.54
48	127.0	-48.0	68.0	27.0	-8.0	-12.0	-11.0	-51.0	37.29
49	101.0	-58.0	-60.0	16.0	-2.0	-9.0	-17.0	-23.0	36.18
50	-29.0	2.0	-27.0	123.0	28.0	-16.0	-7.0	-52.0	48.37
51	39.0	-39.0	-4.0	-20.0	-11.0	12.0	-15.0	2.0	63.96
52	-39.0	-90.0	-52.0	25.0	11.0	-39.0	-28.0	-55.0	36.54
53	81.0	61.0	43.0	31.0	-30.0	-17.0	7.0	-38.0	38.23
54	-18.0	-18.0	-10.0	82.0	-10.0	13.0	-18.0	110.0	61.35
55	88.0	127.0	38.0	14.0	-10.0	-4.0	7.0	30.0	43.58
56	-97.0	-50.0	-1.0	-59.0	22.0	3.0	12.0	63.0	83.7
57	30.0	77.0	27.0	37.0	12.0	3.0	5.0	48.0	73.15
58	-108.0	51.0	120.0	127.0	-8.0	-12.0	-17.0	7.0	73.84
59	43.0	9.0	13.0	-48.0	-14.0	-20.0	-7.0	-26.0	72.43
60	-112.0	-128.0	28.0	-22.0	-10.0	27.0	-15.0	22.0	93.23
61	-102.0	-112.0	127.0	45.0	-1.0	5.0	-13.0	-11.0	64.12
62	127.0	60.0	-82.0	-5.0	-11.0	-14.0	-20.0	28.0	53.76
63	-70.0	71.0	-53.0	-31.0	-3.0	60.0	-38.0	-24.0	66.12
64	-80.0	127.0	-125.0	-31.0	22.0	0.0	67.0	-24.0	73.84
65	127.0	-39.0	-38.0	35.0	1.0	-14.0	4.0	15.0	64.12
66	-80.0	12.0	-55.0	-55.0	-21.0	-15.0	-3.0	28.0	64.66
67	76.0	-60.0	-110.0	-31.0	10.0	7.0	-8.0	-2.0	64.66
68	59.0	71.0	-29.0	11.0	14.0	5.0	9.0	-25.0	38.23
69	-33.0	-74.0	20.0	76.0	-39.0	5.0	9.0	38.0	62.52
70	61.0	52.0	67.0	-20.0	-2.0	8.0	-98.0	1.0	61.35
71	-44.0	-90.0	68.0	-128.0	-3.0	-11.0	76.0	-7.0	65.7
72	38.0	127.0	2.0	9.0	-14.0	13.0	11.0	49.0	73.16
73	-15.0	103.0	104.0	81.0	-6.0	5.0	0.0	-12.0	88.48
74	76.0	8.0	-32.0	-67.0	15.0	-11.0	0.0	24.0	66.21
75	116.0	123.0	-38.0	-15.0	7.0	9.0	-9.0	-55.0	65.6
76	-3.0	-25.0	114.0	22.0	-3.0	-17.0	-2.0	-25.0	83.7
77	15.0	-45.0	-52.0	-28.0	9.0	11.0	11.0	29.0	93.66
78	86.0	-67.0	16.0	-46.0	-9.0	-40.0	-3.0	-17.0	93.49
79	127.0	97.0	-13.0	64.0	4.0	-5.0	-7.0	37.0	96.08
80	-29.0	52.0	75.0	48.0	-2.0	-30.0	6.0	55.0	105.47
81	-29.0	-46.0	-69.0	-80.0	-19.0	23.0	-58.0	20.0	105.47
82	127.0	-106.0	-78.0	-48.0	14.0	-7.0	1.0	-49.0	113.28
83	-35.0	-118.0	127.0	19.0	4.0	-4.0	1.0	-16.0	103.69
