0	87.0	106.0	-11.0	-33.0	52.0	8.0	-13.0	18.0	66.59
1	-21.0	73.0	-21.0	-128.0	18.0	3.0	-9.0	-124.0	60.14
2	90.0	-128.0	41.0	18.0	-3.0	9.0	-17.0	0.0	49.7
3	64.0	100.0	33.0	127.0	-7.0	-1.0	7.0	-61.0	46.78
4	-104.0	38.0	-73.0	-20.0	26.0	6.0	-3.0	10.0	55.52
5	96.0	127.0	-16.0	-23.0	4.0	-12.0	-76.0	-11.0	63.12
6	67.0	-123.0	7.0	2.0	7.0	-47.0	-6.0	127.0	72.16
7	-128.0	-67.0	-67.0	-3.0	4.0	-5.0	-59.0	40.0	69.67
8	-24.0	80.0	0.0	37.0	0.0	-39.0	-14.0	1.0	69.67
9	109.0	-12.0	-10.0	-9.0	-17.0	29.0	10.0	-9.0	79.14
10	-103.0	-108.0	-100.0	-7.0	41.0	-6.0	-17.0	56.0	79.62
11	16.0	127.0	-67.0	9.0	4.0	21.0	14.0	-113.0	97.87
12	-65.0	-44.0	42.0	20.0	6.0	23.0	88.0	7.0	91.99
13	127.0	76.0	13.0	-39.0	12.0	-13.0	62.0	-35.0	79.62
14	81.0	64.0	7.0	127.0	-4.0	-56.0	-40.0	86.0	99.99
15	42.0	-112.0	-95.0	-7.0	12.0	3.0	-76.0	-16.0	110.17
16	-125.0	-42.0	10.0	-4.0	12.0	-10.0	20.0	-37.0	113.6
17	-63.0	4.0	-21.0	-29.0	7.0	8.0	-66.0	-25.0	127.06
18	40.0	-118.0	18.0	50.0	12.0	7.0	-47.0	73.0	123.73
19	-122.0	48.0	-24.0	48.0	30.0	13.0	-3.0	19.0	127.06
20	-84.0	71.0	26.0	14.0	17.0	-17.0	-67.0	22.0	128.58
21	-8.0	50.0	-89.0	2.0	15.0	24.0	-10.0	25.0	128.55
22	24.0	100.0	6.0	19.0	3.0	-39.0	11.0	-40.0	116.8
23	-128.0	-33.0	-60.0	28.0	-2.0	14.0	6.0	56.0	128.11
24	108.0	7.0	127.0	30.0	18.0	12.0	25.0	-46.0	123.73
25	-47.0	-25.0	-29.0	83.0	12.0	-45.0	-66.0	52.0	128.55
26	51.0	-32.0	32.0	-11.0	-17.0	49.0	8.0	-13.0	125.5
27	105.0	89.0	-15.0	19.0	28.0	42.0	-9.0	-4.0	127.2
28	118.0	-32.0	127.0	-4.0	7.0	16.0	-64.0	50.0	118.65
29	-70.0	22.0	73.0	127.0	-35.0	-34.0	23.0	-69.0	114.83
30	-17.0	104.0	29.0	8.0	9.0	-2.0	6.0	-18.0	116.5
31	36.0	29.0	-31.0	67.0	-25.0	-58.0	-23.0	-11.0	104.49
32	127.0	-66.0	38.0	-81.0	2.0	13.0	-88.0	71.0	82.89
33	-103.0	-2.0	-124.0	-9.0	28.0	7.0	-63.0	-61.0	95.05
34	127.0	-99.0	-18.0	-10.0	18.0	5.0	13.0	5.0	99.99
35	27.0	121.0	24.0	23.0	-10.0	-17.0	11.0	17.0	89.58
36	76.0	79.0	-55.0	-18.0	22.0	28.0	17.0	-37.0	88.93
37	-70.0	72.0	-63.0	-9.0	-14.0	22.0	14.0	-25.0	93.41
38	-128.0	95.0	-8.0	-38.0	-2.0	-23.0	-32.0	-113.0	89.58
39	-128.0	74.0	-38.0	24.0	-6.0	8.0	37.0	80.0	101.33
40	127.0	10.0	-61.0	-4.0	-6.0	-10.0	-67.0	-21.0	97.87
41	-45.0	59.0	-3.0	75.0	-21.0	22.0	43.0	51.0	110.17
42	-73.0	26.0	15.0	-13.0	-4.0	-7.0	-54.0	-7.0	115.24
43	127.0	64.0	112.0	127.0	1.0	1.0	22.0	-30.0	121.07
44	-84.0	-73.0	-28.0	29.0	-19.0	-4.0	-104.0	-1.0	116.5
45	11.0	127.0	-34.0	37.0	11.0	-10.0	23.0	-3.0	116.8
46	-42.0	90.0	-11.0	-30.0	-11.0	-25.0	-47.0	30.0	113.6
47	73.0	-9.0	25.0	-9.0	11.0	49.0	-8.0	-53.0	101.33
48	-53.0	-106.0	-57.0	-5.0	-3.0	20.0	2.0	-49.0	102.86
49	127.0	-99.0	-3.0	-50.0	19.0	-4.0	-48.0	25.0	81.55
50	48.0	12.0	-16.0	1.0	7.0	35.0	31.0	4.0	88.93
51	98.0	-128.0	34.0	11.0	9.0	-3.0	-73.0	-58.0	79.14
52	-116.0	-116.0	-20.0	-54.0	-4.0	23.0	64.0	9.0	76.11
53	77.0	7.0	45.0	-16.0	-16.0	1.0	-1.0	34.0	67.07
54	-105.0	-91.0	24.0	14.0	-10.0	-45.0	-24.0	21.0	65.68
55	33.0	-53.0	-20.0	30.0	-27.0	-14.0	18.0	16.0	66.59
56	-53.0	-95.0	-66.0	-8.0	-44.0	15.0	117.0	-19.0	72.16
57	127.0	-1.0	-100.0	106.0	30.0	-9.0	-13.0	43.0	75.55
58	-99.0	104.0	29.0	28.0	-17.0	-4.0	-5.0	-86.0	63.12
59	116.0	-128.0	8.0	-38.0	-2.0	-4.0	84.0	38.0	48.19
60	15.0	127.0	-29.0	-11.0	-3.0	15.0	-54.0	-10.0	55.13
61	-100.0	-51.0	72.0	-15.0	-8.0	-8.0	-85.0	-8.0	40.92
62	117.0	106.0	127.0	22.0	-3.0	-24.0	18.0	29.0	40.92
63	9.0	54.0	67.0	-128.0	1.0	-7.0	93.0	41.0	35.31
64	63.0	-120.0	42.0	45.0	-13.0	-24.0	-77.0	-1.0	32.59
65	106.0	-49.0	127.0	-51.0	13.0	19.0	65.0	-4.0	43.64
66	33.0	85.0	-37.0	17.0	-21.0	13.0	-110.0	-100.0	39.7
67	-30.0	5.0	-46.0	-55.0	21.0	22.0	99.0	-5.0	49.7
68	-31.0	14.0	-122.0	63.0	6.0	13.0	-128.0	36.0	54.56
69	76.0	97.0	8.0	21.0	24.0	-22.0	97.0	-54.0	35.31
70	-20.0	8.0	4.0	16.0	-1.0	-5.0	-88.0	-18.0	30.61
71	-83.0	-109.0	-60.0	-16.0	-1.0	11.0	-43.0	-26.0	31.48
72	73.0	-121.0	13.0	15.0	7.0	-7.0	-36.0	-65.0	30.61
73	127.0	32.0	-21.0	4.0	18.0	-18.0	-64.0	4.0	33.8
74	-110.0	18.0	6.0	-92.0	13.0	-6.0	70.0	17.0	37.91
75	98.0	61.0	-53.0	16.0	-16.0	4.0	14.0	20.0	31.85
76	57.0	-128.0	127.0	-11.0	3.0	-4.0	36.0	38.0	31.43
77	95.0	-13.0	6.0	-25.0	-16.0	-13.0	3.0	-12.0	31.48
78	79.0	15.0	-72.0	-28.0	14.0	8.0	21.0	44.0	31.48
79	65.0	79.0	25.0	6.0	11.0	-64.0	-21.0	26.0	40.18
80	19.0	63.0	34.0	47.0	2.0	29.0	-3.0	-18.0	33.8
81	-90.0	-93.0	93.0	-20.0	-10.0	-11.0	17.0	92.0	42.89
82	118.0	127.0	-128.0	22.0	-11.0	-9.0	38.0	34.0	41.97
83	-94.0	-18.0	76.0	2.0	21.0	30.0	-34.0	-30.0	43.64
84	127.0	-19.0	6.0	-67.0	41.0	-24.0	-6.0	-28.0	54.56
85	-28.0	41.0	-21.0	-15.0	1.0	-6.0	-43.0	-28.0	60.14
86	-77.0	-1.0	-3.0	-31.0	-17.0	9.0	64.0	-128.0	42.89
87	-95.0	86.0	-20.0	-17.0	4.0	3.0	22.0	-18.0	63.09
