0	127.0	65.0	115.0	127.0	-7.0	-8.0	-6.0	36.0	59.8
1	-8.0	-25.0	23.0	15.0	2.0	-22.0	4.0	-35.0	45.56
2	-85.0	-128.0	-128.0	-43.0	-15.0	-15.0	-70.0	-32.0	43.71
3	118.0	101.0	-19.0	-38.0	-20.0	11.0	-11.0	30.0	51.19
4	66.0	-21.0	127.0	20.0	3.0	7.0	28.0	27.0	54.92
5	115.0	107.0	-5.0	66.0	6.0	-14.0	38.0	15.0	61.39
6	-20.0	-98.0	-85.0	-84.0	1.0	-1.0	-3.0	33.0	63.5
7	42.0	-36.0	-76.0	64.0	34.0	-18.0	6.0	31.0	61.68
8	-128.0	81.0	10.0	-71.0	-1.0	2.0	-15.0	-15.0	54.92
9	-1.0	7.0	95.0	-79.0	-12.0	-5.0	6.0	-27.0	57.26
10	-17.0	48.0	-51.0	127.0	0.0	12.0	-2.0	23.0	53.54
11	56.0	-126.0	-39.0	-26.0	-7.0	-20.0	-1.0	6.0	53.54
12	34.0	-54.0	-47.0	-128.0	8.0	-16.0	-61.0	14.0	52.69
13	-75.0	9.0	-37.0	-10.0	-20.0	-7.0	-9.0	-84.0	63.5
14	-61.0	47.0	29.0	16.0	-19.0	-1.0	5.0	9.0	51.19
15	31.0	-16.0	32.0	20.0	-11.0	-10.0	88.0	-13.0	74.65
16	127.0	-128.0	127.0	24.0	-2.0	-18.0	-5.0	0.0	70.35
17	-89.0	-15.0	63.0	-15.0	-14.0	-2.0	16.0	31.0	89.23
18	-128.0	-27.0	-18.0	13.0	4.0	36.0	-2.0	-27.0	84.82
19	-80.0	-36.0	-32.0	-1.0	-3.0	17.0	-3.0	-18.0	79.16
20	-60.0	-128.0	36.0	-33.0	8.0	-77.0	-12.0	32.0	100.57
21	-41.0	-11.0	68.0	59.0	-7.0	-5.0	7.0	26.0	83.92
22	12.0	93.0	-83.0	-1.0	-11.0	35.0	-1.0	16.0	91.87
23	127.0	36.0	-28.0	-37.0	14.0	7.0	23.0	4.0	75.66
24	-61.0	-67.0	-10.0	7.0	-6.0	-4.0	-14.0	-27.0	122.85
25	-58.0	-79.0	33.0	127.0	-6.0	15.0	-14.0	76.0	110.78
26	-69.0	-128.0	37.0	13.0	0.0	-10.0	-3.0	1.0	123.68
27	-25.0	15.0	-107.0	15.0	-7.0	27.0	19.0	-13.0	125.01
28	115.0	127.0	9.0	-17.0	2.0	6.0	-9.0	-47.0	127.09
29	-74.0	-97.0	-5.0	47.0	-8.0	9.0	18.0	-33.0	125.01
30	-108.0	-128.0	66.0	-1.0	13.0	-12.0	7.0	34.0	124.7
31	4.0	59.0	127.0	-43.0	3.0	4.0	-9.0	21.0	117.4
32	-93.0	-89.0	-39.0	-67.0	-14.0	-9.0	-4.0	9.0	117.4
33	-96.0	101.0	-25.0	127.0	-22.0	-1.0	10.0	-31.0	109.55
34	127.0	-128.0	110.0	7.0	-6.0	5.0	33.0	11.0	123.36
35	55.0	46.0	53.0	-101.0	11.0	-13.0	-18.0	39.0	123.42
36	127.0	14.0	-66.0	26.0	-10.0	18.0	23.0	-38.0	123.12
37	-128.0	-91.0	-16.0	5.0	9.0	25.0	57.0	-5.0	102.58
38	-94.0	127.0	-20.0	-10.0	4.0	15.0	-5.0	3.0	122.85
39	-59.0	-16.0	32.0	7.0	24.0	-1.0	-23.0	7.0	123.33
40	-63.0	46.0	47.0	-2.0	-2.0	-1.0	-57.0	19.0	123.33
41	-32.0	53.0	38.0	21.0	-3.0	5.0	8.0	50.0	103.49
42	-75.0	-64.0	-89.0	6.0	-1.0	30.0	-5.0	9.0	95.75
43	-68.0	-98.0	15.0	-36.0	14.0	6.0	-23.0	34.0	111.11
44	127.0	-62.0	32.0	2.0	21.0	-7.0	-14.0	-31.0	103.49
45	-83.0	-60.0	20.0	37.0	-1.0	14.0	98.0	38.0	110.78
46	-107.0	48.0	-55.0	21.0	32.0	6.0	-17.0	41.0	108.7
47	-3.0	-5.0	46.0	-33.0	-14.0	25.0	-7.0	-2.0	100.57
48	-58.0	127.0	13.0	-128.0	4.0	18.0	3.0	37.0	108.82
49	127.0	-56.0	18.0	127.0	24.0	-9.0	17.0	-22.0	102.58
50	127.0	-69.0	-72.0	0.0	-1.0	-13.0	-8.0	-40.0	124.89
51	-86.0	-87.0	9.0	127.0	-7.0	-9.0	20.0	4.0	123.36
52	-107.0	31.0	74.0	-10.0	-15.0	-3.0	6.0	-14.0	102.54
53	-110.0	8.0	82.0	-45.0	-11.0	21.0	-21.0	-106.0	109.55
54	98.0	126.0	30.0	11.0	20.0	-23.0	5.0	47.0	97.42
55	26.0	19.0	93.0	108.0	6.0	-10.0	-13.0	16.0	89.23
56	-36.0	-33.0	-17.0	-34.0	16.0	0.0	-10.0	26.0	91.87
57	11.0	35.0	59.0	-26.0	8.0	-3.0	30.0	-3.0	81.16
58	-31.0	-112.0	34.0	-14.0	16.0	-16.0	-13.0	-22.0	78.22
59	75.0	96.0	8.0	16.0	5.0	-32.0	-4.0	71.0	75.66
60	-59.0	-29.0	-8.0	12.0	2.0	19.0	1.0	68.0	79.16
61	127.0	37.0	-18.0	29.0	3.0	35.0	45.0	127.0	81.16
62	-113.0	83.0	-101.0	-111.0	-12.0	-1.0	15.0	-12.0	70.35
63	-78.0	-102.0	15.0	98.0	32.0	12.0	7.0	10.0	72.27
64	78.0	-75.0	-59.0	38.0	5.0	-6.0	19.0	36.0	64.63
65	5.0	-44.0	10.0	9.0	-10.0	-6.0	0.0	-37.0	61.39
66	-55.0	108.0	-2.0	15.0	23.0	-9.0	-4.0	1.0	50.67
67	-31.0	19.0	110.0	-37.0	-13.0	8.0	-10.0	24.0	45.56
68	79.0	-22.0	-2.0	-41.0	-11.0	-9.0	-10.0	-4.0	45.16
69	68.0	-22.0	-128.0	12.0	0.0	-4.0	-6.0	-7.0	37.39
70	90.0	17.0	0.0	-9.0	4.0	-21.0	-13.0	27.0	38.73
71	127.0	80.0	20.0	-5.0	-16.0	26.0	60.0	30.0	38.73
72	-112.0	10.0	-4.0	-98.0	18.0	-9.0	27.0	-5.0	13.19
73	11.0	1.0	-12.0	127.0	2.0	30.0	15.0	-18.0	21.09
74	127.0	-128.0	-128.0	-27.0	4.0	7.0	-4.0	-103.0	33.76
75	16.0	51.0	-17.0	-13.0	9.0	-14.0	19.0	-2.0	33.76
76	68.0	96.0	127.0	11.0	8.0	13.0	6.0	56.0	18.79
77	51.0	-103.0	126.0	8.0	-10.0	-2.0	-15.0	-36.0	18.79
78	-5.0	-88.0	-61.0	17.0	-5.0	12.0	5.0	-128.0	21.17
79	116.0	87.0	3.0	-18.0	25.0	-13.0	-25.0	35.0	21.09
80	50.0	39.0	-109.0	-41.0	-4.0	14.0	-8.0	-1.0	40.95
81	96.0	120.0	53.0	18.0	-12.0	16.0	20.0	-11.0	21.8
82	-98.0	106.0	127.0	22.0	12.0	-16.0	-9.0	-3.0	20.24
83	-21.0	24.0	3.0	-60.0	8.0	-1.0	19.0	21.0	29.36
84	-52.0	0.0	-12.0	-19.0	19.0	-18.0	11.0	28.0	29.36
85	80.0	48.0	-72.0	-51.0	-14.0	10.0	8.0	-38.0	35.52
86	17.0	-42.0	-22.0	-11.0	-14.0	-11.0	-2.0	20.0	51.41
