0	23.0	-109.0	-72.0	-26.0	3.0	13.0	12.0	7.0	115.33
1	83.0	43.0	83.0	42.0	2.0	-1.0	-23.0	8.0	131.52
2	-128.0	-25.0	49.0	-28.0	-5.0	-3.0	14.0	6.0	132.12
3	-49.0	94.0	72.0	-91.0	-16.0	-11.0	-3.0	-51.0	133.08
4	63.0	26.0	42.0	-3.0	1.0	-29.0	3.0	-9.0	131.76
5	-127.0	-128.0	112.0	-34.0	1.0	-8.0	2.0	2.0	133.45
6	-63.0	84.0	102.0	13.0	-5.0	-2.0	-8.0	-16.0	130.58
7	127.0	-119.0	-22.0	-33.0	1.0	-11.0	2.0	-58.0	122.43
8	127.0	113.0	-126.0	-70.0	14.0	11.0	5.0	39.0	122.28
9	-42.0	127.0	-1.0	44.0	-2.0	-11.0	-12.0	-8.0	133.16
10	-66.0	-7.0	72.0	-55.0	14.0	-1.0	-19.0	31.0	133.76
11	-14.0	-86.0	0.0	-35.0	-2.0	-4.0	-3.0	-9.0	133.68
12	-40.0	-43.0	53.0	-13.0	-7.0	19.0	-9.0	-18.0	133.97
13	-82.0	109.0	42.0	7.0	-7.0	-15.0	6.0	-28.0	133.08
14	2.0	-128.0	-36.0	-33.0	-11.0	-8.0	-9.0	-46.0	133.16
15	116.0	-119.0	62.0	40.0	-8.0	5.0	-2.0	-7.0	133.76
16	26.0	87.0	85.0	40.0	-9.0	-13.0	-5.0	-11.0	132.02
17	-125.0	-16.0	-28.0	31.0	4.0	4.0	-2.0	-10.0	122.28
18	127.0	100.0	-86.0	-60.0	0.0	-10.0	3.0	10.0	110.61
19	127.0	11.0	76.0	-4.0	-7.0	2.0	-6.0	27.0	108.47
20	4.0	-72.0	102.0	-25.0	0.0	-10.0	-6.0	35.0	107.79
21	-76.0	120.0	-35.0	-105.0	-11.0	-14.0	-3.0	-35.0	115.24
22	-48.0	115.0	-71.0	7.0	-26.0	-18.0	12.0	-67.0	109.76
23	127.0	-48.0	-127.0	15.0	8.0	-9.0	-10.0	-15.0	110.98
24	106.0	-53.0	-62.0	-12.0	-16.0	-4.0	18.0	52.0	107.94
25	-128.0	-59.0	-91.0	-53.0	6.0	6.0	-23.0	43.0	106.93
26	-93.0	105.0	-72.0	-34.0	5.0	32.0	2.0	13.0	91.17
27	119.0	-15.0	6.0	-33.0	8.0	-8.0	10.0	21.0	86.05
28	82.0	-128.0	-32.0	-56.0	3.0	-1.0	16.0	20.0	81.69
29	-61.0	-62.0	-85.0	-108.0	-9.0	-1.0	-1.0	2.0	82.56
30	-46.0	61.0	28.0	3.0	31.0	-3.0	7.0	-37.0	79.7
31	42.0	40.0	20.0	-1.0	4.0	-7.0	-1.0	86.0	84.74
32	127.0	4.0	-36.0	1.0	2.0	-8.0	-4.0	-28.0	82.03
33	-65.0	-49.0	64.0	-37.0	-4.0	4.0	3.0	23.0	79.54
34	-77.0	-79.0	-121.0	6.0	-4.0	-9.0	2.0	-33.0	78.54
35	-67.0	65.0	-30.0	-91.0	-3.0	-3.0	3.0	12.0	78.55
36	-128.0	-77.0	22.0	-82.0	12.0	15.0	-3.0	-2.0	63.9
37	-43.0	58.0	0.0	13.0	-6.0	8.0	23.0	18.0	63.9
38	127.0	-128.0	-48.0	40.0	-6.0	-16.0	0.0	5.0	63.16
39	127.0	62.0	-73.0	29.0	11.0	7.0	-12.0	-9.0	71.79
40	-28.0	127.0	-57.0	7.0	-7.0	3.0	8.0	7.0	78.38
41	127.0	127.0	-7.0	8.0	11.0	-9.0	2.0	35.0	78.54
42	-31.0	-84.0	27.0	40.0	-3.0	7.0	-11.0	11.0	64.11
43	-128.0	-6.0	5.0	42.0	8.0	7.0	-8.0	10.0	78.03
44	84.0	-92.0	-62.0	11.0	15.0	-6.0	14.0	4.0	77.94
45	36.0	-91.0	-38.0	21.0	4.0	15.0	-26.0	-15.0	77.99
46	71.0	55.0	-128.0	127.0	-12.0	3.0	2.0	-16.0	64.11
47	-95.0	42.0	-16.0	18.0	-1.0	-5.0	11.0	-97.0	77.94
48	-27.0	77.0	36.0	-29.0	-9.0	-9.0	-3.0	35.0	78.64
49	127.0	14.0	41.0	99.0	-15.0	1.0	-8.0	-10.0	81.04
50	-118.0	-92.0	99.0	35.0	6.0	5.0	-5.0	-35.0	99.57
51	127.0	80.0	9.0	34.0	-12.0	5.0	-5.0	1.0	81.24
52	102.0	127.0	-128.0	34.0	0.0	-1.0	-2.0	-49.0	79.7
53	-106.0	-70.0	-81.0	-3.0	-6.0	-8.0	3.0	-75.0	82.03
54	25.0	-53.0	-74.0	55.0	8.0	7.0	2.0	29.0	81.04
55	83.0	127.0	26.0	-79.0	-6.0	-19.0	0.0	36.0	91.17
56	52.0	-27.0	-4.0	-36.0	3.0	6.0	-7.0	-13.0	101.24
57	80.0	-87.0	-91.0	-33.0	1.0	0.0	-5.0	-57.0	106.79
58	127.0	-50.0	16.0	7.0	-12.0	-37.0	-2.0	4.0	121.93
59	19.0	-45.0	14.0	31.0	5.0	19.0	-14.0	-10.0	109.76
60	-106.0	-128.0	16.0	18.0	-11.0	3.0	-14.0	-70.0	107.94
61	-97.0	-51.0	-40.0	27.0	16.0	1.0	3.0	3.0	101.24
62	58.0	103.0	-5.0	-48.0	-8.0	3.0	-28.0	36.0	102.04
63	-77.0	80.0	28.0	23.0	-1.0	14.0	-8.0	16.0	106.42
64	-84.0	62.0	40.0	-61.0	15.0	-9.0	7.0	1.0	85.35
65	3.0	-83.0	20.0	-66.0	-5.0	5.0	-4.0	28.0	104.98
66	-63.0	120.0	59.0	15.0	-7.0	-20.0	-1.0	10.0	104.98
67	93.0	18.0	-10.0	54.0	13.0	2.0	18.0	-27.0	102.03
68	-66.0	-82.0	-35.0	-2.0	1.0	-5.0	2.0	50.0	106.42
69	127.0	0.0	-5.0	26.0	-14.0	-15.0	-19.0	-39.0	105.35
70	7.0	-128.0	-62.0	-24.0	13.0	12.0	10.0	-41.0	108.69
71	11.0	-24.0	-90.0	1.0	-8.0	-10.0	1.0	9.0	112.8
72	127.0	-38.0	-18.0	34.0	5.0	11.0	8.0	22.0	112.8
73	-7.0	38.0	-73.0	-88.0	-15.0	-1.0	-1.0	60.0	119.59
74	-2.0	115.0	31.0	-60.0	-6.0	4.0	4.0	4.0	121.93
75	-22.0	127.0	-48.0	-38.0	27.0	-1.0	3.0	13.0	131.52
76	-13.0	-25.0	-38.0	-19.0	-11.0	13.0	2.0	2.0	126.78
77	-128.0	77.0	1.0	-48.0	5.0	1.0	-2.0	-1.0	126.78
78	19.0	-56.0	15.0	3.0	10.0	-6.0	-3.0	93.0	122.33
79	-14.0	-79.0	-77.0	42.0	-7.0	9.0	4.0	-9.0	115.24
80	19.0	114.0	20.0	-20.0	0.0	-3.0	2.0	-9.0	129.79
81	-66.0	58.0	-128.0	27.0	4.0	30.0	5.0	-21.0	117.62
82	86.0	127.0	-4.0	-1.0	-24.0	-13.0	-3.0	19.0	117.62
83	116.0	91.0	19.0	7.0	2.0	18.0	-23.0	34.0	131.76
