0	98.0	-120.0	-128.0	-33.0	0.0	-13.0	4.0	78.0	65.27
1	-74.0	59.0	-10.0	-5.0	14.0	-47.0	13.0	-35.0	50.15
2	40.0	-47.0	6.0	-76.0	-11.0	11.0	-21.0	5.0	41.77
3	127.0	-8.0	-24.0	-29.0	18.0	29.0	51.0	-1.0	43.38
4	-28.0	115.0	33.0	33.0	-27.0	22.0	-14.0	27.0	41.76
5	-58.0	126.0	-56.0	-6.0	11.0	5.0	-8.0	-10.0	94.04
6	127.0	64.0	-88.0	-1.0	29.0	32.0	15.0	-52.0	68.28
7	-20.0	-100.0	-18.0	-28.0	-4.0	26.0	-77.0	-2.0	44.86
8	107.0	127.0	12.0	20.0	7.0	29.0	91.0	127.0	41.77
9	41.0	3.0	-95.0	-6.0	3.0	-19.0	40.0	27.0	64.49
10	-91.0	-128.0	3.0	23.0	14.0	7.0	-89.0	-7.0	71.81
11	25.0	55.0	116.0	-95.0	23.0	31.0	-88.0	18.0	92.83
12	-29.0	20.0	-15.0	-128.0	12.0	-55.0	-2.0	23.0	99.33
13	3.0	-87.0	25.0	-20.0	-11.0	-13.0	21.0	-64.0	113.64
14	-71.0	34.0	-80.0	-64.0	24.0	19.0	101.0	-19.0	125.49
15	30.0	-115.0	34.0	16.0	-10.0	10.0	-7.0	-16.0	118.65
16	90.0	115.0	-12.0	-42.0	31.0	20.0	-76.0	-9.0	120.42
17	116.0	27.0	-26.0	-128.0	-12.0	7.0	100.0	14.0	126.98
18	-96.0	4.0	-3.0	41.0	6.0	-44.0	-4.0	7.0	128.52
19	127.0	-28.0	-7.0	-4.0	3.0	43.0	15.0	50.0	135.6
20	105.0	-42.0	-15.0	-7.0	3.0	-41.0	-2.0	-15.0	143.88
21	117.0	-76.0	-68.0	1.0	5.0	-53.0	-80.0	33.0	140.99
22	15.0	-41.0	95.0	-57.0	-11.0	15.0	-66.0	127.0	137.76
23	81.0	127.0	-83.0	-2.0	7.0	-9.0	-78.0	8.0	145.33
24	-59.0	84.0	3.0	-29.0	-18.0	17.0	69.0	-45.0	146.31
25	107.0	2.0	47.0	31.0	-6.0	-1.0	28.0	-6.0	143.88
26	-15.0	17.0	48.0	-22.0	-16.0	5.0	86.0	73.0	145.82
27	-5.0	-36.0	-25.0	-10.0	-5.0	57.0	-45.0	-25.0	146.21
28	29.0	45.0	-2.0	-6.0	8.0	-57.0	58.0	29.0	139.62
29	-78.0	10.0	10.0	34.0	-15.0	25.0	-57.0	18.0	145.82
30	-73.0	60.0	92.0	20.0	24.0	-57.0	32.0	-72.0	141.82
31	8.0	127.0	-5.0	-23.0	9.0	-6.0	127.0	-7.0	132.68
32	127.0	-91.0	-8.0	11.0	-11.0	26.0	-43.0	-80.0	131.58
33	-104.0	-33.0	-8.0	31.0	-6.0	-13.0	-83.0	-47.0	123.87
34	6.0	-91.0	12.0	0.0	-49.0	52.0	46.0	74.0	129.58
35	-128.0	-31.0	-11.0	-18.0	38.0	40.0	-53.0	-18.0	132.68
36	26.0	-7.0	44.0	82.0	8.0	-3.0	-61.0	27.0	137.76
37	30.0	-89.0	19.0	50.0	-8.0	-5.0	66.0	-13.0	140.99
38	-98.0	56.0	-99.0	2.0	8.0	1.0	-118.0	23.0	133.54
39	100.0	8.0	-54.0	-5.0	44.0	-5.0	-125.0	-21.0	143.92
40	85.0	50.0	-5.0	-13.0	-29.0	17.0	-21.0	-19.0	133.54
41	-110.0	-37.0	-8.0	4.0	13.0	-8.0	127.0	80.0	146.41
42	-90.0	91.0	0.0	76.0	2.0	43.0	69.0	-9.0	146.41
43	123.0	127.0	0.0	-6.0	4.0	-1.0	-78.0	-59.0	137.57
44	48.0	-128.0	-25.0	-44.0	21.0	8.0	-3.0	-52.0	126.12
45	9.0	8.0	-112.0	8.0	-4.0	-7.0	-20.0	11.0	122.68
46	-30.0	-43.0	6.0	-22.0	-101.0	-39.0	-42.0	7.0	123.87
47	52.0	127.0	84.0	14.0	-6.0	66.0	-120.0	-12.0	127.34
48	-12.0	-56.0	-128.0	-6.0	48.0	3.0	12.0	101.0	117.26
49	-54.0	-36.0	-103.0	24.0	-12.0	57.0	-118.0	-4.0	116.67
50	23.0	80.0	48.0	-30.0	5.0	-46.0	66.0	-105.0	117.26
51	-30.0	21.0	-36.0	-74.0	-16.0	32.0	3.0	-7.0	115.0
52	21.0	31.0	-71.0	93.0	-5.0	25.0	77.0	-15.0	113.64
53	48.0	62.0	-33.0	-10.0	-7.0	3.0	17.0	6.0	118.65
54	98.0	127.0	30.0	-6.0	-6.0	-8.0	-43.0	16.0	103.59
55	-87.0	42.0	32.0	-84.0	-13.0	-5.0	49.0	-12.0	99.58
56	-15.0	-114.0	0.0	-31.0	-24.0	31.0	-128.0	-25.0	99.52
57	124.0	105.0	-111.0	-14.0	-10.0	14.0	81.0	10.0	98.76
58	96.0	127.0	49.0	-5.0	43.0	8.0	87.0	-42.0	100.48
59	-110.0	87.0	44.0	-38.0	-3.0	48.0	-19.0	-80.0	105.35
60	-76.0	6.0	-20.0	-14.0	8.0	-30.0	103.0	-9.0	111.2
61	76.0	-89.0	6.0	-69.0	-22.0	0.0	33.0	7.0	108.23
62	-9.0	-86.0	84.0	2.0	-4.0	0.0	-82.0	7.0	109.21
63	-73.0	-128.0	-46.0	45.0	-24.0	-5.0	-65.0	-36.0	99.58
64	63.0	97.0	18.0	13.0	-23.0	-1.0	-88.0	8.0	94.04
65	127.0	43.0	-52.0	-29.0	-16.0	-10.0	85.0	9.0	97.27
66	102.0	-21.0	-88.0	-15.0	0.0	46.0	-10.0	32.0	101.4
67	-45.0	39.0	-27.0	26.0	-16.0	13.0	-40.0	7.0	109.21
68	85.0	80.0	127.0	-20.0	26.0	-1.0	58.0	4.0	100.48
69	-47.0	-44.0	15.0	-10.0	-43.0	30.0	5.0	38.0	99.33
70	107.0	-27.0	26.0	-10.0	3.0	16.0	-118.0	-37.0	93.18
71	-128.0	-94.0	14.0	24.0	25.0	-47.0	-82.0	-16.0	65.42
72	102.0	-46.0	-3.0	-31.0	38.0	-68.0	-73.0	85.0	69.31
73	10.0	92.0	13.0	7.0	-9.0	-20.0	114.0	-4.0	71.81
74	126.0	-128.0	40.0	10.0	-9.0	15.0	-71.0	40.0	65.27
75	-92.0	5.0	37.0	-21.0	5.0	-128.0	75.0	-87.0	44.86
76	-51.0	-78.0	-52.0	11.0	33.0	127.0	-11.0	64.0	50.15
77	-13.0	-2.0	110.0	8.0	39.0	-78.0	2.0	29.0	42.41
78	-96.0	108.0	-18.0	-106.0	8.0	-26.0	48.0	2.0	68.28
79	35.0	68.0	-59.0	-57.0	-6.0	-6.0	-31.0	-1.0	93.18
80	84.0	-99.0	-14.0	91.0	-15.0	12.0	26.0	25.0	82.01
81	127.0	102.0	-128.0	31.0	7.0	80.0	40.0	-36.0	98.87
82	-98.0	0.0	81.0	-33.0	-8.0	-6.0	-1.0	-15.0	93.0
83	9.0	19.0	65.0	-14.0	-15.0	-12.0	-48.0	0.0	69.95
