0	37.0	73.0	27.0	83.0	19.0	-11.0	45.0	-48.0	109.77
1	-19.0	105.0	-102.0	-90.0	-2.0	13.0	-1.0	-37.0	122.95
2	-71.0	-68.0	-92.0	8.0	0.0	-9.0	7.0	-23.0	119.24
3	50.0	54.0	44.0	-29.0	-4.0	-1.0	0.0	-35.0	123.36
4	-53.0	119.0	-69.0	14.0	4.0	-3.0	3.0	-17.0	105.08
5	-76.0	-70.0	76.0	12.0	-2.0	16.0	-1.0	-2.0	106.9
6	72.0	-128.0	-34.0	-11.0	10.0	-1.0	-4.0	26.0	103.93
7	9.0	-75.0	5.0	-46.0	12.0	14.0	-70.0	0.0	119.47
8	-22.0	91.0	-67.0	25.0	-17.0	8.0	-4.0	16.0	106.9
9	58.0	101.0	58.0	-49.0	-3.0	1.0	4.0	-68.0	116.8
10	46.0	-96.0	22.0	-86.0	-6.0	6.0	-5.0	48.0	121.47
11	-128.0	62.0	54.0	-51.0	-6.0	13.0	-4.0	12.0	116.8
12	4.0	-23.0	-64.0	-30.0	1.0	-22.0	15.0	45.0	130.55
13	-89.0	-128.0	79.0	0.0	9.0	12.0	-4.0	-51.0	131.66
14	-118.0	24.0	127.0	-22.0	9.0	-13.0	20.0	0.0	131.66
15	62.0	127.0	30.0	73.0	3.0	-13.0	-2.0	-23.0	128.49
16	121.0	6.0	-23.0	-128.0	-15.0	-7.0	5.0	-77.0	131.15
17	34.0	34.0	107.0	-26.0	0.0	7.0	-40.0	1.0	133.93
18	66.0	93.0	25.0	5.0	-14.0	3.0	42.0	47.0	132.96
19	84.0	-17.0	-5.0	-6.0	-12.0	9.0	15.0	-34.0	133.68
20	20.0	-83.0	71.0	8.0	12.0	-9.0	16.0	-10.0	133.88
21	-33.0	50.0	-7.0	-11.0	10.0	-10.0	-7.0	9.0	133.16
22	108.0	52.0	-70.0	99.0	-44.0	-3.0	1.0	18.0	133.68
23	65.0	84.0	-40.0	-10.0	-12.0	-5.0	-9.0	28.0	133.93
24	-3.0	-66.0	-5.0	-104.0	-1.0	-1.0	-19.0	64.0	133.62
25	120.0	-128.0	-37.0	5.0	-1.0	-6.0	0.0	6.0	127.93
26	-3.0	56.0	-31.0	20.0	6.0	-11.0	-3.0	1.0	127.04
27	77.0	112.0	60.0	-38.0	-3.0	2.0	53.0	49.0	127.93
28	-59.0	-24.0	-34.0	38.0	2.0	-3.0	39.0	-52.0	127.04
29	-58.0	35.0	-59.0	-48.0	6.0	-1.0	-3.0	16.0	121.47
30	62.0	-40.0	4.0	44.0	9.0	10.0	-10.0	4.0	119.24
31	127.0	-66.0	53.0	-32.0	-11.0	12.0	-62.0	-31.0	125.43
32	-79.0	112.0	-23.0	14.0	30.0	32.0	7.0	-11.0	105.08
33	-18.0	37.0	63.0	12.0	-7.0	-1.0	23.0	-23.0	102.57
34	111.0	-60.0	-128.0	0.0	-3.0	-2.0	5.0	-30.0	102.5
35	2.0	29.0	19.0	71.0	-6.0	6.0	-4.0	-60.0	102.57
36	-36.0	3.0	39.0	-91.0	-8.0	-8.0	-14.0	46.0	100.2
37	37.0	-35.0	-14.0	-34.0	-4.0	24.0	-7.0	71.0	99.54
38	-128.0	-48.0	36.0	47.0	18.0	0.0	5.0	-1.0	99.47
39	36.0	-91.0	115.0	-78.0	-12.0	0.0	-11.0	69.0	97.29
40	-66.0	-46.0	37.0	7.0	11.0	-13.0	-10.0	-17.0	89.12
41	19.0	-112.0	-113.0	34.0	-6.0	-13.0	12.0	-34.0	87.47
42	-18.0	-105.0	-95.0	-83.0	13.0	-5.0	-12.0	15.0	89.12
43	0.0	46.0	53.0	47.0	-8.0	9.0	2.0	10.0	86.05
44	33.0	-104.0	0.0	-7.0	-4.0	-2.0	28.0	11.0	71.38
45	-128.0	-22.0	-40.0	-34.0	-8.0	13.0	3.0	22.0	70.71
46	-128.0	-29.0	109.0	56.0	0.0	2.0	-4.0	-52.0	90.52
47	-126.0	-113.0	-110.0	14.0	-15.0	4.0	-5.0	68.0	99.47
48	-128.0	72.0	-53.0	38.0	-16.0	-9.0	15.0	9.0	95.84
49	95.0	-68.0	-80.0	-20.0	-2.0	24.0	-5.0	-35.0	94.37
50	23.0	55.0	4.0	-2.0	13.0	-7.0	-1.0	1.0	93.64
51	127.0	75.0	7.0	11.0	6.0	-1.0	-14.0	76.0	97.29
52	-38.0	3.0	-71.0	-14.0	4.0	6.0	-16.0	7.0	93.12
53	-128.0	83.0	32.0	-128.0	14.0	11.0	6.0	-8.0	71.68
54	97.0	54.0	35.0	56.0	15.0	-3.0	8.0	37.0	70.6
55	21.0	-100.0	-61.0	22.0	5.0	-4.0	17.0	-48.0	70.27
56	-35.0	-58.0	-63.0	34.0	-9.0	-6.0	1.0	-12.0	70.12
57	-35.0	-9.0	-35.0	17.0	3.0	-9.0	12.0	12.0	52.61
58	88.0	-69.0	1.0	50.0	6.0	4.0	-1.0	-5.0	41.9
59	41.0	-84.0	-42.0	-52.0	-14.0	-11.0	5.0	11.0	52.61
60	-108.0	107.0	-37.0	-16.0	-1.0	-10.0	-1.0	44.0	41.99
61	70.0	-10.0	9.0	30.0	1.0	8.0	-1.0	-40.0	54.84
62	33.0	96.0	-50.0	14.0	-8.0	21.0	35.0	-8.0	54.84
63	29.0	89.0	58.0	-9.0	-1.0	14.0	-6.0	-28.0	54.34
64	66.0	-98.0	-62.0	35.0	2.0	15.0	-4.0	65.0	53.86
65	-38.0	-11.0	-3.0	11.0	-13.0	5.0	-14.0	17.0	48.22
66	-104.0	102.0	-19.0	-14.0	-23.0	-6.0	-36.0	-13.0	42.7
67	-19.0	37.0	-8.0	-6.0	-10.0	4.0	-6.0	40.0	41.99
68	21.0	-10.0	-14.0	57.0	13.0	-7.0	-7.0	44.0	56.46
69	126.0	66.0	-11.0	-4.0	-5.0	-42.0	-7.0	-23.0	60.44
70	-70.0	-12.0	-99.0	14.0	14.0	1.0	-4.0	13.0	70.27
71	-58.0	-8.0	54.0	3.0	12.0	10.0	7.0	-63.0	58.48
72	63.0	103.0	38.0	22.0	-6.0	-11.0	-1.0	3.0	70.71
73	85.0	-37.0	-27.0	-5.0	3.0	14.0	-8.0	-46.0	71.68
74	127.0	-128.0	-37.0	-84.0	5.0	4.0	-16.0	26.0	86.05
75	28.0	-127.0	70.0	67.0	-16.0	8.0	10.0	-3.0	92.03
76	70.0	53.0	-89.0	-42.0	3.0	-4.0	-11.0	-28.0	93.12
77	-88.0	38.0	68.0	-18.0	-13.0	-17.0	-3.0	-23.0	93.64
78	68.0	-51.0	19.0	-21.0	1.0	-4.0	9.0	-22.0	98.76
79	7.0	127.0	-40.0	75.0	-14.0	-11.0	6.0	9.0	99.62
80	127.0	41.0	52.0	-14.0	23.0	-2.0	-2.0	39.0	104.64
81	-63.0	-92.0	37.0	40.0	-1.0	-2.0	1.0	70.0	115.06
82	-128.0	53.0	-128.0	-26.0	19.0	-1.0	-3.0	21.0	108.11
