0	-6.0	-19.0	15.0	-62.0	2.0	-20.0	13.0	25.0	139.21
1	95.0	-75.0	-64.0	-2.0	-4.0	-17.0	8.0	-114.0	133.74
2	17.0	59.0	-46.0	32.0	-10.0	86.0	104.0	3.0	135.14
3	-35.0	4.0	-128.0	-39.0	-43.0	61.0	-60.0	38.0	136.41
4	33.0	75.0	-31.0	34.0	6.0	34.0	-3.0	39.0	132.27
5	-115.0	-84.0	45.0	-16.0	12.0	-2.0	13.0	-11.0	128.85
6	117.0	97.0	-81.0	-69.0	-39.0	-10.0	38.0	17.0	128.85
7	-74.0	-89.0	127.0	1.0	-10.0	-26.0	-60.0	22.0	137.19
8	127.0	-94.0	-11.0	63.0	1.0	-2.0	40.0	28.0	133.56
9	85.0	63.0	-37.0	15.0	8.0	-14.0	-5.0	-17.0	136.33
10	127.0	39.0	55.0	-19.0	18.0	11.0	38.0	118.0	125.32
11	-12.0	51.0	-1.0	122.0	6.0	1.0	16.0	-2.0	122.24
12	127.0	-89.0	-38.0	-2.0	-19.0	-31.0	-39.0	9.0	116.06
13	-96.0	80.0	37.0	72.0	1.0	7.0	15.0	-69.0	120.89
14	31.0	17.0	66.0	55.0	-5.0	13.0	20.0	20.0	123.85
15	-88.0	22.0	127.0	56.0	39.0	-3.0	-76.0	-52.0	127.54
16	-22.0	-64.0	-128.0	-71.0	22.0	9.0	-16.0	12.0	118.87
17	21.0	127.0	111.0	122.0	2.0	46.0	21.0	57.0	104.5
18	-4.0	-77.0	-5.0	-45.0	2.0	-18.0	22.0	-20.0	110.14
19	-57.0	-16.0	-67.0	23.0	-16.0	-10.0	4.0	-8.0	97.61
20	-16.0	39.0	46.0	-37.0	0.0	7.0	51.0	-44.0	101.12
21	109.0	7.0	4.0	-51.0	-23.0	-9.0	-44.0	-127.0	112.1
22	14.0	-39.0	-94.0	25.0	-18.0	16.0	-91.0	-11.0	120.81
23	85.0	127.0	79.0	-47.0	-10.0	24.0	-2.0	-30.0	118.87
24	12.0	-63.0	13.0	-86.0	11.0	-4.0	-15.0	27.0	106.17
25	104.0	8.0	38.0	39.0	-9.0	18.0	-30.0	-26.0	100.73
26	-33.0	38.0	-103.0	-19.0	21.0	-12.0	44.0	-81.0	110.14
27	-14.0	-105.0	-18.0	28.0	-3.0	-24.0	-38.0	57.0	101.12
28	-128.0	9.0	-40.0	-5.0	15.0	-10.0	5.0	-83.0	97.19
29	76.0	12.0	-24.0	-128.0	-17.0	28.0	-54.0	60.0	103.16
30	-78.0	113.0	-5.0	127.0	-33.0	11.0	7.0	0.0	101.81
31	-1.0	-6.0	20.0	0.0	5.0	-14.0	4.0	78.0	98.21
32	31.0	-128.0	6.0	26.0	6.0	11.0	13.0	18.0	96.32
33	-39.0	76.0	100.0	19.0	3.0	-14.0	30.0	22.0	95.67
34	23.0	-125.0	28.0	8.0	10.0	8.0	-70.0	82.0	97.19
35	-91.0	-128.0	-5.0	-25.0	-20.0	11.0	-43.0	4.0	95.67
36	-89.0	46.0	19.0	59.0	12.0	-30.0	69.0	-17.0	68.58
37	-91.0	3.0	19.0	-28.0	36.0	-60.0	16.0	17.0	61.06
38	101.0	-61.0	31.0	-17.0	6.0	-26.0	-8.0	10.0	60.37
39	-4.0	-19.0	-91.0	-67.0	-20.0	42.0	70.0	23.0	60.37
40	118.0	101.0	-3.0	19.0	-5.0	50.0	1.0	25.0	61.1
41	-62.0	20.0	-27.0	-79.0	-14.0	-16.0	17.0	11.0	58.72
42	-128.0	90.0	46.0	29.0	-26.0	-6.0	-128.0	2.0	55.11
43	-93.0	-2.0	-75.0	-7.0	5.0	17.0	-56.0	22.0	53.93
44	-6.0	-80.0	127.0	29.0	-20.0	7.0	39.0	8.0	63.62
45	79.0	41.0	84.0	-74.0	20.0	-22.0	-48.0	-64.0	68.24
46	32.0	-8.0	21.0	42.0	6.0	-27.0	-14.0	-3.0	68.58
47	88.0	-80.0	6.0	-20.0	11.0	30.0	11.0	22.0	61.1
48	37.0	46.0	-22.0	-19.0	-14.0	-24.0	48.0	-65.0	53.93
49	11.0	-126.0	-40.0	46.0	-22.0	69.0	86.0	28.0	68.24
50	-94.0	94.0	25.0	26.0	18.0	74.0	-83.0	10.0	69.2
51	93.0	-7.0	33.0	-68.0	-7.0	57.0	-47.0	40.0	68.24
52	-106.0	45.0	127.0	-9.0	-1.0	19.0	40.0	-81.0	70.05
53	127.0	-72.0	-77.0	18.0	8.0	5.0	-19.0	-4.0	78.65
54	-15.0	-25.0	-94.0	-108.0	13.0	3.0	16.0	0.0	94.82
55	49.0	-95.0	-26.0	-86.0	2.0	-58.0	27.0	16.0	93.72
56	-49.0	109.0	99.0	69.0	-27.0	-91.0	43.0	-12.0	97.61
57	-79.0	84.0	-108.0	-26.0	36.0	25.0	-50.0	3.0	95.82
58	3.0	95.0	8.0	-9.0	6.0	62.0	-23.0	-14.0	81.58
59	-2.0	25.0	110.0	35.0	-2.0	-5.0	1.0	11.0	93.72
60	76.0	-38.0	18.0	-18.0	-18.0	17.0	51.0	63.0	71.65
61	92.0	28.0	15.0	-16.0	-21.0	35.0	18.0	-16.0	71.65
62	-128.0	-2.0	77.0	-8.0	7.0	12.0	-9.0	-4.0	95.85
63	-4.0	-92.0	-24.0	38.0	-15.0	13.0	-2.0	-22.0	101.81
64	18.0	80.0	43.0	5.0	27.0	-34.0	7.0	34.0	106.17
65	87.0	-26.0	-33.0	57.0	-5.0	-12.0	98.0	74.0	112.1
66	-89.0	-10.0	-23.0	30.0	13.0	57.0	25.0	-16.0	117.43
67	-56.0	83.0	-86.0	3.0	11.0	-15.0	-87.0	-16.0	108.83
68	-49.0	116.0	63.0	-63.0	-11.0	-15.0	-28.0	-25.0	102.99
69	-128.0	-39.0	32.0	0.0	10.0	17.0	20.0	-52.0	105.92
70	127.0	-20.0	-89.0	3.0	-9.0	22.0	2.0	9.0	114.53
71	-39.0	120.0	-33.0	-1.0	-20.0	-42.0	127.0	46.0	116.94
72	-1.0	103.0	5.0	41.0	-10.0	11.0	-49.0	-11.0	116.06
73	-85.0	-64.0	-84.0	12.0	42.0	19.0	6.0	-65.0	123.85
74	-128.0	-5.0	56.0	109.0	18.0	-9.0	-6.0	3.0	127.54
75	100.0	-128.0	-11.0	8.0	22.0	-73.0	20.0	18.0	120.89
76	-14.0	-57.0	14.0	-7.0	0.0	-6.0	2.0	25.0	123.76
77	75.0	-111.0	82.0	-14.0	30.0	22.0	16.0	-48.0	130.27
78	58.0	-76.0	-9.0	-13.0	-7.0	-75.0	39.0	-3.0	136.41
79	-128.0	78.0	-77.0	-1.0	-26.0	11.0	-79.0	3.0	138.44
80	2.0	-103.0	-28.0	3.0	19.0	-7.0	-17.0	10.0	137.19
81	74.0	50.0	16.0	4.0	3.0	-16.0	-115.0	33.0	140.07
82	13.0	-87.0	-30.0	-23.0	-2.0	22.0	-17.0	-11.0	140.0
83	-71.0	89.0	-3.0	6.0	9.0	30.0	38.0	-9.0	139.3
84	127.0	27.0	-23.0	121.0	9.0	12.0	24.0	-24.0	140.0
