0	127.0	-120.0	-75.0	17.0	-18.0	9.0	13.0	51.0	40.25
1	56.0	89.0	-30.0	23.0	11.0	26.0	18.0	-56.0	40.25
2	64.0	127.0	67.0	42.0	2.0	-11.0	17.0	-34.0	33.39
3	-66.0	81.0	1.0	-48.0	9.0	16.0	14.0	-17.0	22.47
4	28.0	-92.0	1.0	-104.0	-9.0	-8.0	7.0	-4.0	36.28
5	97.0	-65.0	47.0	-23.0	3.0	16.0	-3.0	-25.0	37.87
6	-26.0	46.0	-57.0	-18.0	0.0	-14.0	33.0	-37.0	42.88
7	-128.0	-102.0	-128.0	4.0	4.0	2.0	2.0	13.0	48.56
8	-85.0	-42.0	-24.0	1.0	-14.0	-13.0	-15.0	39.0	63.81
9	-128.0	-94.0	-9.0	31.0	18.0	21.0	39.0	-128.0	56.83
10	127.0	-42.0	-44.0	-10.0	-27.0	-17.0	-23.0	-13.0	57.33
11	127.0	-44.0	16.0	-13.0	-2.0	-3.0	-18.0	-7.0	57.2
12	-76.0	1.0	-16.0	-16.0	4.0	-10.0	-20.0	-17.0	62.94
13	91.0	38.0	110.0	7.0	-14.0	13.0	-22.0	21.0	65.64
14	-9.0	-41.0	-15.0	-61.0	-12.0	-3.0	-5.0	4.0	72.96
15	-9.0	-24.0	-128.0	-12.0	-5.0	3.0	3.0	-4.0	72.96
16	-123.0	61.0	17.0	9.0	17.0	-2.0	5.0	9.0	58.22
17	127.0	-128.0	29.0	12.0	13.0	20.0	-13.0	54.0	58.22
18	-40.0	116.0	-28.0	-23.0	3.0	-75.0	74.0	-33.0	84.24
19	-66.0	-68.0	-35.0	-27.0	-29.0	-12.0	-4.0	27.0	84.4
20	13.0	28.0	13.0	2.0	3.0	23.0	5.0	-126.0	102.92
21	-15.0	-102.0	100.0	-2.0	8.0	-1.0	9.0	33.0	96.94
22	-17.0	61.0	-2.0	-90.0	18.0	-20.0	-88.0	-8.0	112.79
23	87.0	38.0	-28.0	60.0	-16.0	-3.0	69.0	-1.0	118.08
24	-49.0	46.0	-14.0	18.0	4.0	-17.0	-15.0	11.0	118.08
25	117.0	-42.0	-7.0	-13.0	-8.0	16.0	8.0	-96.0	124.46
26	19.0	56.0	-12.0	4.0	-9.0	9.0	35.0	26.0	117.99
27	-128.0	81.0	-59.0	-8.0	3.0	0.0	0.0	-66.0	121.71
28	-8.0	62.0	-113.0	-52.0	-20.0	-8.0	-50.0	22.0	125.57
29	50.0	-35.0	44.0	16.0	7.0	44.0	17.0	5.0	119.77
30	-76.0	67.0	33.0	68.0	-6.0	-11.0	10.0	1.0	124.3
31	-46.0	26.0	65.0	-14.0	-4.0	-2.0	-13.0	15.0	125.57
32	-128.0	10.0	-113.0	88.0	1.0	-20.0	-15.0	-1.0	119.77
33	-8.0	64.0	-94.0	-21.0	-6.0	-4.0	6.0	-37.0	111.75
34	98.0	91.0	27.0	-2.0	3.0	-14.0	2.0	-56.0	124.3
35	-41.0	-128.0	31.0	33.0	14.0	2.0	65.0	127.0	124.89
36	-93.0	13.0	-12.0	24.0	-9.0	-17.0	16.0	-16.0	123.3
37	-20.0	-55.0	-8.0	11.0	13.0	7.0	1.0	24.0	116.65
38	74.0	-1.0	-8.0	-6.0	9.0	10.0	1.0	-29.0	112.79
39	-51.0	-128.0	68.0	-28.0	-3.0	4.0	6.0	77.0	110.95
40	37.0	32.0	-25.0	-20.0	-9.0	0.0	34.0	-70.0	102.45
41	-81.0	67.0	-67.0	-8.0	12.0	5.0	-12.0	-20.0	104.73
42	104.0	-128.0	7.0	10.0	-17.0	-7.0	0.0	68.0	95.93
43	-128.0	-105.0	70.0	-6.0	-1.0	-20.0	-3.0	13.0	102.08
44	115.0	-63.0	-10.0	62.0	1.0	18.0	-3.0	42.0	116.42
45	-96.0	-118.0	-29.0	-13.0	-8.0	24.0	-57.0	-15.0	116.65
46	16.0	46.0	53.0	16.0	12.0	10.0	-37.0	-38.0	107.32
47	122.0	50.0	30.0	-70.0	1.0	-13.0	7.0	6.0	102.92
48	-4.0	-21.0	-11.0	-9.0	-8.0	-44.0	88.0	9.0	102.45
49	84.0	-15.0	9.0	-112.0	-6.0	3.0	-19.0	-70.0	99.05
50	-128.0	28.0	48.0	-15.0	9.0	-1.0	17.0	19.0	88.98
51	127.0	17.0	-94.0	69.0	5.0	11.0	-39.0	-43.0	89.97
52	37.0	83.0	38.0	-20.0	-20.0	0.0	5.0	-43.0	91.93
53	-128.0	46.0	10.0	-1.0	8.0	4.0	11.0	17.0	91.93
54	89.0	-120.0	-128.0	-33.0	-1.0	5.0	64.0	-30.0	88.98
55	-6.0	-64.0	-2.0	-5.0	5.0	10.0	6.0	-30.0	84.4
56	-128.0	-74.0	58.0	127.0	35.0	-19.0	24.0	-18.0	79.08
57	-107.0	-73.0	8.0	0.0	-14.0	5.0	14.0	8.0	75.29
58	70.0	101.0	110.0	-20.0	0.0	2.0	68.0	-33.0	75.29
59	-89.0	-128.0	-58.0	15.0	1.0	-35.0	-65.0	-6.0	76.57
60	115.0	89.0	-113.0	5.0	20.0	23.0	-5.0	62.0	68.45
61	-48.0	67.0	-40.0	-3.0	-11.0	-1.0	0.0	-112.0	57.2
62	-9.0	-113.0	96.0	-2.0	9.0	-22.0	13.0	116.0	63.81
63	89.0	-128.0	8.0	-111.0	-10.0	13.0	1.0	-47.0	66.07
64	39.0	-35.0	17.0	3.0	-1.0	12.0	-42.0	33.0	72.78
65	-10.0	50.0	26.0	18.0	-4.0	-13.0	-5.0	54.0	56.88
66	81.0	-50.0	-111.0	0.0	0.0	30.0	-17.0	-78.0	48.56
67	-65.0	56.0	-62.0	-90.0	-30.0	-3.0	37.0	11.0	42.88
68	-18.0	-114.0	30.0	-7.0	6.0	3.0	69.0	20.0	42.23
69	34.0	127.0	-69.0	95.0	8.0	-9.0	-13.0	8.0	50.73
70	-42.0	-116.0	-38.0	-21.0	9.0	35.0	-10.0	61.0	45.09
71	-60.0	-4.0	-10.0	-128.0	-41.0	-14.0	-41.0	-70.0	37.0
72	64.0	-111.0	-9.0	-35.0	-8.0	9.0	-3.0	26.0	41.02
73	-90.0	-118.0	65.0	108.0	-1.0	-6.0	-2.0	-70.0	33.39
74	-128.0	59.0	51.0	108.0	-1.0	1.0	-36.0	-71.0	23.5
75	8.0	41.0	37.0	3.0	-3.0	12.0	26.0	-19.0	22.47
76	45.0	22.0	-51.0	-21.0	-26.0	3.0	17.0	-17.0	20.0
77	73.0	61.0	16.0	32.0	-2.0	-7.0	23.0	2.0	25.73
78	18.0	-128.0	-29.0	21.0	3.0	11.0	1.0	1.0	25.64
79	13.0	6.0	-3.0	-3.0	-23.0	9.0	16.0	-35.0	25.73
80	-76.0	4.0	122.0	-88.0	18.0	-19.0	28.0	-2.0	25.19
81	54.0	-79.0	-75.0	40.0	-20.0	10.0	-24.0	12.0	32.61
82	-76.0	-111.0	11.0	11.0	-6.0	-2.0	-11.0	-9.0	36.28
