0	-128.0	53.0	-19.0	-47.0	-6.0	-4.0	-97.0	23.0	52.82
1	-123.0	94.0	-5.0	-1.0	-14.0	-41.0	-70.0	-128.0	62.99
2	40.0	-41.0	-17.0	-25.0	-13.0	20.0	-63.0	25.0	55.79
3	75.0	8.0	30.0	36.0	11.0	40.0	113.0	-9.0	55.79
4	51.0	123.0	-44.0	31.0	31.0	85.0	36.0	60.0	53.44
5	-106.0	-42.0	-34.0	-12.0	7.0	31.0	-31.0	8.0	64.76
6	-90.0	-57.0	20.0	6.0	12.0	6.0	-62.0	-9.0	61.41
7	8.0	-51.0	-128.0	35.0	-37.0	-13.0	25.0	-22.0	64.98
8	90.0	7.0	-3.0	-14.0	29.0	-44.0	24.0	-23.0	64.37
9	-94.0	16.0	14.0	12.0	-43.0	-67.0	-3.0	-28.0	63.85
10	127.0	-48.0	-15.0	-15.0	9.0	-18.0	-99.0	51.0	64.98
11	-9.0	111.0	1.0	-69.0	-46.0	20.0	-18.0	-38.0	89.22
12	-115.0	-66.0	-29.0	29.0	-17.0	-46.0	-12.0	-41.0	89.1
13	127.0	-1.0	16.0	-37.0	9.0	1.0	-73.0	-6.0	89.86
14	-1.0	105.0	-62.0	36.0	-3.0	5.0	-19.0	30.0	89.92
15	62.0	46.0	39.0	-18.0	-15.0	21.0	-21.0	40.0	89.92
16	-104.0	-82.0	-57.0	1.0	1.0	21.0	-24.0	33.0	95.91
17	47.0	53.0	-8.0	3.0	9.0	-7.0	-24.0	-29.0	98.85
18	37.0	29.0	5.0	-9.0	-9.0	-12.0	-101.0	75.0	99.0
19	112.0	-71.0	31.0	-16.0	-16.0	-33.0	-3.0	-15.0	99.0
20	61.0	103.0	89.0	-13.0	-16.0	-12.0	77.0	7.0	96.26
21	-107.0	-34.0	-65.0	-18.0	2.0	7.0	45.0	48.0	98.14
22	114.0	-14.0	11.0	-10.0	-8.0	-31.0	127.0	110.0	98.42
23	113.0	119.0	-63.0	2.0	-8.0	1.0	49.0	-51.0	90.65
24	82.0	3.0	4.0	-6.0	29.0	-25.0	-78.0	32.0	97.16
25	72.0	79.0	-62.0	26.0	24.0	13.0	56.0	14.0	91.56
26	-92.0	-28.0	-24.0	32.0	13.0	7.0	1.0	92.0	104.77
27	-98.0	-14.0	11.0	-5.0	-26.0	21.0	-55.0	41.0	107.64
28	42.0	-24.0	83.0	14.0	-31.0	-5.0	76.0	64.0	112.52
29	-19.0	100.0	-34.0	-41.0	-3.0	3.0	115.0	0.0	110.9
30	73.0	-13.0	73.0	-5.0	-8.0	13.0	105.0	8.0	105.92
31	64.0	7.0	-21.0	21.0	32.0	30.0	-95.0	-38.0	122.77
32	113.0	68.0	-42.0	-27.0	5.0	8.0	-51.0	-98.0	122.55
33	127.0	9.0	92.0	28.0	-24.0	8.0	-15.0	64.0	119.94
34	127.0	43.0	-10.0	-39.0	-12.0	-60.0	82.0	-25.0	125.7
35	-78.0	2.0	34.0	-76.0	10.0	-17.0	78.0	-42.0	129.12
36	-128.0	64.0	-4.0	42.0	-16.0	17.0	-128.0	1.0	125.7
37	127.0	-11.0	-102.0	6.0	-6.0	17.0	-92.0	26.0	131.49
38	16.0	16.0	-24.0	-15.0	15.0	26.0	-66.0	111.0	128.93
39	-16.0	-8.0	53.0	13.0	27.0	58.0	-17.0	7.0	126.3
40	-2.0	-125.0	4.0	-37.0	-17.0	78.0	-46.0	28.0	132.15
41	63.0	-45.0	47.0	7.0	25.0	7.0	65.0	-37.0	133.45
42	-42.0	114.0	-19.0	30.0	-14.0	-12.0	-105.0	-2.0	133.45
43	-76.0	-76.0	-19.0	53.0	9.0	16.0	104.0	48.0	130.21
44	84.0	59.0	60.0	-15.0	0.0	4.0	-40.0	-13.0	132.58
45	-48.0	75.0	-20.0	23.0	-32.0	-2.0	127.0	20.0	129.12
46	-17.0	-49.0	31.0	-42.0	-32.0	28.0	28.0	-9.0	132.06
47	-106.0	64.0	-21.0	17.0	-4.0	89.0	-21.0	-11.0	131.49
48	127.0	6.0	-65.0	-87.0	-16.0	-47.0	-12.0	34.0	125.63
49	76.0	-59.0	-9.0	-32.0	10.0	22.0	-128.0	48.0	125.63
50	-128.0	-82.0	-61.0	107.0	7.0	2.0	-16.0	-11.0	114.0
51	-109.0	-128.0	-17.0	6.0	-12.0	-12.0	-37.0	-100.0	116.73
52	-25.0	-71.0	62.0	-16.0	-27.0	-78.0	-14.0	13.0	115.66
53	-93.0	-120.0	-30.0	86.0	-5.0	12.0	33.0	68.0	115.82
54	-101.0	-27.0	-56.0	-48.0	22.0	-65.0	102.0	23.0	119.85
55	-113.0	-101.0	24.0	-47.0	-35.0	-43.0	-21.0	-116.0	117.86
56	79.0	100.0	-61.0	24.0	-43.0	-36.0	103.0	27.0	104.77
57	-52.0	113.0	37.0	-73.0	11.0	-25.0	51.0	13.0	93.97
58	105.0	19.0	-62.0	9.0	-43.0	-8.0	45.0	14.0	101.15
59	46.0	-89.0	-10.0	-107.0	26.0	6.0	-128.0	-44.0	115.66
60	-125.0	-102.0	87.0	-19.0	-8.0	38.0	40.0	6.0	116.73
61	39.0	-34.0	15.0	5.0	-4.0	8.0	-27.0	25.0	108.99
62	57.0	-83.0	-12.0	8.0	2.0	-19.0	-70.0	-4.0	98.14
63	93.0	53.0	-128.0	69.0	10.0	4.0	-81.0	54.0	108.99
64	110.0	-49.0	89.0	14.0	19.0	-12.0	11.0	95.0	95.51
65	-40.0	-128.0	8.0	-28.0	7.0	59.0	-23.0	-20.0	96.26
66	92.0	81.0	90.0	-10.0	6.0	-22.0	-38.0	-53.0	94.82
67	-81.0	127.0	-20.0	14.0	-11.0	-67.0	36.0	28.0	93.97
68	50.0	26.0	-6.0	-5.0	-22.0	-112.0	127.0	42.0	112.52
69	-46.0	-56.0	-57.0	-16.0	-8.0	9.0	122.0	2.0	90.65
70	62.0	-70.0	93.0	-115.0	-3.0	27.0	-79.0	29.0	89.69
71	16.0	-29.0	-50.0	-5.0	21.0	-22.0	-124.0	76.0	89.1
72	15.0	-41.0	42.0	-8.0	10.0	12.0	-39.0	48.0	61.41
73	15.0	63.0	-118.0	-2.0	42.0	-17.0	-58.0	10.0	49.88
74	96.0	29.0	-9.0	-8.0	27.0	6.0	41.0	-23.0	48.87
75	22.0	-75.0	122.0	-20.0	-7.0	-6.0	-87.0	29.0	48.44
76	-116.0	32.0	-23.0	9.0	-13.0	33.0	20.0	12.0	48.81
77	22.0	47.0	-119.0	48.0	-43.0	12.0	3.0	-65.0	48.81
78	30.0	111.0	7.0	0.0	-14.0	6.0	122.0	-46.0	52.82
79	86.0	69.0	121.0	-60.0	-24.0	-17.0	75.0	0.0	60.39
80	-51.0	-28.0	6.0	-95.0	-21.0	-15.0	-10.0	-15.0	53.87
81	-128.0	80.0	22.0	-23.0	-9.0	-17.0	-48.0	-110.0	51.38
82	2.0	-128.0	-20.0	15.0	24.0	-41.0	-109.0	-11.0	51.38
