0	-43.0	-39.0	6.0	-44.0	7.0	71.0	-35.0	0.0	104.06
1	-25.0	-42.0	12.0	76.0	67.0	6.0	-52.0	-12.0	104.59
2	19.0	-35.0	-87.0	56.0	6.0	-19.0	0.0	-18.0	108.11
3	1.0	91.0	-26.0	-22.0	-8.0	16.0	-90.0	-11.0	107.5
4	-79.0	-113.0	-100.0	-13.0	-10.0	-1.0	31.0	1.0	112.01
5	111.0	62.0	43.0	-44.0	48.0	37.0	17.0	55.0	115.13
6	-56.0	114.0	68.0	20.0	-4.0	46.0	121.0	-43.0	128.85
7	-76.0	-80.0	39.0	54.0	-26.0	53.0	-47.0	-89.0	124.96
8	-9.0	-1.0	13.0	-27.0	11.0	22.0	46.0	-44.0	119.67
9	39.0	-109.0	-46.0	-27.0	-16.0	-24.0	-128.0	-89.0	109.75
10	-1.0	59.0	-34.0	35.0	-2.0	-9.0	10.0	18.0	120.37
11	7.0	-2.0	63.0	-46.0	49.0	-10.0	12.0	30.0	117.93
12	103.0	40.0	-13.0	8.0	17.0	32.0	127.0	94.0	105.7
13	76.0	127.0	10.0	-37.0	18.0	38.0	14.0	20.0	109.75
14	127.0	127.0	-113.0	127.0	10.0	13.0	-37.0	25.0	112.01
15	-24.0	-22.0	-7.0	-50.0	-31.0	-4.0	-28.0	37.0	115.86
16	-7.0	57.0	79.0	57.0	-45.0	1.0	-128.0	-29.0	117.93
17	127.0	36.0	24.0	-10.0	30.0	57.0	-128.0	-119.0	125.16
18	-84.0	-4.0	19.0	-57.0	-5.0	-13.0	-6.0	19.0	131.07
19	1.0	25.0	74.0	1.0	12.0	1.0	127.0	-15.0	129.74
20	-108.0	-34.0	-1.0	-26.0	27.0	31.0	74.0	52.0	132.11
21	76.0	-23.0	-46.0	26.0	4.0	9.0	-128.0	22.0	136.94
22	-15.0	-65.0	47.0	-2.0	26.0	31.0	-13.0	-1.0	136.61
23	-38.0	-49.0	99.0	17.0	-23.0	15.0	-23.0	-13.0	138.44
24	-77.0	5.0	71.0	82.0	-18.0	6.0	-110.0	45.0	138.06
25	-110.0	44.0	39.0	54.0	3.0	-10.0	-25.0	13.0	138.44
26	96.0	120.0	-30.0	-66.0	6.0	-41.0	127.0	48.0	137.87
27	-113.0	94.0	78.0	6.0	-4.0	6.0	30.0	-12.0	135.18
28	-98.0	118.0	106.0	-46.0	1.0	-6.0	127.0	2.0	132.88
29	-34.0	13.0	-43.0	9.0	20.0	38.0	47.0	15.0	135.18
30	127.0	-70.0	-24.0	21.0	1.0	-22.0	4.0	-13.0	131.07
31	-95.0	-30.0	40.0	4.0	-19.0	17.0	-46.0	-15.0	126.94
32	-9.0	-128.0	-58.0	-7.0	-16.0	-2.0	-128.0	-15.0	125.16
33	123.0	-118.0	63.0	26.0	-12.0	11.0	1.0	18.0	132.11
34	-122.0	52.0	89.0	8.0	14.0	-23.0	110.0	-3.0	134.81
35	-120.0	-3.0	-71.0	14.0	-19.0	20.0	-3.0	55.0	136.61
36	102.0	19.0	46.0	-39.0	22.0	5.0	62.0	15.0	128.85
37	88.0	-56.0	-11.0	10.0	-15.0	20.0	-23.0	15.0	124.96
38	-128.0	-87.0	85.0	-41.0	-54.0	14.0	-105.0	-28.0	113.15
39	127.0	54.0	-39.0	-11.0	-4.0	-68.0	-1.0	-28.0	100.3
40	-24.0	-58.0	8.0	19.0	6.0	-91.0	5.0	7.0	99.2
41	-121.0	1.0	-114.0	1.0	-9.0	-10.0	13.0	-114.0	104.59
42	-128.0	47.0	78.0	-29.0	71.0	-2.0	-17.0	-33.0	99.09
43	66.0	26.0	44.0	-35.0	-6.0	4.0	-64.0	-128.0	99.71
44	127.0	32.0	-25.0	39.0	-18.0	47.0	18.0	100.0	98.99
45	-40.0	45.0	-18.0	32.0	6.0	-24.0	-38.0	-65.0	98.99
46	88.0	-100.0	-45.0	-37.0	-40.0	-44.0	-44.0	19.0	92.84
47	-42.0	-74.0	-48.0	18.0	-12.0	0.0	-26.0	39.0	72.26
48	73.0	12.0	-46.0	91.0	20.0	-27.0	44.0	15.0	66.42
49	-36.0	82.0	-15.0	11.0	14.0	1.0	-8.0	18.0	77.45
50	-8.0	-58.0	-10.0	-89.0	4.0	11.0	-22.0	-40.0	77.59
51	87.0	11.0	76.0	78.0	17.0	15.0	111.0	-15.0	60.29
52	-30.0	-113.0	32.0	-21.0	0.0	24.0	-17.0	-94.0	72.06
53	127.0	-108.0	-36.0	31.0	-9.0	-2.0	30.0	4.0	60.29
54	-120.0	-3.0	-55.0	-11.0	1.0	33.0	-128.0	13.0	73.15
55	-100.0	97.0	-30.0	-6.0	-9.0	-9.0	117.0	-35.0	90.34
56	-79.0	2.0	-67.0	14.0	41.0	71.0	-128.0	-73.0	86.45
57	-75.0	-60.0	-39.0	91.0	14.0	-13.0	-89.0	-107.0	91.85
58	2.0	-75.0	-81.0	-57.0	21.0	-67.0	-2.0	52.0	79.9
59	-73.0	-35.0	106.0	-22.0	2.0	83.0	30.0	-72.0	85.37
60	-19.0	-104.0	71.0	90.0	13.0	-1.0	21.0	38.0	71.75
61	4.0	-127.0	42.0	-18.0	18.0	10.0	-54.0	6.0	66.42
62	57.0	2.0	18.0	-79.0	5.0	2.0	8.0	24.0	79.9
63	-93.0	-114.0	-48.0	-11.0	16.0	-41.0	-25.0	16.0	67.78
64	85.0	-37.0	-33.0	-44.0	32.0	47.0	-6.0	-50.0	51.5
65	73.0	97.0	1.0	-128.0	19.0	56.0	-128.0	-17.0	41.26
66	78.0	-47.0	21.0	-1.0	-9.0	-7.0	-30.0	-84.0	39.38
67	75.0	-83.0	-59.0	-32.0	15.0	10.0	59.0	6.0	52.61
68	-5.0	-1.0	89.0	47.0	9.0	11.0	18.0	4.0	48.32
69	-16.0	22.0	-45.0	-27.0	6.0	44.0	-3.0	1.0	39.38
70	-94.0	40.0	-20.0	19.0	-49.0	69.0	-12.0	24.0	36.75
71	-73.0	111.0	-8.0	-55.0	-8.0	-87.0	-128.0	0.0	41.12
72	70.0	115.0	41.0	46.0	11.0	15.0	-40.0	-39.0	51.5
73	100.0	0.0	-24.0	-27.0	82.0	-53.0	91.0	30.0	52.61
74	127.0	-23.0	-22.0	-5.0	18.0	41.0	93.0	-12.0	41.12
75	91.0	-86.0	34.0	7.0	23.0	24.0	31.0	-35.0	51.94
76	-63.0	88.0	16.0	65.0	17.0	-63.0	-109.0	29.0	58.21
77	-128.0	36.0	-12.0	68.0	4.0	44.0	-13.0	19.0	53.95
78	127.0	22.0	41.0	18.0	37.0	-18.0	-56.0	11.0	59.52
79	6.0	-24.0	6.0	62.0	21.0	30.0	0.0	11.0	77.59
80	-41.0	46.0	-20.0	-71.0	55.0	-7.0	14.0	-81.0	72.06
81	-125.0	-62.0	-8.0	-44.0	-40.0	-24.0	-128.0	56.0	90.34
82	-89.0	-77.0	-2.0	-7.0	0.0	8.0	-40.0	-36.0	99.09
83	-1.0	101.0	108.0	61.0	13.0	-50.0	-83.0	36.0	97.75
84	-125.0	-66.0	-63.0	37.0	-22.0	22.0	-121.0	39.0	92.84
85	127.0	127.0	98.0	-21.0	-1.0	-9.0	-84.0	13.0	99.71
