0	9.0	-2.0	-71.0	-10.0	-18.0	-20.0	17.0	-21.0	127.34
1	-30.0	115.0	-24.0	-5.0	38.0	40.0	66.0	4.0	132.68
2	-104.0	-87.0	84.0	-30.0	25.0	-3.0	-78.0	-12.0	126.98
3	-98.0	115.0	110.0	34.0	2.0	-12.0	32.0	8.0	118.65
4	29.0	8.0	-36.0	-10.0	-7.0	-1.0	28.0	-25.0	123.87
5	-54.0	108.0	10.0	-31.0	38.0	-6.0	-4.0	-2.0	122.68
6	15.0	2.0	65.0	-14.0	3.0	-8.0	4.0	85.0	125.49
7	35.0	-128.0	-15.0	-5.0	3.0	26.0	13.0	5.0	128.52
8	85.0	62.0	12.0	14.0	-8.0	46.0	-89.0	7.0	132.68
9	-110.0	39.0	81.0	7.0	-16.0	5.0	26.0	-52.0	123.87
10	25.0	31.0	-33.0	-28.0	-16.0	11.0	-42.0	29.0	126.12
11	-15.0	-28.0	-25.0	24.0	5.0	5.0	-48.0	-64.0	135.6
12	116.0	127.0	19.0	31.0	-16.0	15.0	40.0	-45.0	133.54
13	-78.0	-44.0	-83.0	20.0	18.0	-1.0	-2.0	27.0	140.99
14	105.0	-114.0	-128.0	31.0	8.0	20.0	69.0	127.0	140.99
15	90.0	126.0	49.0	-31.0	-16.0	-47.0	-14.0	-37.0	117.26
16	107.0	127.0	6.0	-6.0	-11.0	31.0	-80.0	-87.0	103.59
17	-91.0	-46.0	-56.0	-7.0	-101.0	-1.0	-118.0	-1.0	115.0
18	-59.0	34.0	-52.0	-1.0	24.0	-46.0	15.0	18.0	116.67
19	123.0	-78.0	-88.0	2.0	9.0	32.0	77.0	-80.0	117.26
20	-128.0	-94.0	47.0	-22.0	5.0	-5.0	127.0	-9.0	109.21
21	102.0	0.0	33.0	16.0	-11.0	-7.0	51.0	73.0	108.23
22	-28.0	68.0	-112.0	-18.0	-6.0	30.0	-88.0	-10.0	113.64
23	-30.0	64.0	-7.0	-4.0	8.0	10.0	-3.0	-16.0	113.64
24	-9.0	-7.0	84.0	33.0	12.0	57.0	86.0	0.0	111.2
25	21.0	-8.0	-5.0	10.0	-6.0	-78.0	-40.0	11.0	105.35
26	-98.0	19.0	-12.0	-5.0	-11.0	17.0	46.0	-7.0	99.58
27	-96.0	80.0	-14.0	-64.0	7.0	25.0	87.0	7.0	99.33
28	107.0	-89.0	-11.0	-29.0	-49.0	-57.0	-65.0	-72.0	101.4
29	26.0	59.0	37.0	-10.0	6.0	22.0	-71.0	101.0	93.0
30	127.0	-89.0	18.0	-2.0	-11.0	16.0	58.0	-52.0	82.01
31	6.0	91.0	-8.0	-13.0	-15.0	19.0	-61.0	-9.0	68.28
32	107.0	-91.0	3.0	-33.0	-9.0	-26.0	81.0	-4.0	65.27
33	-73.0	-21.0	-20.0	-20.0	4.0	-5.0	-2.0	6.0	69.31
34	81.0	20.0	-27.0	-10.0	-12.0	43.0	-21.0	23.0	42.41
35	-29.0	127.0	40.0	-38.0	8.0	-5.0	-77.0	33.0	44.86
36	-96.0	102.0	-88.0	-21.0	0.0	-10.0	-19.0	10.0	50.15
37	127.0	-42.0	92.0	8.0	-4.0	-68.0	85.0	2.0	41.77
38	-47.0	45.0	-103.0	-57.0	8.0	-9.0	2.0	-80.0	50.15
39	-128.0	43.0	-18.0	-69.0	-5.0	-39.0	-118.0	23.0	65.27
40	-74.0	-76.0	25.0	-6.0	7.0	1.0	-20.0	-59.0	44.86
41	127.0	-128.0	-25.0	24.0	29.0	52.0	5.0	-6.0	41.77
42	30.0	-128.0	34.0	-6.0	-15.0	-57.0	-73.0	-36.0	41.76
43	-71.0	4.0	26.0	-6.0	14.0	7.0	-76.0	-35.0	43.38
44	-92.0	60.0	116.0	-95.0	-23.0	29.0	21.0	27.0	64.49
45	30.0	-33.0	-26.0	-14.0	-10.0	12.0	-88.0	-47.0	68.28
46	-20.0	127.0	6.0	-106.0	-6.0	3.0	-8.0	7.0	65.42
47	48.0	-31.0	-52.0	-29.0	21.0	-53.0	114.0	-9.0	71.81
48	-58.0	-100.0	44.0	4.0	11.0	8.0	127.0	-19.0	71.81
49	41.0	-99.0	-18.0	-57.0	0.0	15.0	-82.0	38.0	69.95
50	52.0	105.0	44.0	-29.0	14.0	-128.0	15.0	7.0	92.83
51	98.0	-27.0	-8.0	23.0	-9.0	127.0	-118.0	-7.0	98.87
52	76.0	-36.0	-8.0	41.0	-6.0	-8.0	-66.0	32.0	98.76
53	-5.0	5.0	-10.0	-84.0	13.0	66.0	103.0	18.0	94.04
54	127.0	50.0	-5.0	-33.0	3.0	-19.0	-120.0	80.0	93.18
55	48.0	-47.0	-46.0	91.0	-22.0	-30.0	101.0	9.0	99.33
56	-45.0	-86.0	-68.0	8.0	48.0	25.0	-1.0	-18.0	99.58
57	102.0	55.0	3.0	-128.0	7.0	-55.0	48.0	-105.0	100.48
58	126.0	127.0	-99.0	-42.0	8.0	43.0	49.0	-1.0	94.04
59	-76.0	-56.0	-59.0	82.0	3.0	48.0	-125.0	40.0	93.18
60	3.0	87.0	30.0	-23.0	31.0	14.0	100.0	-16.0	97.27
61	85.0	127.0	12.0	76.0	-5.0	17.0	-45.0	64.0	100.48
62	9.0	-43.0	-80.0	-6.0	33.0	-13.0	-11.0	-13.0	109.21
63	10.0	80.0	15.0	-14.0	-13.0	0.0	-43.0	-4.0	99.52
64	-110.0	3.0	-128.0	93.0	-43.0	57.0	75.0	29.0	118.65
65	127.0	92.0	14.0	20.0	-3.0	32.0	-7.0	8.0	131.58
66	127.0	21.0	-3.0	2.0	24.0	-5.0	-57.0	14.0	137.57
67	-15.0	-120.0	-15.0	-74.0	-12.0	7.0	-83.0	16.0	145.33
68	-12.0	84.0	95.0	1.0	-10.0	0.0	-78.0	-25.0	146.31
69	124.0	6.0	0.0	50.0	-29.0	3.0	12.0	-15.0	145.82
70	-51.0	8.0	-128.0	11.0	23.0	-44.0	-43.0	-15.0	143.88
71	40.0	27.0	-95.0	-44.0	-24.0	-41.0	66.0	25.0	141.82
72	100.0	97.0	48.0	-22.0	-8.0	29.0	91.0	74.0	145.82
73	98.0	-41.0	6.0	-15.0	-27.0	-6.0	69.0	-7.0	143.88
74	84.0	-128.0	-111.0	13.0	-4.0	31.0	-10.0	-12.0	143.92
75	-90.0	42.0	127.0	-6.0	43.0	-13.0	58.0	27.0	146.41
76	-87.0	-91.0	0.0	45.0	5.0	8.0	-82.0	-19.0	146.41
77	96.0	17.0	13.0	-76.0	-6.0	-13.0	-21.0	-36.0	146.21
78	63.0	-115.0	48.0	31.0	-4.0	-1.0	-128.0	127.0	137.76
79	23.0	-37.0	-54.0	-20.0	39.0	-47.0	33.0	78.0	137.76
80	117.0	127.0	0.0	26.0	44.0	13.0	40.0	7.0	139.62
81	-73.0	10.0	32.0	11.0	-15.0	26.0	-31.0	-15.0	133.54
82	-13.0	56.0	-2.0	-128.0	-24.0	-6.0	-53.0	50.0	129.58
83	8.0	-36.0	-3.0	0.0	26.0	80.0	3.0	-42.0	120.42
