0	103.0	-13.0	-1.0	54.0	0.0	5.0	-16.0	3.0	64.1
1	122.0	-35.0	-91.0	66.0	13.0	-12.0	10.0	-31.0	54.39
2	-45.0	36.0	-9.0	-15.0	-4.0	-17.0	0.0	100.0	65.61
3	-95.0	-52.0	-5.0	-66.0	-3.0	17.0	-2.0	31.0	56.62
4	-115.0	-54.0	-39.0	28.0	-3.0	1.0	6.0	16.0	64.4
5	127.0	88.0	101.0	-9.0	5.0	-6.0	-10.0	35.0	69.04
6	-107.0	-128.0	22.0	-39.0	8.0	-3.0	-10.0	-43.0	71.19
7	7.0	123.0	-48.0	17.0	-20.0	22.0	12.0	0.0	72.09
8	127.0	2.0	62.0	-53.0	-35.0	16.0	-7.0	-80.0	71.19
9	49.0	-68.0	-73.0	57.0	-3.0	-12.0	14.0	48.0	73.73
10	-65.0	127.0	-8.0	25.0	-9.0	7.0	0.0	-12.0	76.29
11	88.0	-24.0	-56.0	-17.0	0.0	2.0	-9.0	107.0	77.64
12	-54.0	-128.0	64.0	-5.0	-7.0	1.0	-15.0	-54.0	81.82
13	127.0	-73.0	-18.0	-16.0	-6.0	12.0	0.0	-91.0	90.69
14	-31.0	-19.0	66.0	81.0	11.0	0.0	-15.0	44.0	95.71
15	-68.0	-40.0	67.0	8.0	-7.0	12.0	12.0	-29.0	87.9
16	85.0	-16.0	12.0	25.0	5.0	-41.0	21.0	17.0	90.36
17	118.0	127.0	-128.0	-10.0	25.0	-6.0	0.0	51.0	92.39
18	127.0	-84.0	-102.0	-7.0	-1.0	3.0	11.0	0.0	94.58
19	75.0	127.0	113.0	92.0	1.0	-5.0	13.0	-6.0	101.71
20	-122.0	127.0	46.0	5.0	-16.0	-1.0	3.0	-99.0	105.2
21	55.0	-83.0	0.0	26.0	-6.0	21.0	-23.0	21.0	104.1
22	-61.0	127.0	50.0	-126.0	7.0	-20.0	-12.0	47.0	97.35
23	-5.0	-77.0	-26.0	14.0	29.0	22.0	-13.0	24.0	97.35
24	127.0	-10.0	23.0	7.0	-2.0	-5.0	-3.0	-16.0	104.1
25	5.0	30.0	-109.0	27.0	-17.0	-11.0	10.0	-6.0	107.79
26	127.0	-32.0	52.0	127.0	-2.0	-3.0	-22.0	27.0	107.96
27	6.0	98.0	86.0	-7.0	8.0	-7.0	-1.0	-30.0	109.86
28	47.0	46.0	-59.0	25.0	-13.0	18.0	7.0	25.0	107.96
29	127.0	89.0	81.0	-34.0	5.0	-13.0	7.0	-57.0	114.68
30	-128.0	16.0	-80.0	31.0	-8.0	-14.0	-9.0	25.0	114.68
31	111.0	-107.0	100.0	19.0	16.0	-48.0	1.0	-75.0	120.52
32	-59.0	54.0	-118.0	55.0	11.0	-3.0	62.0	38.0	123.72
33	-95.0	-33.0	-73.0	11.0	-2.0	2.0	1.0	77.0	123.72
34	-128.0	-128.0	46.0	-4.0	-5.0	2.0	-3.0	-79.0	124.63
35	-95.0	-105.0	47.0	107.0	-8.0	3.0	11.0	127.0	124.63
36	102.0	-97.0	39.0	-41.0	-4.0	-1.0	-19.0	-11.0	124.83
37	-91.0	1.0	6.0	94.0	1.0	-3.0	-9.0	-43.0	124.6
38	52.0	127.0	-33.0	-5.0	2.0	-1.0	6.0	16.0	122.17
39	81.0	-34.0	-67.0	32.0	-43.0	11.0	-7.0	-63.0	122.17
40	-128.0	120.0	-47.0	59.0	-6.0	9.0	15.0	27.0	110.07
41	60.0	109.0	66.0	-6.0	-4.0	-2.0	1.0	-36.0	119.4
42	-81.0	-49.0	-128.0	83.0	5.0	-10.0	-2.0	-100.0	108.31
43	-13.0	-87.0	127.0	-128.0	-5.0	7.0	-5.0	-16.0	105.2
44	62.0	-111.0	-24.0	30.0	11.0	9.0	2.0	15.0	100.88
45	83.0	127.0	64.0	-105.0	17.0	-9.0	7.0	-39.0	90.69
46	78.0	-128.0	49.0	-19.0	35.0	-6.0	30.0	95.0	81.82
47	127.0	-27.0	-115.0	75.0	-11.0	-9.0	-1.0	-14.0	84.24
48	-90.0	-51.0	55.0	-14.0	-4.0	-6.0	32.0	17.0	75.02
49	66.0	-108.0	12.0	127.0	8.0	-18.0	8.0	73.0	85.08
50	-70.0	22.0	85.0	-74.0	-5.0	8.0	20.0	-24.0	94.58
51	70.0	-82.0	12.0	114.0	25.0	-6.0	6.0	-48.0	87.9
52	-86.0	-128.0	109.0	18.0	14.0	11.0	-6.0	49.0	79.69
53	26.0	127.0	85.0	54.0	8.0	-4.0	17.0	-5.0	79.69
54	87.0	-108.0	-5.0	-27.0	-3.0	4.0	-8.0	81.0	75.02
55	73.0	38.0	127.0	-43.0	5.0	7.0	16.0	-117.0	73.73
56	-99.0	-42.0	37.0	-37.0	17.0	-25.0	-10.0	29.0	69.67
57	39.0	127.0	71.0	-47.0	-8.0	23.0	-4.0	-1.0	69.04
58	16.0	38.0	-67.0	-81.0	-1.0	11.0	-7.0	-36.0	66.09
59	-128.0	-87.0	-24.0	-14.0	-9.0	-15.0	-24.0	75.0	63.16
60	127.0	-103.0	-128.0	97.0	2.0	24.0	-1.0	65.0	64.4
61	-79.0	127.0	127.0	-28.0	-10.0	10.0	-5.0	-43.0	50.89
62	17.0	-3.0	102.0	-61.0	-10.0	31.0	-2.0	-29.0	54.39
63	12.0	12.0	-61.0	-128.0	-6.0	-8.0	-7.0	-9.0	64.1
64	-17.0	-56.0	-117.0	24.0	8.0	-8.0	-34.0	-77.0	53.3
65	-61.0	-73.0	-110.0	16.0	-7.0	-8.0	16.0	50.0	50.67
66	118.0	85.0	65.0	92.0	8.0	22.0	6.0	13.0	48.83
67	30.0	-55.0	13.0	13.0	-10.0	-12.0	-2.0	48.0	42.46
68	11.0	88.0	37.0	-8.0	36.0	-14.0	2.0	92.0	41.89
69	-5.0	-79.0	86.0	-8.0	7.0	9.0	-9.0	-81.0	45.33
70	-18.0	-18.0	-27.0	-101.0	-2.0	-9.0	20.0	28.0	42.46
71	-128.0	59.0	0.0	26.0	36.0	-5.0	-16.0	-111.0	47.23
72	-73.0	-46.0	-65.0	31.0	4.0	-5.0	11.0	16.0	47.23
73	50.0	-40.0	33.0	-3.0	6.0	10.0	1.0	-63.0	41.89
74	127.0	-40.0	-3.0	10.0	23.0	13.0	5.0	-26.0	38.74
75	-128.0	13.0	-26.0	2.0	-10.0	34.0	3.0	115.0	39.29
76	-128.0	27.0	-94.0	-17.0	0.0	-2.0	-39.0	23.0	38.0
77	17.0	36.0	-25.0	-27.0	-36.0	-9.0	16.0	-15.0	38.34
78	127.0	-118.0	24.0	15.0	8.0	-9.0	-7.0	-23.0	38.0
79	51.0	72.0	-59.0	-34.0	-47.0	7.0	20.0	2.0	37.79
80	33.0	23.0	-60.0	99.0	-23.0	-2.0	-1.0	24.0	39.89
81	105.0	127.0	-112.0	18.0	14.0	1.0	-10.0	-28.0	38.34
82	-117.0	14.0	39.0	16.0	-8.0	-43.0	-2.0	0.0	49.65
83	127.0	59.0	53.0	35.0	17.0	51.0	9.0	13.0	49.65
84	30.0	-125.0	14.0	-15.0	-10.0	-2.0	22.0	-125.0	50.67
85	-123.0	-128.0	-3.0	62.0	45.0	-44.0	-7.0	118.0	54.86
86	-42.0	-103.0	67.0	-23.0	11.0	9.0	3.0	-13.0	54.86
87	-74.0	21.0	-16.0	8.0	-3.0	-24.0	9.0	112.0	60.38
