0	-16.0	31.0	5.0	-43.0	7.0	-6.0	-3.0	5.0	62.72
1	-120.0	127.0	-11.0	7.0	-9.0	-7.0	21.0	-33.0	58.82
2	-49.0	19.0	-75.0	-41.0	-4.0	1.0	-4.0	17.0	53.11
3	86.0	-35.0	-20.0	14.0	-5.0	-7.0	-5.0	43.0	49.19
4	73.0	61.0	17.0	-16.0	13.0	-9.0	13.0	79.0	58.38
5	96.0	127.0	-39.0	-42.0	-3.0	-1.0	17.0	2.0	63.7
6	99.0	-48.0	-81.0	92.0	13.0	-11.0	18.0	68.0	63.82
7	127.0	127.0	-65.0	28.0	25.0	13.0	-2.0	-15.0	63.82
8	-126.0	77.0	-74.0	-6.0	-3.0	-3.0	6.0	11.0	92.75
9	127.0	-75.0	28.0	-17.0	-4.0	-26.0	-19.0	-7.0	94.23
10	-128.0	-76.0	101.0	-15.0	-10.0	13.0	-12.0	-8.0	83.9
11	-43.0	-33.0	22.0	-40.0	8.0	-15.0	-11.0	16.0	73.44
12	77.0	96.0	16.0	-31.0	-3.0	6.0	6.0	-20.0	65.78
13	-14.0	-108.0	-28.0	-51.0	-5.0	-6.0	-4.0	-33.0	73.61
14	13.0	125.0	25.0	-7.0	-28.0	-5.0	20.0	-59.0	73.93
15	126.0	-61.0	9.0	-28.0	5.0	-3.0	0.0	63.0	94.06
16	127.0	-115.0	5.0	-7.0	1.0	-30.0	-16.0	39.0	97.9
17	-68.0	-81.0	70.0	-102.0	-15.0	23.0	-10.0	-22.0	100.54
18	-54.0	127.0	-45.0	108.0	-1.0	3.0	-4.0	2.0	104.09
19	19.0	-107.0	0.0	38.0	-9.0	18.0	-7.0	63.0	106.05
20	-56.0	-70.0	-43.0	8.0	5.0	-33.0	-3.0	-4.0	113.89
21	-96.0	70.0	22.0	9.0	3.0	37.0	-25.0	-2.0	113.99
22	-74.0	77.0	-118.0	54.0	-1.0	-15.0	-2.0	50.0	118.21
23	23.0	-63.0	21.0	31.0	-10.0	1.0	0.0	58.0	119.34
24	31.0	8.0	-10.0	-97.0	7.0	-6.0	14.0	-1.0	118.21
25	127.0	-3.0	-41.0	29.0	-4.0	-3.0	2.0	-86.0	113.89
26	127.0	14.0	-6.0	31.0	11.0	-31.0	5.0	-1.0	110.3
27	99.0	27.0	-29.0	29.0	-7.0	23.0	5.0	37.0	109.12
28	-76.0	-70.0	47.0	-21.0	3.0	17.0	10.0	-26.0	115.68
29	74.0	-86.0	22.0	41.0	7.0	-1.0	-4.0	-17.0	98.45
30	52.0	127.0	-98.0	71.0	-4.0	11.0	-15.0	26.0	106.05
31	19.0	-34.0	-111.0	79.0	-12.0	7.0	-6.0	5.0	104.09
32	112.0	-32.0	-57.0	-21.0	-24.0	22.0	-16.0	4.0	123.09
33	-84.0	63.0	28.0	-8.0	32.0	30.0	-6.0	32.0	119.96
34	-83.0	49.0	-42.0	49.0	-4.0	1.0	73.0	-34.0	126.86
35	-44.0	71.0	-60.0	57.0	20.0	6.0	-45.0	4.0	124.7
36	-103.0	-41.0	-34.0	-57.0	11.0	-8.0	0.0	1.0	129.29
37	31.0	-2.0	10.0	51.0	35.0	9.0	0.0	2.0	130.22
38	104.0	90.0	82.0	-30.0	-4.0	2.0	-6.0	-3.0	130.29
39	-45.0	-21.0	58.0	-40.0	-1.0	13.0	3.0	-16.0	130.37
40	127.0	97.0	105.0	-60.0	17.0	-13.0	1.0	56.0	129.9
41	8.0	-97.0	80.0	-11.0	-8.0	4.0	2.0	24.0	126.51
42	-56.0	-61.0	58.0	-82.0	7.0	-5.0	-8.0	-38.0	126.99
43	-79.0	-52.0	-72.0	-10.0	2.0	-17.0	-3.0	127.0	128.2
44	-4.0	-92.0	3.0	18.0	20.0	10.0	-10.0	46.0	129.29
45	-36.0	54.0	58.0	-42.0	27.0	-1.0	-4.0	5.0	124.7
46	-111.0	127.0	-9.0	-3.0	5.0	-22.0	3.0	-13.0	121.94
47	-30.0	94.0	72.0	-20.0	32.0	-11.0	22.0	-29.0	126.86
48	114.0	-31.0	-55.0	9.0	5.0	-12.0	16.0	3.0	129.53
49	38.0	-128.0	-25.0	-6.0	15.0	-9.0	8.0	-41.0	130.37
50	-128.0	17.0	111.0	5.0	-22.0	-7.0	3.0	-8.0	126.99
51	-22.0	127.0	25.0	74.0	-28.0	7.0	-6.0	3.0	119.34
52	92.0	67.0	-69.0	-15.0	-15.0	13.0	-1.0	48.0	106.62
53	-48.0	-90.0	30.0	2.0	-8.0	13.0	1.0	-15.0	102.55
54	-32.0	17.0	-29.0	83.0	2.0	11.0	-14.0	-18.0	101.54
55	50.0	62.0	-30.0	-1.0	-4.0	11.0	4.0	68.0	98.45
56	110.0	-36.0	-13.0	-26.0	-2.0	1.0	31.0	75.0	96.91
57	53.0	-50.0	94.0	-76.0	-9.0	6.0	-14.0	-18.0	96.35
58	84.0	-58.0	15.0	16.0	18.0	-2.0	14.0	-55.0	92.83
59	-128.0	-34.0	-46.0	17.0	-2.0	32.0	19.0	-7.0	65.78
60	57.0	127.0	-31.0	-40.0	-15.0	-9.0	17.0	4.0	71.75
61	86.0	-114.0	32.0	-74.0	27.0	1.0	-1.0	15.0	75.93
62	68.0	39.0	-16.0	-71.0	-14.0	15.0	35.0	-16.0	94.06
63	60.0	41.0	-66.0	61.0	2.0	-1.0	-26.0	14.0	73.74
64	33.0	-96.0	-51.0	45.0	-14.0	4.0	14.0	78.0	72.61
65	15.0	127.0	22.0	0.0	11.0	-16.0	-46.0	22.0	64.46
66	45.0	70.0	-10.0	-33.0	-36.0	-20.0	-6.0	-11.0	64.24
67	18.0	92.0	-43.0	49.0	27.0	14.0	-54.0	-8.0	96.35
68	-7.0	-93.0	-7.0	-44.0	-6.0	-18.0	11.0	-30.0	93.67
69	18.0	-37.0	43.0	-21.0	-7.0	11.0	-10.0	-29.0	72.61
70	92.0	-72.0	-100.0	-2.0	10.0	19.0	-6.0	17.0	93.67
71	-45.0	67.0	-113.0	85.0	14.0	5.0	-8.0	-23.0	73.74
72	-79.0	75.0	68.0	40.0	1.0	6.0	10.0	-18.0	64.69
73	-12.0	44.0	98.0	8.0	3.0	-4.0	-18.0	28.0	60.85
74	127.0	26.0	73.0	-46.0	-25.0	0.0	-24.0	7.0	61.59
75	20.0	-99.0	-30.0	38.0	-6.0	-16.0	8.0	30.0	47.77
76	-55.0	-4.0	-34.0	75.0	-16.0	-13.0	6.0	-4.0	56.29
77	57.0	-13.0	37.0	-17.0	-1.0	-19.0	24.0	11.0	49.19
78	127.0	-128.0	69.0	-7.0	-7.0	14.0	16.0	-30.0	59.83
79	-128.0	19.0	-39.0	-93.0	21.0	11.0	21.0	-4.0	53.11
80	127.0	13.0	83.0	-27.0	-20.0	14.0	3.0	-2.0	60.85
