0	43.0	-65.0	-85.0	-39.0	-17.0	23.0	0.0	4.0	106.48
1	122.0	60.0	-12.0	-8.0	-2.0	-12.0	-7.0	-1.0	92.69
2	35.0	-41.0	127.0	-4.0	-14.0	4.0	0.0	34.0	102.49
3	-76.0	-128.0	-22.0	10.0	-13.0	-1.0	91.0	-11.0	112.46
4	46.0	68.0	-54.0	11.0	26.0	-5.0	5.0	-8.0	112.46
5	127.0	-55.0	-89.0	-18.0	18.0	3.0	-62.0	31.0	108.84
6	-128.0	-20.0	-63.0	-41.0	12.0	7.0	-62.0	27.0	111.6
7	-45.0	89.0	28.0	-1.0	0.0	-12.0	-17.0	18.0	96.02
8	-66.0	-16.0	48.0	-51.0	4.0	-6.0	-1.0	38.0	99.57
9	89.0	127.0	29.0	-104.0	-7.0	-5.0	-11.0	7.0	127.18
10	-79.0	-125.0	107.0	3.0	-16.0	15.0	0.0	29.0	96.02
11	46.0	95.0	-7.0	34.0	-8.0	-8.0	8.0	-21.0	69.03
12	74.0	127.0	-1.0	-11.0	12.0	-35.0	9.0	-24.0	82.06
13	-64.0	-61.0	-19.0	-46.0	-42.0	-51.0	22.0	57.0	76.09
14	-37.0	40.0	-98.0	-74.0	-8.0	4.0	-21.0	-36.0	67.97
15	127.0	116.0	56.0	-5.0	4.0	21.0	8.0	-11.0	76.09
16	41.0	119.0	-2.0	18.0	12.0	26.0	-1.0	-38.0	76.71
17	13.0	120.0	108.0	-3.0	-2.0	-25.0	-5.0	-20.0	91.76
18	-70.0	-77.0	-94.0	25.0	0.0	56.0	7.0	107.0	54.69
19	-96.0	-116.0	-27.0	-19.0	-4.0	-1.0	-64.0	21.0	48.25
20	-106.0	63.0	-34.0	-90.0	8.0	13.0	127.0	49.0	43.13
21	127.0	-128.0	18.0	22.0	-6.0	-7.0	2.0	50.0	46.91
22	-128.0	118.0	-9.0	-22.0	26.0	-22.0	61.0	-57.0	52.08
23	76.0	-69.0	-104.0	-1.0	-22.0	-1.0	19.0	14.0	43.08
24	-46.0	-15.0	-67.0	-70.0	-7.0	-19.0	-1.0	-54.0	42.25
25	61.0	-57.0	65.0	-6.0	0.0	-11.0	-83.0	19.0	41.36
26	-76.0	-70.0	109.0	-25.0	7.0	4.0	0.0	17.0	41.25
27	28.0	57.0	27.0	47.0	-14.0	-27.0	3.0	52.0	38.43
28	88.0	111.0	-66.0	-6.0	-20.0	6.0	12.0	-13.0	37.15
29	-112.0	-75.0	26.0	1.0	-4.0	8.0	-19.0	-13.0	42.25
30	127.0	40.0	-4.0	1.0	13.0	-6.0	23.0	-22.0	42.85
31	-40.0	-94.0	12.0	5.0	3.0	11.0	-8.0	115.0	47.81
32	92.0	68.0	10.0	-17.0	4.0	-11.0	65.0	-8.0	48.02
33	-48.0	20.0	66.0	65.0	18.0	34.0	-26.0	7.0	42.85
34	127.0	74.0	12.0	-46.0	-19.0	3.0	-4.0	-19.0	43.13
35	-128.0	18.0	127.0	-63.0	16.0	4.0	3.0	-9.0	46.91
36	-128.0	-30.0	-45.0	7.0	13.0	9.0	-10.0	-5.0	58.4
37	-108.0	-67.0	-49.0	2.0	-3.0	-6.0	-43.0	25.0	48.25
38	31.0	109.0	-58.0	-44.0	-2.0	-2.0	-2.0	18.0	51.44
39	124.0	-106.0	-28.0	6.0	-10.0	-35.0	-5.0	26.0	58.4
40	127.0	-74.0	-40.0	34.0	11.0	-9.0	2.0	-13.0	71.83
41	-40.0	-106.0	-20.0	-46.0	-9.0	-4.0	-112.0	38.0	81.5
42	127.0	-19.0	-90.0	-46.0	-14.0	8.0	-7.0	110.0	68.71
43	12.0	52.0	107.0	127.0	15.0	21.0	18.0	0.0	61.85
44	-27.0	-116.0	-6.0	-18.0	-26.0	14.0	-10.0	-22.0	67.97
45	-67.0	13.0	103.0	-38.0	12.0	21.0	3.0	-50.0	52.08
46	127.0	55.0	-28.0	-39.0	-3.0	6.0	28.0	82.0	48.02
47	-9.0	-65.0	88.0	-26.0	2.0	12.0	2.0	-49.0	84.87
48	127.0	-104.0	17.0	127.0	-1.0	-37.0	-1.0	46.0	68.71
49	-23.0	49.0	-127.0	56.0	-25.0	9.0	-19.0	19.0	62.95
50	-7.0	6.0	-48.0	-28.0	5.0	7.0	3.0	-6.0	59.64
51	127.0	-47.0	-22.0	112.0	28.0	6.0	-16.0	-84.0	75.67
52	-60.0	-128.0	23.0	52.0	-16.0	-11.0	-8.0	-39.0	99.38
53	-16.0	24.0	74.0	28.0	9.0	3.0	1.0	-25.0	92.69
54	75.0	18.0	54.0	14.0	-5.0	-12.0	0.0	31.0	87.93
55	59.0	67.0	-116.0	16.0	13.0	-25.0	49.0	-13.0	87.93
56	-9.0	-65.0	11.0	95.0	12.0	-14.0	2.0	20.0	87.45
57	94.0	-128.0	-80.0	15.0	-6.0	-10.0	1.0	26.0	84.87
58	94.0	66.0	108.0	-24.0	9.0	26.0	-13.0	52.0	106.48
59	-23.0	-60.0	-49.0	-40.0	24.0	4.0	-12.0	-51.0	127.82
60	-92.0	-84.0	126.0	-48.0	-14.0	-3.0	-25.0	-19.0	124.94
61	-50.0	14.0	100.0	6.0	-7.0	11.0	3.0	-66.0	125.4
62	98.0	-66.0	68.0	-51.0	-33.0	-7.0	21.0	15.0	131.36
63	122.0	42.0	-51.0	9.0	18.0	1.0	-3.0	27.0	137.78
64	43.0	-128.0	10.0	-103.0	-47.0	-11.0	-33.0	-3.0	138.75
65	-16.0	-34.0	6.0	9.0	-14.0	10.0	88.0	-78.0	129.24
66	127.0	116.0	-19.0	-1.0	7.0	0.0	-13.0	30.0	129.24
67	-17.0	83.0	-86.0	-8.0	22.0	-24.0	6.0	-52.0	136.67
68	-61.0	-53.0	-50.0	-24.0	-4.0	8.0	54.0	-8.0	138.75
69	-4.0	-8.0	-124.0	9.0	4.0	9.0	0.0	-75.0	137.0
70	-2.0	102.0	1.0	74.0	-16.0	-11.0	-4.0	126.0	137.0
71	115.0	104.0	-43.0	66.0	-4.0	-16.0	-3.0	-53.0	131.36
72	-22.0	66.0	22.0	-44.0	6.0	-16.0	10.0	-2.0	128.08
73	-77.0	-128.0	22.0	-65.0	-12.0	2.0	-8.0	31.0	127.01
74	68.0	-58.0	-2.0	-109.0	-11.0	23.0	-121.0	41.0	124.94
75	-107.0	-77.0	-6.0	6.0	0.0	0.0	3.0	-2.0	118.05
76	-25.0	127.0	39.0	19.0	4.0	-1.0	4.0	45.0	120.23
77	-101.0	-95.0	-21.0	-18.0	-35.0	2.0	23.0	18.0	121.23
78	80.0	127.0	-113.0	61.0	0.0	3.0	-11.0	-13.0	124.02
