0	-40.0	-20.0	127.0	3.0	-3.0	31.0	-22.0	10.0	47.96
1	72.0	71.0	-5.0	-121.0	8.0	25.0	11.0	-4.0	47.37
2	-100.0	38.0	-53.0	-32.0	-14.0	2.0	7.0	16.0	53.75
3	40.0	-54.0	24.0	-16.0	-21.0	9.0	3.0	-9.0	50.07
4	-99.0	-13.0	-122.0	27.0	-7.0	-1.0	19.0	48.0	57.49
5	-59.0	65.0	-18.0	6.0	-8.0	12.0	10.0	-3.0	57.49
6	-20.0	-16.0	21.0	-34.0	-12.0	5.0	-20.0	18.0	59.97
7	-5.0	13.0	2.0	49.0	-8.0	-23.0	-9.0	-18.0	50.07
8	56.0	-49.0	-60.0	-20.0	10.0	1.0	-5.0	-33.0	47.7
9	104.0	28.0	-31.0	-128.0	25.0	2.0	-8.0	-105.0	47.34
10	-23.0	127.0	4.0	-104.0	0.0	-10.0	-3.0	-26.0	47.37
11	127.0	-50.0	127.0	-48.0	-4.0	-20.0	8.0	34.0	47.96
12	-128.0	-2.0	84.0	26.0	22.0	-11.0	11.0	-52.0	47.4
13	-110.0	-80.0	-111.0	14.0	9.0	33.0	10.0	-13.0	51.66
14	37.0	53.0	-128.0	-67.0	11.0	0.0	-6.0	-20.0	65.0
15	24.0	-88.0	27.0	34.0	-10.0	-22.0	-4.0	17.0	91.22
16	-84.0	-48.0	-53.0	-58.0	-4.0	13.0	-2.0	-5.0	65.08
17	56.0	-64.0	-6.0	-128.0	-2.0	-1.0	-1.0	23.0	91.41
18	68.0	-19.0	39.0	3.0	-4.0	-1.0	12.0	13.0	96.4
19	-17.0	96.0	32.0	-39.0	0.0	-10.0	3.0	81.0	99.41
20	124.0	13.0	-128.0	127.0	-6.0	41.0	-8.0	-61.0	79.67
21	-128.0	-116.0	-29.0	79.0	3.0	8.0	8.0	59.0	65.89
22	38.0	66.0	2.0	-15.0	-4.0	-10.0	-2.0	43.0	79.67
23	48.0	29.0	-12.0	-23.0	6.0	13.0	14.0	-74.0	96.59
24	114.0	-38.0	50.0	-57.0	-10.0	20.0	4.0	22.0	118.87
25	-13.0	18.0	77.0	-2.0	-10.0	-14.0	2.0	111.0	108.37
26	-27.0	28.0	-123.0	-34.0	10.0	1.0	-5.0	23.0	100.65
27	127.0	-4.0	12.0	17.0	10.0	-8.0	-33.0	3.0	126.8
28	82.0	23.0	-34.0	0.0	-27.0	10.0	2.0	-81.0	124.53
29	102.0	111.0	65.0	-7.0	-11.0	-9.0	8.0	-3.0	119.8
30	-95.0	-128.0	30.0	11.0	15.0	15.0	-7.0	75.0	117.6
31	52.0	127.0	-123.0	115.0	16.0	18.0	-21.0	42.0	117.79
32	-19.0	38.0	34.0	-4.0	-17.0	-6.0	-6.0	-8.0	106.2
33	16.0	-84.0	-102.0	1.0	-28.0	-14.0	78.0	13.0	105.72
34	78.0	-49.0	-16.0	3.0	-27.0	5.0	-7.0	11.0	105.72
35	118.0	-128.0	-77.0	14.0	13.0	4.0	-5.0	-32.0	115.91
36	36.0	75.0	-60.0	34.0	-1.0	-6.0	5.0	75.0	114.46
37	21.0	-101.0	-26.0	116.0	-3.0	-35.0	24.0	-58.0	118.87
38	51.0	-104.0	47.0	-8.0	-22.0	-14.0	-49.0	-6.0	119.8
39	127.0	70.0	127.0	3.0	22.0	-18.0	-1.0	8.0	133.61
40	118.0	29.0	-77.0	-103.0	-11.0	-1.0	5.0	-104.0	131.01
41	125.0	127.0	19.0	-81.0	5.0	-6.0	20.0	-34.0	133.4
42	31.0	-120.0	127.0	-58.0	7.0	11.0	-59.0	47.0	133.95
43	-52.0	-65.0	-25.0	31.0	-1.0	28.0	-23.0	26.0	135.0
44	-44.0	78.0	-84.0	-2.0	-8.0	31.0	3.0	-55.0	135.0
45	-63.0	33.0	-95.0	3.0	-21.0	-7.0	-6.0	19.0	135.47
46	118.0	24.0	-24.0	13.0	2.0	-9.0	-8.0	59.0	136.67
47	3.0	75.0	-74.0	115.0	64.0	1.0	19.0	74.0	136.67
48	121.0	83.0	56.0	3.0	-2.0	-6.0	2.0	-28.0	135.48
49	127.0	-57.0	-54.0	3.0	-9.0	-3.0	13.0	-11.0	136.07
50	-76.0	100.0	-128.0	25.0	16.0	-14.0	-21.0	22.0	135.47
51	51.0	-19.0	-7.0	-49.0	29.0	-6.0	20.0	-51.0	134.74
52	30.0	-15.0	-58.0	-35.0	8.0	1.0	12.0	33.0	133.77
53	24.0	-26.0	49.0	-103.0	-17.0	-4.0	-1.0	58.0	131.01
54	16.0	53.0	-119.0	58.0	-9.0	-7.0	-5.0	-50.0	126.39
55	2.0	-27.0	-6.0	127.0	-2.0	7.0	-10.0	-36.0	133.31
56	49.0	29.0	39.0	-128.0	-8.0	22.0	-35.0	-24.0	122.58
57	-128.0	127.0	11.0	-2.0	0.0	18.0	-32.0	-105.0	133.31
58	127.0	21.0	86.0	-10.0	-8.0	-2.0	-1.0	51.0	114.27
59	4.0	18.0	-40.0	-128.0	13.0	-10.0	-20.0	-51.0	95.15
60	127.0	-128.0	-128.0	13.0	-19.0	-2.0	-5.0	-10.0	114.27
61	74.0	118.0	-43.0	-7.0	16.0	-35.0	15.0	-76.0	96.59
62	3.0	32.0	-128.0	-35.0	2.0	-6.0	12.0	27.0	110.81
63	124.0	-95.0	-68.0	8.0	-15.0	-6.0	1.0	-9.0	104.0
64	-76.0	-26.0	62.0	14.0	-19.0	16.0	17.0	-22.0	93.61
65	-40.0	0.0	-6.0	-103.0	-3.0	-11.0	5.0	111.0	98.5
66	-128.0	58.0	27.0	4.0	-14.0	8.0	-7.0	-13.0	97.05
67	75.0	72.0	-3.0	59.0	14.0	-22.0	-13.0	-58.0	99.49
68	-128.0	-100.0	1.0	-128.0	-3.0	-11.0	-17.0	-29.0	94.04
69	127.0	127.0	-54.0	-34.0	9.0	19.0	-2.0	-22.0	95.26
70	74.0	-58.0	-127.0	14.0	1.0	14.0	-3.0	101.0	91.22
71	87.0	-75.0	127.0	2.0	7.0	-33.0	8.0	-74.0	99.41
72	75.0	44.0	127.0	-33.0	2.0	-22.0	-42.0	63.0	96.61
73	94.0	-96.0	-19.0	126.0	9.0	-5.0	-12.0	33.0	97.05
74	-16.0	87.0	-57.0	25.0	4.0	10.0	-12.0	36.0	95.15
75	-79.0	-13.0	37.0	-4.0	0.0	20.0	2.0	-25.0	66.01
76	-51.0	-96.0	-74.0	19.0	20.0	5.0	20.0	33.0	65.81
77	-45.0	30.0	5.0	-39.0	-9.0	-7.0	4.0	-13.0	66.47
78	-48.0	-76.0	-64.0	-53.0	9.0	-10.0	13.0	48.0	65.89
79	-30.0	-57.0	77.0	1.0	-14.0	-13.0	-29.0	36.0	66.01
80	2.0	82.0	27.0	51.0	7.0	4.0	12.0	-128.0	51.4
