0	-5.0	61.0	0.0	-8.0	-21.0	8.0	35.0	-44.0	96.32
1	-77.0	-106.0	-17.0	-2.0	-14.0	-37.0	-57.0	41.0	86.05
2	127.0	64.0	7.0	127.0	-15.0	-17.0	-13.0	7.0	91.94
3	-116.0	62.0	88.0	59.0	1.0	23.0	22.0	26.0	91.38
4	91.0	-36.0	-29.0	52.0	1.0	51.0	-26.0	-5.0	81.15
5	96.0	85.0	2.0	-35.0	-7.0	-43.0	-32.0	26.0	77.47
6	60.0	-98.0	-5.0	104.0	5.0	11.0	-18.0	-9.0	73.46
7	-1.0	61.0	32.0	-32.0	-3.0	-17.0	16.0	-14.0	71.07
8	7.0	21.0	-23.0	6.0	-16.0	9.0	-30.0	9.0	71.07
9	127.0	-86.0	-10.0	-47.0	5.0	-13.0	-77.0	27.0	70.85
10	-16.0	28.0	-10.0	25.0	-38.0	-27.0	-6.0	-8.0	46.1
11	-79.0	-18.0	96.0	-9.0	39.0	18.0	107.0	32.0	48.01
12	-65.0	22.0	-46.0	1.0	18.0	0.0	-33.0	25.0	43.18
13	26.0	86.0	-94.0	-128.0	-3.0	8.0	-18.0	-33.0	45.12
14	-14.0	-64.0	63.0	21.0	-84.0	-9.0	0.0	-52.0	45.12
15	60.0	-31.0	-69.0	-77.0	11.0	19.0	-17.0	-21.0	43.37
16	76.0	-6.0	-14.0	29.0	31.0	-7.0	9.0	78.0	51.55
17	-84.0	-109.0	-23.0	-126.0	-10.0	-17.0	4.0	-22.0	61.62
18	-70.0	-65.0	-12.0	14.0	7.0	-55.0	-26.0	-14.0	44.74
19	-14.0	40.0	-12.0	67.0	-18.0	56.0	-49.0	4.0	58.95
20	84.0	-53.0	37.0	25.0	-20.0	-28.0	-18.0	37.0	58.95
21	-13.0	50.0	-84.0	-6.0	14.0	7.0	-2.0	-10.0	43.95
22	-20.0	42.0	111.0	-20.0	-26.0	12.0	-61.0	11.0	54.98
23	-34.0	-7.0	15.0	93.0	10.0	2.0	-5.0	19.0	60.87
24	-100.0	-86.0	25.0	-74.0	22.0	27.0	47.0	12.0	43.18
25	-35.0	-9.0	-14.0	33.0	-10.0	0.0	9.0	-40.0	43.37
26	-64.0	-46.0	6.0	74.0	20.0	-6.0	-55.0	28.0	44.74
27	24.0	52.0	-65.0	-70.0	-66.0	-4.0	30.0	33.0	49.09
28	-98.0	-53.0	48.0	-22.0	22.0	3.0	-9.0	23.0	48.01
29	-60.0	98.0	-13.0	94.0	13.0	-97.0	-84.0	-14.0	53.53
30	124.0	-108.0	44.0	-45.0	7.0	25.0	90.0	24.0	70.5
31	-108.0	-5.0	17.0	19.0	-15.0	22.0	-61.0	12.0	67.16
32	37.0	123.0	-3.0	-8.0	2.0	-1.0	113.0	14.0	73.12
33	-57.0	-128.0	-11.0	81.0	-3.0	-10.0	14.0	7.0	73.89
34	-58.0	-47.0	95.0	-91.0	-13.0	-1.0	1.0	-11.0	64.53
35	93.0	127.0	23.0	64.0	5.0	29.0	33.0	-21.0	67.16
36	127.0	87.0	0.0	44.0	27.0	-12.0	-36.0	1.0	50.18
37	-79.0	49.0	91.0	11.0	-21.0	-50.0	41.0	9.0	61.62
38	37.0	127.0	11.0	-45.0	-4.0	23.0	5.0	22.0	50.18
39	115.0	33.0	-4.0	-33.0	-18.0	11.0	16.0	-18.0	46.77
40	-50.0	-128.0	-9.0	77.0	24.0	-23.0	2.0	4.0	49.09
41	1.0	34.0	-49.0	-43.0	-26.0	3.0	0.0	21.0	69.06
42	-58.0	-79.0	32.0	103.0	5.0	-40.0	-9.0	39.0	64.63
43	45.0	-24.0	33.0	35.0	73.0	-5.0	-67.0	19.0	60.87
44	53.0	-128.0	-27.0	-127.0	15.0	32.0	-77.0	-28.0	69.06
45	-17.0	23.0	-26.0	46.0	8.0	31.0	-43.0	-2.0	73.46
46	44.0	25.0	-15.0	5.0	-38.0	16.0	-13.0	-33.0	81.15
47	-102.0	-50.0	27.0	-7.0	-1.0	-38.0	-97.0	1.0	81.93
48	16.0	-10.0	-40.0	12.0	68.0	23.0	-16.0	-3.0	85.86
49	-59.0	45.0	-23.0	-128.0	-9.0	-15.0	27.0	14.0	91.02
50	77.0	-103.0	28.0	5.0	-28.0	-23.0	89.0	16.0	102.1
51	-128.0	-74.0	-15.0	-15.0	2.0	11.0	-54.0	-11.0	99.8
52	66.0	-47.0	-102.0	15.0	-6.0	25.0	-22.0	24.0	91.02
53	98.0	-59.0	-9.0	-2.0	-12.0	-19.0	94.0	-10.0	89.75
54	69.0	56.0	-69.0	-53.0	-19.0	-59.0	72.0	-33.0	100.37
55	37.0	-101.0	80.0	37.0	23.0	-23.0	-12.0	-8.0	102.64
56	-17.0	1.0	-94.0	-110.0	-24.0	-9.0	89.0	-22.0	115.46
57	18.0	49.0	6.0	21.0	-2.0	10.0	-43.0	-14.0	95.97
58	-23.0	28.0	12.0	-28.0	-21.0	-5.0	-26.0	70.0	95.8
59	-89.0	95.0	30.0	11.0	22.0	-4.0	-39.0	-10.0	102.43
60	41.0	-102.0	10.0	33.0	18.0	-25.0	4.0	-8.0	111.14
61	-56.0	-13.0	18.0	-21.0	-3.0	-5.0	-13.0	3.0	115.92
62	3.0	56.0	-128.0	-36.0	-10.0	31.0	-18.0	-41.0	115.92
63	41.0	20.0	66.0	-95.0	29.0	-9.0	-21.0	-10.0	103.05
64	65.0	62.0	-9.0	-17.0	53.0	18.0	5.0	-11.0	99.33
65	117.0	-82.0	71.0	108.0	-19.0	25.0	-2.0	17.0	103.05
66	48.0	127.0	60.0	-19.0	-38.0	21.0	-91.0	23.0	111.23
67	90.0	71.0	-29.0	17.0	1.0	51.0	8.0	-26.0	101.97
68	4.0	48.0	33.0	6.0	13.0	-35.0	-68.0	39.0	86.05
69	-99.0	121.0	50.0	15.0	-5.0	-16.0	103.0	51.0	102.1
70	-28.0	30.0	72.0	-46.0	48.0	18.0	-2.0	37.0	98.18
71	8.0	33.0	-8.0	69.0	-23.0	4.0	-29.0	-14.0	103.05
72	5.0	-128.0	-77.0	53.0	-30.0	9.0	-101.0	-57.0	102.79
73	24.0	-9.0	79.0	75.0	-30.0	-11.0	5.0	11.0	103.61
74	72.0	38.0	-23.0	-128.0	25.0	-16.0	5.0	25.0	99.8
75	-18.0	-36.0	-96.0	-10.0	6.0	-3.0	-53.0	-9.0	103.05
76	8.0	86.0	-58.0	77.0	-22.0	-3.0	73.0	16.0	111.14
77	98.0	-6.0	-46.0	-7.0	27.0	4.0	95.0	11.0	93.46
78	60.0	-16.0	41.0	-10.0	5.0	-78.0	5.0	-27.0	93.46
79	69.0	102.0	-72.0	14.0	-8.0	9.0	-18.0	37.0	83.12
80	-106.0	-22.0	-3.0	40.0	12.0	43.0	-97.0	16.0	88.21
81	-128.0	-62.0	-40.0	-23.0	30.0	18.0	13.0	-18.0	95.8
82	113.0	-72.0	28.0	-22.0	10.0	26.0	-13.0	-10.0	92.24
83	-62.0	-72.0	-26.0	-1.0	19.0	-23.0	89.0	-11.0	102.43
84	-39.0	-93.0	-17.0	-5.0	-12.0	24.0	19.0	51.0	107.55
85	34.0	98.0	-38.0	2.0	6.0	-2.0	-29.0	37.0	93.51
86	-2.0	7.0	6.0	-5.0	-9.0	0.0	8.0	-25.0	92.24
87	100.0	-55.0	51.0	68.0	22.0	9.0	-64.0	15.0	96.32
