0	20.0	-29.0	-68.0	7.0	36.0	-8.0	-23.0	3.0	70.89
1	80.0	1.0	-75.0	-61.0	-4.0	12.0	-1.0	-25.0	73.7
2	8.0	127.0	0.0	35.0	46.0	-12.0	57.0	14.0	72.61
3	-72.0	14.0	28.0	-43.0	-26.0	5.0	-22.0	-7.0	78.03
4	-20.0	-48.0	-67.0	-86.0	9.0	-6.0	29.0	-36.0	80.45
5	-74.0	80.0	9.0	-62.0	-4.0	-63.0	16.0	-1.0	83.62
6	127.0	-23.0	33.0	116.0	-31.0	25.0	23.0	48.0	114.52
7	-2.0	47.0	-12.0	-15.0	7.0	35.0	68.0	-45.0	102.43
8	93.0	77.0	27.0	48.0	-4.0	-13.0	53.0	31.0	113.78
9	118.0	-19.0	-30.0	86.0	18.0	3.0	-79.0	16.0	111.48
10	28.0	-60.0	23.0	-44.0	-25.0	-18.0	26.0	-23.0	105.99
11	117.0	-4.0	6.0	-30.0	-5.0	-29.0	99.0	-15.0	93.34
12	-122.0	-55.0	22.0	-99.0	21.0	10.0	20.0	25.0	102.06
13	11.0	19.0	78.0	107.0	-16.0	10.0	-9.0	7.0	95.65
14	-128.0	12.0	1.0	-86.0	-16.0	-12.0	-46.0	-34.0	86.21
15	41.0	32.0	82.0	-34.0	-7.0	55.0	36.0	-2.0	87.43
16	-20.0	33.0	-3.0	20.0	23.0	16.0	-69.0	22.0	81.6
17	127.0	67.0	34.0	-23.0	41.0	-50.0	-37.0	-25.0	80.45
18	96.0	-11.0	4.0	9.0	34.0	18.0	9.0	27.0	89.61
19	-53.0	-20.0	-17.0	5.0	-21.0	-9.0	101.0	-1.0	112.92
20	-56.0	26.0	-14.0	-39.0	-3.0	10.0	12.0	2.0	114.52
21	127.0	32.0	31.0	58.0	-16.0	10.0	51.0	-21.0	105.43
22	127.0	49.0	89.0	11.0	4.0	-10.0	-20.0	-33.0	105.99
23	50.0	8.0	-25.0	-22.0	-21.0	13.0	-6.0	-2.0	92.48
24	-32.0	102.0	-33.0	-41.0	-20.0	31.0	110.0	-30.0	92.48
25	-20.0	-76.0	-13.0	127.0	-3.0	7.0	-52.0	5.0	113.49
26	-5.0	-8.0	33.0	-93.0	15.0	5.0	3.0	12.0	113.46
27	-13.0	49.0	-4.0	92.0	2.0	-9.0	-13.0	-24.0	115.23
28	-88.0	-13.0	2.0	-61.0	-22.0	-33.0	17.0	60.0	103.11
29	51.0	123.0	-17.0	14.0	20.0	9.0	-43.0	-34.0	105.43
30	-27.0	127.0	-128.0	-7.0	-15.0	-25.0	1.0	12.0	88.49
31	-27.0	-54.0	27.0	-56.0	-14.0	10.0	77.0	30.0	95.65
32	45.0	-16.0	112.0	-14.0	-15.0	13.0	-14.0	-51.0	81.6
33	64.0	88.0	2.0	13.0	-6.0	12.0	25.0	29.0	90.85
34	81.0	23.0	22.0	121.0	10.0	3.0	-41.0	6.0	91.31
35	-1.0	23.0	23.0	-25.0	29.0	-7.0	5.0	2.0	88.49
36	57.0	4.0	-20.0	-1.0	-10.0	5.0	-70.0	29.0	102.43
37	-114.0	60.0	-91.0	-9.0	66.0	9.0	34.0	-49.0	113.46
38	-66.0	29.0	38.0	-13.0	-20.0	-4.0	7.0	-25.0	96.7
39	78.0	-20.0	-7.0	20.0	-9.0	15.0	-93.0	1.0	113.49
40	71.0	-81.0	-128.0	28.0	12.0	3.0	-44.0	-25.0	113.88
41	50.0	121.0	-91.0	44.0	-6.0	6.0	-29.0	24.0	86.21
42	19.0	127.0	66.0	-15.0	2.0	-12.0	-14.0	7.0	90.85
43	62.0	-128.0	16.0	43.0	14.0	-18.0	18.0	22.0	83.93
44	-85.0	-56.0	4.0	9.0	6.0	5.0	2.0	-6.0	78.9
45	49.0	48.0	-7.0	33.0	-2.0	10.0	57.0	1.0	74.38
46	67.0	60.0	37.0	5.0	-14.0	-4.0	15.0	17.0	76.76
47	-40.0	-69.0	-25.0	20.0	-8.0	26.0	-23.0	-3.0	75.45
48	1.0	-124.0	-6.0	-39.0	-12.0	12.0	6.0	-19.0	75.45
49	-47.0	-128.0	-6.0	-39.0	-11.0	0.0	-14.0	-26.0	76.76
50	63.0	98.0	58.0	-52.0	-15.0	21.0	-4.0	28.0	63.13
51	-32.0	-76.0	-39.0	-128.0	-16.0	16.0	6.0	-12.0	72.61
52	-36.0	95.0	-4.0	-22.0	-15.0	-24.0	-51.0	18.0	67.84
53	125.0	-90.0	-12.0	-128.0	7.0	-54.0	9.0	-12.0	70.89
54	5.0	12.0	26.0	2.0	3.0	6.0	59.0	6.0	64.89
55	127.0	-78.0	-1.0	127.0	26.0	-10.0	0.0	-21.0	59.21
56	0.0	5.0	36.0	-66.0	20.0	21.0	-43.0	-43.0	48.41
57	-27.0	97.0	-7.0	21.0	-11.0	-20.0	-21.0	39.0	48.41
58	5.0	-45.0	-51.0	4.0	14.0	-46.0	-78.0	-38.0	53.39
59	16.0	-34.0	123.0	-38.0	18.0	15.0	-7.0	18.0	57.81
60	-36.0	7.0	-33.0	47.0	5.0	-31.0	-34.0	32.0	59.54
61	89.0	94.0	-53.0	10.0	-42.0	-32.0	43.0	16.0	61.32
62	38.0	-10.0	-76.0	-82.0	-29.0	32.0	43.0	-19.0	53.66
63	-98.0	-29.0	36.0	-33.0	-8.0	3.0	43.0	-7.0	42.19
64	127.0	62.0	-47.0	41.0	34.0	-13.0	-6.0	35.0	48.04
65	39.0	-96.0	-52.0	4.0	-12.0	4.0	127.0	-39.0	63.17
66	15.0	105.0	19.0	-20.0	-20.0	14.0	53.0	-43.0	64.89
67	19.0	-106.0	-29.0	-26.0	10.0	-11.0	-7.0	18.0	65.91
68	-96.0	70.0	31.0	-128.0	-10.0	3.0	-63.0	-40.0	59.54
69	114.0	-35.0	9.0	29.0	-27.0	12.0	2.0	1.0	47.57
70	71.0	-22.0	21.0	0.0	26.0	-18.0	-46.0	4.0	48.04
71	-127.0	100.0	-92.0	-61.0	3.0	-2.0	-42.0	-47.0	35.99
72	102.0	27.0	4.0	-91.0	-25.0	21.0	-11.0	46.0	54.92
73	9.0	-43.0	-37.0	-14.0	24.0	-7.0	-12.0	27.0	67.84
74	-128.0	112.0	-2.0	0.0	6.0	-19.0	-36.0	7.0	61.18
75	-13.0	46.0	-19.0	-3.0	-11.0	-4.0	24.0	-7.0	57.18
76	-45.0	76.0	-8.0	17.0	-17.0	11.0	30.0	17.0	57.81
77	-10.0	-40.0	24.0	75.0	41.0	20.0	-3.0	22.0	49.57
78	-102.0	107.0	-108.0	-100.0	-10.0	27.0	5.0	-19.0	35.73
79	56.0	16.0	-50.0	127.0	53.0	-27.0	-39.0	79.0	35.57
80	-15.0	94.0	31.0	0.0	8.0	-5.0	12.0	51.0	35.73
81	127.0	127.0	-52.0	-61.0	-52.0	12.0	77.0	-7.0	42.19
82	-93.0	37.0	16.0	-15.0	14.0	-23.0	-128.0	22.0	59.21
83	-82.0	-10.0	124.0	4.0	-7.0	55.0	-19.0	-29.0	71.1
84	-13.0	-80.0	-62.0	2.0	4.0	-3.0	16.0	1.0	63.17
85	-114.0	127.0	14.0	21.0	-16.0	-22.0	-42.0	-8.0	69.63
86	-128.0	-128.0	17.0	13.0	3.0	45.0	26.0	-27.0	68.22
