0	-128.0	-114.0	33.0	4.0	1.0	-22.0	-3.0	-10.0	108.74
1	82.0	-82.0	70.0	-128.0	27.0	36.0	24.0	33.0	100.14
2	60.0	-83.0	-1.0	74.0	-6.0	30.0	25.0	-10.0	111.06
3	-73.0	-97.0	45.0	71.0	10.0	2.0	-25.0	-18.0	111.64
4	-128.0	-15.0	22.0	-97.0	-19.0	13.0	74.0	-14.0	112.02
5	22.0	-114.0	-12.0	-13.0	-11.0	32.0	-79.0	-90.0	112.3
6	-32.0	-13.0	-75.0	97.0	34.0	-26.0	-30.0	-49.0	112.17
7	-128.0	5.0	-15.0	-2.0	-22.0	-1.0	-13.0	-15.0	112.16
8	-119.0	-106.0	-46.0	18.0	4.0	-17.0	-15.0	0.0	110.25
9	-52.0	-59.0	-19.0	-4.0	14.0	4.0	3.0	12.0	99.17
10	79.0	59.0	69.0	110.0	-17.0	-16.0	-37.0	9.0	93.61
11	-107.0	-15.0	78.0	-56.0	-1.0	0.0	-15.0	-28.0	85.22
12	-128.0	-75.0	-53.0	-14.0	6.0	15.0	-2.0	-6.0	81.66
13	92.0	69.0	-6.0	127.0	-20.0	1.0	8.0	7.0	81.97
14	119.0	-4.0	65.0	-63.0	0.0	-17.0	-49.0	0.0	81.66
15	30.0	-54.0	48.0	-15.0	19.0	-12.0	25.0	19.0	78.91
16	111.0	40.0	28.0	-72.0	0.0	-22.0	17.0	-17.0	78.47
17	-18.0	79.0	-13.0	-18.0	-35.0	0.0	-16.0	2.0	77.68
18	86.0	-110.0	65.0	83.0	22.0	1.0	-9.0	35.0	71.57
19	-13.0	127.0	-35.0	-7.0	-14.0	-37.0	-32.0	-6.0	69.19
20	127.0	83.0	38.0	-12.0	12.0	4.0	-1.0	13.0	71.23
21	-109.0	3.0	77.0	-46.0	10.0	17.0	-11.0	-12.0	62.7
22	-1.0	75.0	-17.0	-92.0	-11.0	9.0	18.0	43.0	55.85
23	-63.0	-120.0	-69.0	-28.0	-22.0	6.0	31.0	39.0	52.23
24	-29.0	39.0	28.0	127.0	5.0	-16.0	-6.0	37.0	51.79
25	122.0	113.0	70.0	74.0	26.0	14.0	70.0	-41.0	51.18
26	-99.0	-82.0	95.0	-13.0	-18.0	5.0	-25.0	-9.0	51.17
27	-14.0	-128.0	-42.0	45.0	27.0	11.0	-36.0	11.0	51.17
28	127.0	95.0	35.0	-13.0	8.0	-29.0	1.0	0.0	50.4
29	127.0	127.0	51.0	-53.0	19.0	24.0	5.0	-22.0	52.23
30	124.0	117.0	-20.0	45.0	-20.0	-8.0	1.0	59.0	50.46
31	108.0	41.0	12.0	-32.0	6.0	9.0	10.0	-35.0	55.11
32	127.0	80.0	81.0	75.0	-23.0	-24.0	-4.0	29.0	66.39
33	-74.0	-12.0	41.0	-63.0	-21.0	2.0	-1.0	3.0	74.24
34	-125.0	93.0	-15.0	21.0	-6.0	14.0	-9.0	-22.0	74.24
35	85.0	48.0	-54.0	28.0	21.0	-24.0	-12.0	73.0	74.01
36	15.0	107.0	-38.0	41.0	21.0	-22.0	3.0	-10.0	62.7
37	25.0	90.0	59.0	-28.0	17.0	-12.0	-47.0	-6.0	69.13
38	102.0	-28.0	-84.0	71.0	0.0	-19.0	-17.0	-1.0	63.15
39	38.0	22.0	19.0	-42.0	5.0	10.0	-31.0	-8.0	65.98
40	22.0	-91.0	99.0	-48.0	-3.0	8.0	23.0	19.0	71.23
41	-1.0	-128.0	21.0	-38.0	-15.0	15.0	-68.0	-10.0	65.98
42	117.0	-31.0	61.0	62.0	-1.0	33.0	4.0	18.0	58.31
43	98.0	-89.0	-65.0	39.0	11.0	53.0	19.0	-46.0	60.83
44	101.0	88.0	-56.0	-63.0	10.0	5.0	-12.0	-48.0	51.79
45	16.0	87.0	28.0	8.0	24.0	-30.0	-8.0	-50.0	50.34
46	-128.0	15.0	-24.0	22.0	-7.0	10.0	-70.0	28.0	50.4
47	127.0	101.0	45.0	6.0	38.0	-33.0	-51.0	10.0	50.41
48	-128.0	-91.0	3.0	-7.0	15.0	7.0	-14.0	-70.0	50.79
49	-120.0	46.0	-48.0	-28.0	0.0	0.0	-4.0	-42.0	50.41
50	-83.0	-48.0	-107.0	-22.0	9.0	-4.0	27.0	20.0	53.98
51	-125.0	51.0	18.0	1.0	-22.0	19.0	25.0	26.0	55.85
52	19.0	-91.0	-8.0	67.0	-15.0	7.0	-51.0	-2.0	60.83
53	127.0	68.0	-65.0	77.0	14.0	-11.0	-31.0	-48.0	61.61
54	-22.0	-23.0	36.0	18.0	-19.0	7.0	-48.0	-16.0	69.13
55	127.0	21.0	30.0	18.0	-2.0	-38.0	-55.0	27.0	75.91
56	15.0	-67.0	7.0	1.0	23.0	12.0	3.0	3.0	76.58
57	12.0	29.0	19.0	37.0	-1.0	-13.0	-9.0	55.0	76.58
58	40.0	95.0	11.0	-104.0	0.0	14.0	-43.0	81.0	77.68
59	33.0	127.0	13.0	48.0	-2.0	-47.0	-30.0	1.0	78.91
60	39.0	-72.0	127.0	-67.0	-6.0	15.0	6.0	-12.0	79.46
61	45.0	-38.0	-57.0	-59.0	-9.0	23.0	1.0	2.0	82.51
62	54.0	56.0	9.0	64.0	-10.0	-25.0	10.0	-4.0	84.1
63	122.0	93.0	27.0	-17.0	-10.0	-2.0	-7.0	3.0	85.22
64	-57.0	-45.0	-24.0	-7.0	0.0	5.0	-7.0	-64.0	96.96
65	-91.0	127.0	-87.0	66.0	-20.0	22.0	5.0	-42.0	99.82
66	-128.0	88.0	-37.0	116.0	-2.0	-14.0	37.0	8.0	93.61
67	81.0	-67.0	11.0	111.0	-1.0	-16.0	21.0	-4.0	96.77
68	127.0	34.0	-62.0	63.0	48.0	1.0	41.0	50.0	100.9
69	59.0	-125.0	26.0	30.0	8.0	-24.0	-16.0	65.0	110.25
70	34.0	126.0	100.0	-56.0	-3.0	10.0	2.0	-14.0	112.17
71	110.0	127.0	-39.0	19.0	-12.0	4.0	-31.0	79.0	111.56
72	36.0	-59.0	-54.0	-63.0	7.0	4.0	-8.0	9.0	111.56
73	28.0	109.0	-25.0	17.0	-22.0	-6.0	3.0	40.0	111.64
74	127.0	29.0	64.0	23.0	-13.0	3.0	-17.0	3.0	103.95
75	-84.0	2.0	85.0	-11.0	19.0	16.0	9.0	8.0	103.62
76	80.0	18.0	-74.0	4.0	-27.0	-6.0	-24.0	-1.0	109.88
77	82.0	-94.0	37.0	-128.0	24.0	-2.0	118.0	24.0	108.74
78	97.0	127.0	-120.0	-51.0	26.0	-21.0	-52.0	-5.0	99.56
79	-61.0	-70.0	-89.0	34.0	-24.0	-3.0	20.0	-49.0	100.17
80	21.0	-123.0	-8.0	-60.0	3.0	15.0	-2.0	-4.0	100.17
81	118.0	-88.0	18.0	-19.0	0.0	-32.0	-14.0	45.0	96.77
82	127.0	-116.0	-128.0	23.0	-29.0	-2.0	-21.0	41.0	95.25
83	51.0	-6.0	-54.0	92.0	-22.0	16.0	4.0	28.0	100.9
84	127.0	-124.0	18.0	11.0	42.0	16.0	2.0	-33.0	108.5
85	-128.0	-46.0	29.0	48.0	28.0	8.0	4.0	35.0	102.04
86	-128.0	94.0	29.0	-54.0	10.0	3.0	12.0	-1.0	96.96
87	17.0	28.0	39.0	3.0	1.0	-12.0	2.0	-11.0	99.17
