0	127.0	-25.0	-39.0	-9.0	19.0	3.0	-12.0	-28.0	85.15
1	-51.0	42.0	-71.0	22.0	19.0	1.0	-15.0	30.0	84.01
2	20.0	45.0	59.0	-4.0	-5.0	-4.0	0.0	-4.0	84.01
3	-60.0	-74.0	39.0	21.0	-36.0	-8.0	-3.0	-21.0	83.66
4	96.0	0.0	-11.0	-26.0	4.0	4.0	13.0	13.0	88.31
5	5.0	-99.0	-67.0	-78.0	5.0	-5.0	4.0	-15.0	87.11
6	-118.0	-39.0	-3.0	126.0	-16.0	8.0	2.0	-1.0	85.36
7	9.0	-52.0	114.0	-86.0	-31.0	8.0	-2.0	10.0	88.31
8	0.0	113.0	13.0	-6.0	-12.0	-19.0	1.0	18.0	89.11
9	78.0	-121.0	-99.0	-30.0	34.0	-6.0	0.0	-14.0	96.56
10	-39.0	-26.0	43.0	48.0	10.0	20.0	18.0	-5.0	96.63
11	-11.0	93.0	-27.0	6.0	16.0	-18.0	-10.0	-1.0	87.5
12	113.0	-112.0	-60.0	-63.0	1.0	13.0	-4.0	18.0	83.66
13	25.0	86.0	33.0	45.0	-25.0	8.0	-14.0	3.0	78.73
14	-41.0	-128.0	-52.0	3.0	-11.0	3.0	1.0	-8.0	58.06
15	30.0	54.0	-22.0	-90.0	-19.0	-6.0	8.0	-9.0	56.83
16	-37.0	-15.0	-64.0	-102.0	8.0	-13.0	7.0	-31.0	59.99
17	-126.0	-126.0	15.0	-12.0	-5.0	-5.0	-15.0	-5.0	67.41
18	8.0	14.0	-67.0	-98.0	-31.0	7.0	16.0	-12.0	76.35
19	-82.0	-120.0	-47.0	-15.0	20.0	3.0	-2.0	-16.0	62.03
20	127.0	49.0	21.0	-25.0	-6.0	4.0	-20.0	5.0	51.02
21	-61.0	1.0	-6.0	-76.0	-33.0	1.0	-3.0	-1.0	46.99
22	-75.0	-76.0	-15.0	-90.0	-9.0	-25.0	-21.0	-8.0	48.81
23	-112.0	-125.0	-42.0	-34.0	29.0	8.0	1.0	-21.0	55.2
24	13.0	96.0	49.0	2.0	-3.0	-1.0	48.0	-15.0	58.31
25	-99.0	-37.0	23.0	0.0	-19.0	-7.0	-3.0	-11.0	47.35
26	27.0	-128.0	51.0	4.0	54.0	-7.0	9.0	39.0	40.57
27	-47.0	-57.0	26.0	19.0	-10.0	-8.0	-8.0	-6.0	39.3
28	69.0	127.0	-36.0	25.0	-6.0	9.0	-7.0	13.0	39.95
29	-69.0	100.0	-22.0	8.0	6.0	5.0	11.0	-81.0	39.3
30	95.0	-46.0	45.0	-61.0	-5.0	6.0	1.0	1.0	40.31
31	-89.0	109.0	9.0	-25.0	15.0	-3.0	0.0	-23.0	42.94
32	39.0	114.0	86.0	-20.0	2.0	-7.0	-12.0	-55.0	47.35
33	2.0	-95.0	44.0	-31.0	-28.0	-11.0	-5.0	-1.0	42.94
34	61.0	-97.0	36.0	-7.0	23.0	-12.0	-8.0	0.0	44.21
35	-128.0	-60.0	-85.0	81.0	-19.0	9.0	4.0	11.0	49.12
36	-53.0	95.0	-102.0	-90.0	-28.0	4.0	-5.0	22.0	52.13
37	43.0	-128.0	127.0	-113.0	3.0	8.0	8.0	-12.0	46.99
38	-126.0	45.0	5.0	-12.0	0.0	1.0	3.0	-14.0	53.6
39	-36.0	-22.0	-22.0	36.0	32.0	-18.0	-7.0	14.0	53.01
40	-28.0	75.0	-37.0	77.0	-16.0	-29.0	-30.0	-8.0	60.84
41	127.0	-70.0	-6.0	56.0	42.0	5.0	11.0	11.0	58.06
42	16.0	127.0	-87.0	48.0	-12.0	0.0	-2.0	26.0	62.03
43	-128.0	-107.0	34.0	-54.0	21.0	15.0	0.0	-5.0	62.38
44	119.0	-128.0	-8.0	45.0	2.0	-22.0	-3.0	-34.0	60.59
45	-19.0	-49.0	-2.0	-121.0	-42.0	4.0	7.0	0.0	51.02
46	-82.0	89.0	3.0	6.0	-12.0	2.0	-23.0	14.0	56.0
47	110.0	-81.0	40.0	106.0	17.0	4.0	0.0	-25.0	53.01
48	-34.0	-91.0	-29.0	-128.0	-36.0	-1.0	-1.0	-4.0	56.97
49	38.0	39.0	-22.0	-34.0	6.0	6.0	2.0	8.0	56.97
50	-128.0	-2.0	-21.0	127.0	14.0	1.0	10.0	6.0	53.6
51	93.0	-101.0	-13.0	12.0	-7.0	-8.0	8.0	0.0	59.99
52	-102.0	77.0	-97.0	9.0	8.0	-1.0	-48.0	-24.0	73.46
53	-5.0	126.0	-83.0	32.0	-3.0	-20.0	22.0	12.0	70.09
54	-13.0	47.0	-12.0	-80.0	-4.0	5.0	1.0	11.0	60.59
55	-113.0	-63.0	-46.0	12.0	43.0	12.0	-8.0	9.0	66.97
56	-15.0	14.0	85.0	-1.0	3.0	23.0	-7.0	-18.0	70.09
57	8.0	-59.0	-34.0	-63.0	-3.0	-23.0	12.0	25.0	73.46
58	127.0	-21.0	-10.0	21.0	28.0	10.0	-18.0	-9.0	58.99
59	-88.0	127.0	112.0	99.0	-2.0	-6.0	12.0	19.0	64.88
60	-19.0	127.0	-89.0	-53.0	20.0	-21.0	10.0	-2.0	80.04
61	35.0	-43.0	66.0	10.0	22.0	-8.0	-10.0	10.0	80.04
62	-40.0	43.0	-45.0	14.0	-6.0	15.0	6.0	2.0	78.14
63	-15.0	-28.0	-55.0	-24.0	-29.0	-3.0	7.0	-2.0	78.14
64	-15.0	-103.0	-106.0	-32.0	5.0	8.0	8.0	-7.0	66.97
65	16.0	48.0	19.0	73.0	-9.0	12.0	-9.0	-44.0	68.85
66	-55.0	73.0	6.0	32.0	9.0	3.0	25.0	-4.0	82.02
67	18.0	31.0	-128.0	-39.0	7.0	0.0	-15.0	0.0	87.0
68	-79.0	125.0	19.0	4.0	27.0	-5.0	-5.0	-9.0	89.33
69	-13.0	-62.0	-84.0	22.0	5.0	-11.0	-17.0	20.0	84.1
70	-22.0	-55.0	29.0	11.0	3.0	46.0	18.0	-19.0	90.56
71	41.0	26.0	-45.0	-51.0	-26.0	-2.0	19.0	12.0	94.28
72	-13.0	-36.0	44.0	10.0	-9.0	-5.0	-15.0	-29.0	92.16
73	-14.0	127.0	-128.0	41.0	-4.0	-1.0	3.0	5.0	96.56
74	-53.0	127.0	39.0	-19.0	13.0	3.0	-10.0	-19.0	87.11
75	-70.0	-115.0	-75.0	-35.0	21.0	1.0	-3.0	-3.0	90.56
76	-13.0	-62.0	-16.0	127.0	-17.0	-9.0	11.0	-6.0	88.45
77	22.0	-31.0	127.0	-21.0	-7.0	-2.0	-17.0	7.0	92.16
78	122.0	-5.0	-120.0	-17.0	-19.0	-15.0	-3.0	10.0	97.04
79	65.0	107.0	-61.0	-17.0	-21.0	-4.0	8.0	-6.0	106.44
80	44.0	-75.0	18.0	-14.0	39.0	-1.0	8.0	-13.0	97.02
81	73.0	-49.0	-48.0	14.0	-13.0	-7.0	-22.0	7.0	97.02
82	51.0	-51.0	41.0	-18.0	-9.0	8.0	-8.0	0.0	96.88
83	-41.0	127.0	-3.0	82.0	-46.0	4.0	3.0	-8.0	96.69
84	-3.0	-111.0	5.0	75.0	-8.0	10.0	-15.0	-13.0	87.72
85	127.0	82.0	-28.0	-64.0	-7.0	10.0	-9.0	2.0	85.36
86	-21.0	-95.0	-70.0	-1.0	10.0	10.0	7.0	-18.0	85.2
