0	-114.0	-104.0	-14.0	-67.0	-13.0	-10.0	28.0	22.0	107.54
1	64.0	92.0	121.0	26.0	32.0	-5.0	-92.0	-65.0	108.39
2	33.0	127.0	-12.0	6.0	9.0	-23.0	-8.0	25.0	107.24
3	90.0	46.0	40.0	1.0	-15.0	-11.0	-14.0	-19.0	106.37
4	-72.0	-73.0	78.0	-36.0	3.0	-1.0	44.0	14.0	108.15
5	107.0	-44.0	-21.0	-56.0	-10.0	34.0	3.0	2.0	108.8
6	102.0	-97.0	-31.0	-20.0	18.0	-5.0	-2.0	31.0	108.47
7	-79.0	-34.0	68.0	-4.0	-12.0	9.0	12.0	-59.0	108.39
8	-71.0	-43.0	26.0	26.0	-8.0	-28.0	-33.0	-29.0	106.7
9	-72.0	127.0	18.0	-128.0	20.0	-8.0	53.0	-6.0	108.61
10	115.0	-85.0	-12.0	-18.0	0.0	0.0	10.0	-23.0	107.96
11	50.0	42.0	-52.0	-4.0	-17.0	8.0	-36.0	-15.0	107.54
12	-26.0	-66.0	3.0	0.0	-11.0	-12.0	-6.0	28.0	102.49
13	111.0	26.0	17.0	-8.0	0.0	16.0	80.0	-21.0	102.89
14	-81.0	110.0	7.0	-22.0	29.0	38.0	3.0	-32.0	102.41
15	-20.0	-89.0	8.0	11.0	-7.0	1.0	5.0	7.0	107.41
16	127.0	26.0	31.0	72.0	14.0	-7.0	-43.0	-28.0	101.12
17	48.0	-24.0	-12.0	95.0	17.0	2.0	-43.0	26.0	94.5
18	47.0	-86.0	-71.0	-69.0	39.0	-9.0	-8.0	4.0	94.01
19	-89.0	-76.0	5.0	10.0	16.0	-11.0	-10.0	39.0	89.83
20	-70.0	33.0	-66.0	103.0	25.0	15.0	4.0	19.0	88.3
21	127.0	20.0	52.0	30.0	-4.0	-21.0	-4.0	-33.0	85.81
22	-28.0	31.0	-13.0	0.0	-26.0	35.0	-20.0	20.0	84.63
23	-101.0	-75.0	-61.0	82.0	11.0	-6.0	12.0	-20.0	80.14
24	84.0	11.0	-38.0	-9.0	16.0	-16.0	-25.0	-5.0	84.33
25	-92.0	-87.0	-45.0	-28.0	4.0	8.0	7.0	-29.0	70.08
26	-128.0	117.0	-16.0	-90.0	12.0	-12.0	14.0	-17.0	80.14
27	82.0	-90.0	61.0	78.0	2.0	3.0	-24.0	0.0	63.57
28	-51.0	-96.0	-9.0	1.0	-18.0	-12.0	25.0	8.0	60.75
29	89.0	30.0	23.0	50.0	-20.0	-8.0	-1.0	28.0	77.38
30	-65.0	-128.0	15.0	-53.0	-12.0	27.0	-3.0	-11.0	55.24
31	-94.0	2.0	-89.0	92.0	8.0	25.0	-54.0	-74.0	55.24
32	70.0	-114.0	79.0	64.0	-41.0	13.0	-3.0	69.0	57.32
33	-92.0	71.0	99.0	-62.0	7.0	-64.0	-13.0	-8.0	52.97
34	75.0	-30.0	42.0	-5.0	30.0	15.0	-14.0	22.0	53.16
35	-41.0	-89.0	1.0	51.0	-1.0	13.0	-24.0	7.0	59.06
36	80.0	79.0	22.0	-25.0	-12.0	4.0	8.0	-1.0	62.6
37	-21.0	12.0	19.0	55.0	-1.0	16.0	-10.0	24.0	74.01
38	3.0	113.0	-60.0	-30.0	-7.0	4.0	13.0	22.0	58.9
39	-76.0	-71.0	-54.0	3.0	-1.0	-5.0	-12.0	-41.0	54.41
40	2.0	80.0	8.0	44.0	22.0	-13.0	4.0	10.0	52.46
41	61.0	-128.0	23.0	16.0	-10.0	0.0	-14.0	13.0	52.86
42	-53.0	47.0	47.0	80.0	2.0	-33.0	-5.0	11.0	52.97
43	-128.0	84.0	-49.0	-38.0	-11.0	23.0	-8.0	13.0	52.86
44	-48.0	95.0	82.0	0.0	-4.0	3.0	70.0	55.0	54.06
45	12.0	-72.0	-58.0	-49.0	-3.0	2.0	-5.0	-5.0	58.9
46	71.0	45.0	42.0	-10.0	13.0	-14.0	-6.0	-26.0	63.57
47	20.0	50.0	-109.0	-31.0	-21.0	-4.0	60.0	14.0	77.43
48	-128.0	127.0	30.0	74.0	-22.0	-2.0	-16.0	21.0	65.69
49	-27.0	-79.0	-28.0	8.0	-16.0	-18.0	2.0	-25.0	69.72
50	-100.0	113.0	19.0	-16.0	-13.0	32.0	-40.0	28.0	57.32
51	34.0	-17.0	-40.0	-16.0	12.0	19.0	17.0	58.0	74.23
52	9.0	-11.0	42.0	-46.0	-9.0	7.0	-6.0	5.0	75.45
53	84.0	22.0	23.0	-16.0	-17.0	-1.0	-16.0	-12.0	83.57
54	14.0	-88.0	36.0	-30.0	35.0	-18.0	-22.0	-35.0	69.72
55	-81.0	-26.0	-72.0	35.0	-22.0	19.0	29.0	-19.0	77.43
56	78.0	-48.0	39.0	-65.0	27.0	-34.0	-6.0	-42.0	71.98
57	19.0	-128.0	4.0	-27.0	-13.0	-3.0	11.0	-44.0	74.23
58	61.0	114.0	-32.0	-54.0	24.0	-19.0	-22.0	4.0	70.08
59	117.0	19.0	34.0	-75.0	7.0	-20.0	-36.0	-21.0	75.45
60	-33.0	-116.0	32.0	62.0	-7.0	-11.0	6.0	-24.0	76.53
61	-15.0	48.0	-10.0	-34.0	-3.0	-17.0	19.0	-24.0	66.53
62	127.0	-128.0	-84.0	66.0	5.0	-16.0	-16.0	-9.0	76.09
63	2.0	-87.0	-10.0	79.0	-16.0	39.0	-2.0	-61.0	84.63
64	-78.0	-23.0	20.0	25.0	-3.0	-2.0	23.0	6.0	77.38
65	68.0	-32.0	69.0	-20.0	5.0	-3.0	10.0	5.0	81.87
66	41.0	75.0	-19.0	92.0	-1.0	-29.0	-16.0	15.0	82.92
67	41.0	-38.0	-12.0	13.0	17.0	-2.0	-12.0	39.0	85.02
68	100.0	-80.0	-53.0	91.0	-2.0	0.0	-24.0	-64.0	85.81
69	18.0	-61.0	-128.0	-5.0	-36.0	-3.0	30.0	9.0	85.02
70	-1.0	8.0	-32.0	40.0	18.0	5.0	15.0	-10.0	94.5
71	19.0	-13.0	-2.0	-15.0	-4.0	35.0	-9.0	16.0	93.38
72	-87.0	70.0	-38.0	45.0	-10.0	5.0	17.0	-41.0	100.29
73	-116.0	9.0	-96.0	35.0	9.0	-10.0	-15.0	-14.0	99.78
74	-83.0	91.0	110.0	-67.0	33.0	-9.0	-6.0	-12.0	100.29
75	24.0	-106.0	-26.0	38.0	14.0	9.0	-2.0	29.0	107.96
76	21.0	18.0	-71.0	-63.0	6.0	-40.0	-23.0	-26.0	108.62
77	23.0	61.0	-28.0	28.0	12.0	4.0	21.0	53.0	108.37
78	-128.0	26.0	-7.0	57.0	-39.0	-13.0	25.0	13.0	108.61
79	-45.0	-101.0	-25.0	80.0	-1.0	-2.0	-3.0	-25.0	102.49
80	-71.0	18.0	10.0	31.0	-12.0	5.0	2.0	6.0	97.52
81	4.0	22.0	-29.0	-55.0	-6.0	-28.0	-16.0	2.0	89.83
82	39.0	-94.0	42.0	-21.0	10.0	6.0	-5.0	-19.0	94.01
83	-2.0	-9.0	-9.0	71.0	-1.0	9.0	3.0	-14.0	95.23
84	82.0	-78.0	-6.0	6.0	-5.0	28.0	-25.0	11.0	102.89
85	-4.0	-103.0	-19.0	-92.0	23.0	37.0	8.0	40.0	107.41
86	-128.0	101.0	-39.0	3.0	-7.0	-42.0	-13.0	-85.0	108.61
87	28.0	-94.0	41.0	24.0	17.0	37.0	12.0	0.0	108.61
