0	37.0	-84.0	14.0	25.0	-30.0	13.0	5.0	41.0	108.02
1	39.0	85.0	-16.0	18.0	6.0	74.0	-5.0	17.0	100.74
2	114.0	-94.0	-128.0	13.0	-10.0	54.0	-30.0	6.0	113.48
3	-128.0	-37.0	-11.0	0.0	29.0	75.0	-84.0	-41.0	116.89
4	85.0	111.0	9.0	-2.0	-36.0	-10.0	27.0	74.0	109.66
5	60.0	66.0	127.0	-128.0	-12.0	-52.0	58.0	-3.0	109.66
6	87.0	-122.0	84.0	-30.0	-24.0	-38.0	76.0	-38.0	114.47
7	58.0	127.0	40.0	45.0	10.0	-19.0	9.0	35.0	115.16
8	-71.0	74.0	-17.0	-28.0	126.0	-6.0	-64.0	-17.0	102.16
9	-106.0	-87.0	-28.0	-55.0	12.0	63.0	122.0	69.0	110.68
10	76.0	70.0	91.0	80.0	-18.0	51.0	-7.0	-50.0	114.47
11	-44.0	120.0	37.0	7.0	55.0	-61.0	20.0	15.0	112.23
12	-84.0	-54.0	48.0	-88.0	-19.0	-5.0	71.0	89.0	110.59
13	31.0	26.0	-28.0	66.0	-43.0	-12.0	-49.0	-127.0	98.7
14	-103.0	79.0	2.0	1.0	-55.0	106.0	19.0	-75.0	95.43
15	31.0	11.0	7.0	34.0	-14.0	75.0	-96.0	15.0	70.41
16	-47.0	-25.0	-1.0	-45.0	10.0	-30.0	-26.0	-76.0	89.64
17	-61.0	103.0	45.0	-63.0	79.0	-33.0	127.0	-27.0	94.76
18	23.0	-45.0	54.0	-12.0	-47.0	-11.0	68.0	60.0	86.85
19	127.0	-20.0	-14.0	-62.0	25.0	-6.0	-115.0	-26.0	87.8
20	-125.0	-51.0	55.0	-2.0	-14.0	-49.0	25.0	24.0	84.34
21	42.0	-41.0	58.0	15.0	28.0	58.0	91.0	-73.0	89.64
22	127.0	59.0	-128.0	-50.0	25.0	44.0	-83.0	34.0	95.43
23	-95.0	-43.0	-7.0	-103.0	47.0	-31.0	-30.0	107.0	88.61
24	-88.0	127.0	-38.0	28.0	47.0	-2.0	-128.0	-128.0	73.78
25	48.0	-39.0	127.0	97.0	39.0	37.0	25.0	66.0	65.35
26	-4.0	-27.0	28.0	67.0	-33.0	-55.0	-101.0	21.0	68.53
27	106.0	-12.0	35.0	80.0	-10.0	-112.0	26.0	5.0	62.84
28	-86.0	-98.0	-121.0	49.0	49.0	-47.0	-16.0	36.0	58.27
29	-20.0	90.0	-17.0	-26.0	22.0	-6.0	-70.0	34.0	49.33
30	-128.0	23.0	-45.0	-77.0	5.0	36.0	21.0	127.0	51.76
31	-128.0	-68.0	36.0	-43.0	-13.0	19.0	4.0	21.0	49.07
32	127.0	92.0	19.0	-18.0	5.0	-41.0	-1.0	1.0	54.69
33	63.0	115.0	0.0	-45.0	12.0	33.0	-90.0	-21.0	54.69
34	127.0	58.0	-26.0	-92.0	-32.0	-19.0	-47.0	-13.0	59.0
35	85.0	110.0	-26.0	48.0	-18.0	15.0	-68.0	17.0	53.59
36	-55.0	72.0	14.0	4.0	24.0	69.0	96.0	-110.0	48.6
37	45.0	-29.0	-128.0	-74.0	-21.0	66.0	-24.0	-1.0	49.33
38	-26.0	-53.0	6.0	-17.0	0.0	-10.0	10.0	-43.0	55.18
39	-54.0	-17.0	-128.0	-28.0	12.0	-64.0	-60.0	36.0	60.52
40	119.0	-91.0	10.0	-5.0	9.0	7.0	66.0	35.0	63.28
41	-10.0	110.0	-43.0	63.0	1.0	10.0	-19.0	-15.0	50.11
42	-104.0	-128.0	33.0	-75.0	23.0	127.0	-82.0	-54.0	49.11
43	19.0	-64.0	4.0	107.0	2.0	38.0	-24.0	89.0	48.6
44	80.0	53.0	79.0	68.0	-122.0	-15.0	-128.0	28.0	60.4
45	63.0	112.0	6.0	59.0	41.0	-10.0	15.0	59.0	58.3
46	127.0	-128.0	-73.0	63.0	-18.0	-86.0	-109.0	-31.0	59.0
47	-71.0	127.0	67.0	4.0	84.0	127.0	58.0	-99.0	55.18
48	2.0	-128.0	-5.0	41.0	-36.0	30.0	-57.0	24.0	61.78
49	-128.0	113.0	21.0	19.0	-11.0	-34.0	45.0	23.0	49.11
50	60.0	-128.0	58.0	-39.0	-3.0	-44.0	40.0	3.0	51.56
51	-63.0	97.0	32.0	-13.0	-39.0	24.0	38.0	-6.0	59.0
52	32.0	45.0	73.0	127.0	84.0	21.0	31.0	-89.0	60.4
53	-86.0	-75.0	5.0	-110.0	-13.0	24.0	54.0	33.0	62.84
54	63.0	61.0	-106.0	118.0	14.0	-99.0	45.0	69.0	74.72
55	-6.0	-55.0	-21.0	12.0	-20.0	13.0	17.0	47.0	75.35
56	-57.0	-76.0	28.0	-20.0	11.0	-55.0	-93.0	-36.0	75.35
57	111.0	-83.0	-63.0	81.0	-25.0	53.0	-91.0	-18.0	74.72
58	-125.0	83.0	1.0	46.0	10.0	-73.0	14.0	17.0	68.53
59	127.0	56.0	-2.0	-13.0	-35.0	-5.0	127.0	39.0	94.22
60	72.0	30.0	14.0	12.0	3.0	16.0	-128.0	53.0	94.76
61	-105.0	80.0	-27.0	10.0	5.0	-15.0	-62.0	-61.0	95.9
62	66.0	-82.0	-57.0	-90.0	49.0	-32.0	-65.0	33.0	98.69
63	-38.0	56.0	1.0	-10.0	-29.0	-38.0	111.0	-33.0	112.23
64	61.0	-47.0	-101.0	-44.0	13.0	26.0	23.0	-66.0	110.59
65	67.0	-128.0	34.0	28.0	23.0	12.0	40.0	4.0	116.05
66	-108.0	127.0	-36.0	123.0	14.0	-29.0	-84.0	-43.0	117.66
67	111.0	-107.0	34.0	-61.0	6.0	2.0	1.0	67.0	117.66
68	-52.0	-37.0	-87.0	-31.0	10.0	54.0	-128.0	-31.0	117.85
69	73.0	-100.0	-35.0	-128.0	-33.0	-105.0	-87.0	37.0	117.61
70	110.0	69.0	127.0	85.0	51.0	-1.0	19.0	-41.0	100.74
71	-19.0	127.0	-53.0	99.0	24.0	-61.0	-21.0	-9.0	116.05
72	73.0	33.0	66.0	-41.0	-15.0	-66.0	-76.0	91.0	117.61
73	63.0	10.0	11.0	53.0	-23.0	22.0	-72.0	35.0	115.25
74	2.0	-83.0	117.0	-95.0	-4.0	-36.0	95.0	-22.0	100.14
75	-3.0	-44.0	46.0	18.0	67.0	1.0	78.0	49.0	97.03
76	127.0	-3.0	48.0	0.0	0.0	4.0	63.0	-36.0	102.11
77	-1.0	127.0	-3.0	-114.0	-70.0	13.0	-27.0	-7.0	108.2
78	-40.0	-122.0	-25.0	101.0	-77.0	-16.0	-56.0	72.0	106.2
79	32.0	127.0	6.0	-104.0	-8.0	5.0	-23.0	47.0	102.11
80	-63.0	-128.0	-11.0	59.0	37.0	-17.0	-35.0	-68.0	106.2
81	-49.0	-62.0	66.0	106.0	-26.0	-109.0	75.0	1.0	104.18
82	-37.0	13.0	-11.0	49.0	22.0	-51.0	-122.0	2.0	95.56
83	-76.0	-124.0	-10.0	78.0	-10.0	90.0	-45.0	-63.0	97.03
84	-107.0	-70.0	-5.0	-18.0	-33.0	-78.0	-4.0	-33.0	105.21
