0	109.0	108.0	115.0	1.0	27.0	6.0	68.0	-22.0	54.46
1	-53.0	12.0	-64.0	-18.0	-16.0	-1.0	-38.0	-21.0	57.81
2	1.0	-10.0	20.0	24.0	-7.0	9.0	1.0	-11.0	54.73
3	26.0	45.0	-8.0	-101.0	-8.0	3.0	9.0	16.0	59.13
4	10.0	48.0	1.0	26.0	24.0	12.0	-17.0	-68.0	59.13
5	-71.0	-9.0	72.0	-9.0	-3.0	-8.0	-10.0	2.0	61.75
6	-75.0	12.0	13.0	-57.0	-10.0	22.0	-30.0	-33.0	63.44
7	-44.0	-14.0	20.0	15.0	-5.0	-19.0	10.0	27.0	67.96
8	102.0	18.0	-11.0	55.0	46.0	39.0	0.0	22.0	73.08
9	-34.0	-46.0	-98.0	-70.0	-12.0	-1.0	63.0	5.0	74.5
10	-3.0	23.0	-124.0	-68.0	28.0	-24.0	-52.0	-1.0	81.04
11	-118.0	-31.0	81.0	89.0	-32.0	3.0	-16.0	48.0	73.08
12	18.0	127.0	0.0	-85.0	17.0	-5.0	10.0	19.0	81.04
13	68.0	13.0	112.0	-7.0	-19.0	-9.0	48.0	3.0	89.92
14	-71.0	91.0	-13.0	44.0	-12.0	29.0	22.0	-35.0	90.68
15	-51.0	-59.0	-59.0	21.0	20.0	-12.0	108.0	-11.0	91.85
16	124.0	-34.0	58.0	127.0	-10.0	11.0	-7.0	-13.0	92.69
17	46.0	-62.0	3.0	-36.0	-5.0	1.0	33.0	-11.0	81.96
18	40.0	49.0	23.0	29.0	-1.0	-15.0	-17.0	0.0	98.91
19	51.0	-95.0	-112.0	-61.0	4.0	4.0	23.0	12.0	80.92
20	93.0	-75.0	-24.0	-62.0	12.0	8.0	-3.0	18.0	80.07
21	-11.0	-31.0	-88.0	3.0	-10.0	-13.0	-33.0	36.0	89.94
22	126.0	30.0	-30.0	2.0	-21.0	-3.0	-18.0	-15.0	94.31
23	38.0	-58.0	-67.0	80.0	-6.0	4.0	21.0	-10.0	94.31
24	81.0	-72.0	38.0	-8.0	13.0	-14.0	-75.0	51.0	89.92
25	99.0	-63.0	-72.0	-23.0	38.0	12.0	-11.0	-2.0	90.96
26	-107.0	-26.0	58.0	-11.0	-21.0	9.0	7.0	-2.0	106.39
27	-75.0	-69.0	-18.0	84.0	-1.0	28.0	-17.0	-39.0	100.95
28	-128.0	63.0	39.0	-115.0	20.0	24.0	19.0	19.0	100.39
29	27.0	94.0	5.0	-23.0	12.0	-16.0	-17.0	-4.0	109.56
30	74.0	66.0	-40.0	47.0	-13.0	6.0	-24.0	-16.0	110.37
31	25.0	67.0	16.0	-53.0	1.0	-2.0	55.0	15.0	110.37
32	46.0	-106.0	-18.0	118.0	13.0	11.0	-5.0	-6.0	110.81
33	127.0	-85.0	27.0	-58.0	-48.0	-39.0	13.0	-1.0	110.58
34	127.0	77.0	-20.0	94.0	19.0	1.0	-9.0	7.0	110.58
35	-93.0	-47.0	106.0	-25.0	-8.0	24.0	13.0	-14.0	100.95
36	24.0	59.0	24.0	93.0	-9.0	-33.0	-61.0	4.0	104.12
37	15.0	-21.0	127.0	-35.0	0.0	4.0	17.0	23.0	100.34
38	14.0	127.0	28.0	11.0	5.0	-29.0	54.0	14.0	106.56
39	78.0	127.0	113.0	-112.0	-41.0	5.0	18.0	-67.0	108.74
40	74.0	64.0	-68.0	71.0	-12.0	-17.0	-56.0	10.0	108.74
41	119.0	-92.0	-22.0	28.0	44.0	-21.0	-2.0	-12.0	106.04
42	-22.0	-118.0	-57.0	51.0	7.0	3.0	93.0	0.0	106.56
43	88.0	52.0	47.0	-22.0	10.0	9.0	45.0	-5.0	102.93
44	19.0	113.0	-76.0	-121.0	5.0	6.0	-11.0	11.0	110.03
45	-12.0	-61.0	90.0	-9.0	4.0	-37.0	-10.0	49.0	108.37
46	56.0	54.0	-128.0	-14.0	-8.0	4.0	13.0	36.0	100.39
47	-77.0	82.0	79.0	82.0	2.0	-24.0	-34.0	-6.0	99.6
48	10.0	-125.0	6.0	-66.0	1.0	-8.0	-15.0	7.0	98.91
49	23.0	74.0	-30.0	127.0	-12.0	-9.0	7.0	-7.0	91.63
50	-75.0	-10.0	28.0	-22.0	-8.0	37.0	76.0	-41.0	80.92
51	3.0	127.0	48.0	112.0	-8.0	-2.0	-31.0	-1.0	80.07
52	127.0	64.0	51.0	2.0	13.0	9.0	-10.0	-20.0	74.5
53	-35.0	37.0	-38.0	-6.0	11.0	8.0	-22.0	59.0	76.22
54	-27.0	26.0	93.0	-98.0	-6.0	33.0	-11.0	12.0	76.04
55	80.0	-82.0	106.0	25.0	-25.0	65.0	-13.0	8.0	71.53
56	-26.0	58.0	-109.0	-128.0	26.0	-6.0	27.0	3.0	69.57
57	122.0	26.0	-38.0	47.0	0.0	-6.0	20.0	27.0	71.53
58	-13.0	18.0	-79.0	57.0	4.0	21.0	13.0	-32.0	64.83
59	82.0	104.0	-10.0	88.0	17.0	-11.0	37.0	-2.0	68.85
60	53.0	-6.0	72.0	96.0	18.0	31.0	15.0	-49.0	67.96
61	-44.0	75.0	66.0	30.0	-11.0	-6.0	-13.0	-40.0	63.44
62	-14.0	-70.0	20.0	-9.0	-1.0	-3.0	49.0	27.0	56.45
63	-128.0	-56.0	68.0	7.0	-20.0	17.0	0.0	-28.0	66.71
64	32.0	127.0	43.0	-68.0	-10.0	-4.0	-26.0	4.0	71.18
65	57.0	65.0	-18.0	-52.0	-8.0	7.0	-15.0	54.0	71.18
66	93.0	44.0	-79.0	-90.0	19.0	-34.0	-6.0	23.0	78.62
67	116.0	-18.0	-50.0	-8.0	15.0	22.0	-31.0	-41.0	64.83
68	25.0	-82.0	21.0	-38.0	39.0	8.0	16.0	57.0	61.26
69	18.0	30.0	-28.0	31.0	14.0	-11.0	-53.0	-26.0	58.24
70	-37.0	10.0	12.0	31.0	34.0	-15.0	-18.0	-28.0	56.45
71	-115.0	18.0	69.0	-77.0	6.0	-12.0	37.0	75.0	51.28
72	109.0	-11.0	-9.0	-128.0	11.0	-4.0	40.0	2.0	54.46
73	75.0	127.0	47.0	-78.0	-61.0	18.0	-15.0	28.0	49.5
74	46.0	45.0	34.0	-46.0	-9.0	-13.0	-34.0	56.0	48.42
75	83.0	9.0	-116.0	-58.0	-59.0	9.0	-21.0	17.0	47.61
76	-57.0	61.0	-62.0	-13.0	-6.0	0.0	-17.0	-19.0	47.61
77	86.0	60.0	-128.0	9.0	-18.0	9.0	-16.0	34.0	48.03
78	-35.0	5.0	22.0	-17.0	5.0	13.0	22.0	-51.0	47.93
79	49.0	15.0	37.0	3.0	-3.0	8.0	-21.0	-29.0	47.97
80	127.0	-119.0	61.0	87.0	3.0	2.0	34.0	16.0	47.97
81	15.0	-92.0	13.0	-128.0	-38.0	-33.0	-50.0	6.0	48.03
82	-12.0	-40.0	-58.0	55.0	8.0	15.0	-58.0	-37.0	48.42
83	5.0	-13.0	-33.0	52.0	-10.0	-4.0	83.0	23.0	49.53
84	-63.0	-62.0	-33.0	54.0	-9.0	9.0	-27.0	0.0	55.48
