0	114.0	104.0	-32.0	10.0	11.0	8.0	15.0	-1.0	91.94
1	15.0	-92.0	-29.0	-39.0	20.0	-24.0	26.0	-27.0	91.74
2	-61.0	-50.0	8.0	-110.0	2.0	34.0	-3.0	34.0	91.0
3	34.0	-52.0	35.0	-10.0	18.0	36.0	68.0	-9.0	91.66
4	25.0	32.0	36.0	-20.0	58.0	-2.0	-12.0	-32.0	83.98
5	88.0	111.0	84.0	34.0	13.0	9.0	68.0	47.0	83.98
6	-114.0	43.0	28.0	-15.0	32.0	-23.0	-30.0	-36.0	80.45
7	20.0	99.0	-21.0	-45.0	18.0	-48.0	-100.0	23.0	77.34
8	-24.0	-128.0	-14.0	-3.0	-3.0	5.0	-63.0	0.0	64.32
9	-67.0	-94.0	-37.0	-42.0	3.0	-22.0	1.0	10.0	68.35
10	-2.0	74.0	50.0	-32.0	3.0	7.0	-4.0	9.0	70.28
11	68.0	98.0	-61.0	-93.0	31.0	-9.0	-25.0	-78.0	67.68
12	37.0	-75.0	112.0	-68.0	-8.0	34.0	7.0	20.0	52.67
13	-4.0	81.0	52.0	-13.0	-18.0	-10.0	97.0	52.0	54.62
14	113.0	3.0	101.0	22.0	-10.0	-11.0	20.0	-74.0	51.93
15	92.0	6.0	31.0	123.0	-29.0	29.0	-12.0	38.0	51.83
16	-96.0	-13.0	76.0	-34.0	2.0	-18.0	-20.0	23.0	52.9
17	59.0	127.0	13.0	127.0	-8.0	-56.0	-42.0	8.0	61.57
18	-30.0	104.0	-80.0	39.0	-26.0	-32.0	32.0	37.0	52.9
19	-111.0	-71.0	60.0	21.0	-14.0	-87.0	-14.0	-7.0	55.6
20	48.0	-29.0	25.0	114.0	-25.0	14.0	67.0	-17.0	72.19
21	0.0	-68.0	-32.0	7.0	-10.0	0.0	-128.0	-21.0	73.69
22	-52.0	21.0	2.0	3.0	31.0	12.0	19.0	43.0	75.92
23	46.0	-37.0	-11.0	-49.0	-1.0	-16.0	8.0	17.0	78.19
24	120.0	25.0	6.0	88.0	9.0	-19.0	41.0	-27.0	77.34
25	-9.0	127.0	-26.0	6.0	4.0	3.0	95.0	26.0	75.92
26	23.0	-96.0	-15.0	0.0	-1.0	-11.0	26.0	-12.0	77.13
27	-11.0	115.0	-26.0	44.0	-6.0	-17.0	-21.0	11.0	72.19
28	0.0	48.0	-28.0	-19.0	9.0	6.0	-55.0	22.0	57.1
29	57.0	127.0	-128.0	-109.0	-20.0	11.0	-21.0	-10.0	52.26
30	127.0	25.0	-99.0	35.0	2.0	1.0	4.0	-28.0	55.6
31	46.0	-1.0	10.0	-12.0	43.0	30.0	1.0	-30.0	57.97
32	-27.0	-101.0	-9.0	-25.0	61.0	-39.0	96.0	9.0	59.1
33	125.0	-61.0	-9.0	-69.0	-22.0	9.0	-44.0	7.0	64.61
34	48.0	51.0	13.0	-37.0	16.0	12.0	18.0	-65.0	61.21
35	86.0	65.0	77.0	-24.0	2.0	28.0	-122.0	9.0	67.68
36	-61.0	-22.0	49.0	-34.0	-38.0	29.0	69.0	-12.0	59.1
37	104.0	29.0	-98.0	-51.0	-10.0	59.0	76.0	4.0	52.67
38	62.0	123.0	57.0	18.0	11.0	-6.0	-35.0	22.0	51.81
39	-93.0	-21.0	33.0	39.0	-2.0	1.0	-67.0	8.0	51.83
40	-98.0	110.0	26.0	64.0	-55.0	19.0	8.0	50.0	51.96
41	6.0	-90.0	63.0	-12.0	-24.0	15.0	24.0	-32.0	54.11
42	-38.0	-46.0	48.0	5.0	5.0	15.0	-78.0	23.0	70.72
43	61.0	-92.0	32.0	13.0	-4.0	-8.0	-64.0	26.0	72.97
44	127.0	84.0	9.0	44.0	-22.0	-11.0	16.0	23.0	68.35
45	-28.0	86.0	6.0	46.0	16.0	-8.0	48.0	20.0	61.21
46	-27.0	-42.0	27.0	98.0	7.0	2.0	1.0	-2.0	72.97
47	-128.0	39.0	-7.0	24.0	-3.0	-31.0	-21.0	-38.0	80.45
48	-30.0	30.0	-99.0	85.0	26.0	27.0	-36.0	41.0	86.26
49	-10.0	-29.0	19.0	-22.0	-12.0	-3.0	-115.0	-1.0	82.19
50	-20.0	111.0	-1.0	5.0	23.0	-2.0	-19.0	-31.0	91.66
51	65.0	37.0	-56.0	18.0	-2.0	43.0	3.0	-24.0	91.74
52	112.0	-17.0	-91.0	-128.0	12.0	-24.0	-12.0	-3.0	91.94
53	-15.0	61.0	53.0	-128.0	21.0	-42.0	-18.0	62.0	93.05
54	73.0	62.0	-1.0	-5.0	16.0	7.0	-58.0	-8.0	93.3
55	64.0	0.0	-18.0	-24.0	-4.0	-3.0	9.0	-38.0	106.79
56	49.0	39.0	26.0	25.0	-2.0	-13.0	17.0	-23.0	110.79
57	-20.0	-59.0	-34.0	-53.0	15.0	-38.0	28.0	12.0	98.87
58	-34.0	127.0	3.0	-128.0	-7.0	-6.0	-22.0	-61.0	105.62
59	-68.0	16.0	55.0	-68.0	19.0	-22.0	65.0	26.0	107.7
60	47.0	6.0	40.0	4.0	7.0	-10.0	-5.0	-21.0	96.63
61	127.0	44.0	-15.0	-25.0	48.0	17.0	21.0	36.0	102.61
62	40.0	-90.0	127.0	9.0	7.0	-36.0	-15.0	-42.0	94.97
63	-19.0	9.0	49.0	14.0	36.0	-41.0	-20.0	-21.0	99.18
64	102.0	-89.0	32.0	30.0	-14.0	-21.0	41.0	-1.0	100.65
65	11.0	22.0	60.0	-3.0	-45.0	-21.0	-20.0	32.0	108.94
66	-105.0	127.0	14.0	54.0	-22.0	-2.0	36.0	1.0	112.2
67	-1.0	-42.0	57.0	86.0	-19.0	-19.0	54.0	-50.0	109.84
68	117.0	-53.0	-40.0	16.0	17.0	10.0	10.0	31.0	107.46
69	-109.0	66.0	-68.0	52.0	-3.0	-24.0	-30.0	10.0	111.9
70	-73.0	51.0	5.0	8.0	-15.0	10.0	-37.0	69.0	112.2
71	127.0	18.0	-17.0	47.0	-5.0	25.0	-29.0	7.0	112.43
72	-40.0	40.0	-96.0	127.0	-12.0	33.0	14.0	29.0	112.34
73	14.0	-9.0	21.0	-6.0	-4.0	31.0	78.0	-17.0	112.43
74	9.0	-24.0	4.0	105.0	-11.0	2.0	19.0	-45.0	112.06
75	-75.0	55.0	-42.0	-26.0	-13.0	32.0	62.0	-44.0	111.94
76	127.0	-10.0	-11.0	49.0	-29.0	25.0	47.0	29.0	111.94
77	127.0	29.0	-83.0	-1.0	-12.0	4.0	37.0	2.0	107.46
78	32.0	116.0	28.0	30.0	-30.0	-1.0	-27.0	-14.0	104.58
79	-70.0	92.0	-25.0	-115.0	6.0	13.0	-8.0	-24.0	97.96
80	50.0	-8.0	9.0	-19.0	-12.0	-8.0	22.0	28.0	102.61
81	104.0	10.0	-24.0	-45.0	-10.0	-5.0	27.0	16.0	96.63
82	127.0	-50.0	15.0	-80.0	-17.0	6.0	-31.0	-71.0	105.66
83	38.0	-89.0	56.0	-14.0	-27.0	11.0	-9.0	10.0	109.84
84	-7.0	-115.0	-72.0	-31.0	16.0	6.0	-9.0	-75.0	106.79
85	-20.0	59.0	-17.0	6.0	6.0	-21.0	-9.0	21.0	96.68
86	-103.0	122.0	85.0	-8.0	7.0	-7.0	7.0	3.0	105.66
87	19.0	-38.0	-50.0	7.0	-3.0	21.0	-84.0	31.0	93.05
