0	-109.0	127.0	18.0	-13.0	21.0	-16.0	9.0	12.0	74.01
1	127.0	127.0	70.0	4.0	-20.0	-37.0	-17.0	-9.0	69.13
2	-52.0	2.0	18.0	-56.0	-22.0	15.0	-37.0	-4.0	71.23
3	17.0	-106.0	9.0	45.0	11.0	-13.0	21.0	-33.0	71.57
4	82.0	-15.0	-46.0	37.0	12.0	-14.0	1.0	37.0	74.24
5	-18.0	-123.0	-75.0	-54.0	-6.0	-24.0	-9.0	29.0	77.68
6	127.0	80.0	19.0	63.0	-20.0	16.0	-9.0	0.0	77.68
7	108.0	5.0	12.0	23.0	22.0	0.0	37.0	-1.0	81.66
8	40.0	-67.0	38.0	23.0	-13.0	-25.0	-4.0	10.0	81.97
9	111.0	-23.0	-13.0	34.0	-3.0	-6.0	10.0	-22.0	82.51
10	80.0	-91.0	-57.0	-97.0	-17.0	4.0	-16.0	24.0	85.22
11	21.0	22.0	100.0	-128.0	-3.0	-3.0	-52.0	-50.0	100.9
12	119.0	-82.0	85.0	110.0	-6.0	19.0	2.0	-1.0	111.64
13	30.0	3.0	-17.0	-7.0	5.0	7.0	-7.0	9.0	112.02
14	-128.0	-48.0	-42.0	-56.0	6.0	53.0	18.0	-16.0	112.17
15	-119.0	-114.0	22.0	111.0	10.0	0.0	10.0	-10.0	112.16
16	54.0	-83.0	70.0	1.0	-1.0	24.0	-24.0	3.0	103.62
17	127.0	-91.0	11.0	-28.0	19.0	-8.0	-17.0	2.0	110.25
18	-22.0	-38.0	35.0	-28.0	6.0	5.0	-2.0	-4.0	99.82
19	38.0	21.0	3.0	48.0	14.0	-16.0	-36.0	-90.0	93.61
20	82.0	126.0	-128.0	71.0	10.0	-47.0	-15.0	-49.0	99.56
21	-29.0	-89.0	-54.0	-59.0	-10.0	10.0	27.0	26.0	100.9
22	-57.0	-128.0	-62.0	39.0	-1.0	7.0	-30.0	-42.0	99.17
23	124.0	101.0	37.0	127.0	14.0	-12.0	-8.0	45.0	96.77
24	16.0	34.0	-39.0	-14.0	0.0	36.0	118.0	73.0	85.22
25	127.0	15.0	36.0	-60.0	-20.0	-12.0	-16.0	3.0	96.96
26	33.0	-59.0	28.0	-72.0	38.0	0.0	6.0	65.0	100.14
27	122.0	-94.0	127.0	48.0	-6.0	9.0	-43.0	2.0	100.17
28	-120.0	127.0	-8.0	-63.0	17.0	-11.0	-7.0	55.0	100.17
29	-128.0	83.0	45.0	22.0	7.0	1.0	-2.0	-6.0	103.95
30	-13.0	-97.0	95.0	18.0	-24.0	-21.0	-31.0	13.0	111.06
31	15.0	46.0	-8.0	6.0	-9.0	30.0	2.0	-10.0	111.56
32	39.0	68.0	18.0	-28.0	42.0	13.0	-9.0	-1.0	112.17
33	12.0	-6.0	-6.0	-11.0	-15.0	32.0	-55.0	7.0	109.88
34	-128.0	75.0	-25.0	71.0	-19.0	-24.0	-1.0	-49.0	112.3
35	127.0	79.0	28.0	21.0	27.0	-12.0	-6.0	33.0	111.64
36	-128.0	18.0	-15.0	45.0	1.0	17.0	3.0	-6.0	111.56
37	-128.0	88.0	-53.0	4.0	0.0	-17.0	-25.0	-14.0	102.04
38	-84.0	107.0	64.0	-22.0	-10.0	14.0	-68.0	35.0	108.74
39	15.0	-13.0	-24.0	-63.0	-22.0	-22.0	-21.0	-5.0	108.5
40	-125.0	127.0	29.0	-13.0	-11.0	-22.0	-48.0	19.0	108.74
41	-1.0	41.0	77.0	28.0	-1.0	14.0	24.0	28.0	110.25
42	45.0	29.0	69.0	75.0	28.0	-6.0	-3.0	-42.0	95.25
43	-32.0	90.0	13.0	-128.0	-2.0	6.0	70.0	35.0	99.17
44	-1.0	127.0	21.0	-18.0	8.0	-32.0	4.0	19.0	96.96
45	19.0	-28.0	11.0	62.0	27.0	2.0	23.0	0.0	96.77
46	51.0	94.0	33.0	-12.0	-2.0	4.0	-15.0	-17.0	93.61
47	86.0	40.0	-35.0	74.0	0.0	1.0	25.0	8.0	78.91
48	-83.0	-4.0	-107.0	67.0	-19.0	-29.0	19.0	3.0	78.91
49	-73.0	95.0	-1.0	-104.0	-22.0	8.0	5.0	-14.0	78.47
50	102.0	-88.0	-12.0	-48.0	-35.0	-1.0	25.0	-12.0	81.66
51	-128.0	-124.0	-120.0	-17.0	-7.0	1.0	12.0	40.0	84.1
52	34.0	-12.0	-74.0	83.0	10.0	-16.0	-14.0	79.0	79.46
53	117.0	56.0	39.0	18.0	1.0	5.0	3.0	1.0	76.58
54	127.0	39.0	-54.0	3.0	26.0	-30.0	-70.0	-70.0	76.58
55	85.0	-59.0	28.0	-19.0	9.0	33.0	4.0	11.0	69.19
56	59.0	-116.0	48.0	-46.0	-14.0	10.0	-1.0	-46.0	62.7
57	25.0	93.0	45.0	-2.0	0.0	-17.0	-11.0	-12.0	61.61
58	97.0	93.0	-84.0	-67.0	-22.0	4.0	25.0	-64.0	63.15
59	92.0	127.0	-65.0	74.0	21.0	-2.0	5.0	-15.0	71.23
60	81.0	-15.0	30.0	8.0	-11.0	23.0	74.0	-22.0	60.83
61	110.0	-110.0	51.0	-42.0	48.0	5.0	-25.0	-48.0	65.98
62	98.0	-54.0	-56.0	127.0	-15.0	15.0	-13.0	-10.0	69.13
63	36.0	-114.0	-15.0	-13.0	0.0	2.0	-49.0	-2.0	55.11
64	-99.0	-128.0	-19.0	116.0	19.0	14.0	17.0	3.0	66.39
65	118.0	113.0	-69.0	-15.0	4.0	3.0	-4.0	-6.0	51.17
66	22.0	-70.0	-20.0	-32.0	3.0	-38.0	-12.0	39.0	52.23
67	28.0	-75.0	59.0	-63.0	26.0	-33.0	-8.0	20.0	58.31
68	127.0	59.0	26.0	-92.0	-21.0	9.0	8.0	-35.0	51.79
69	127.0	-82.0	29.0	-7.0	-29.0	16.0	-14.0	-18.0	51.79
70	122.0	87.0	-54.0	-53.0	15.0	3.0	20.0	-28.0	53.98
71	127.0	-120.0	81.0	11.0	10.0	8.0	1.0	50.0	55.85
72	79.0	51.0	-48.0	-7.0	-27.0	4.0	-30.0	18.0	62.7
73	-74.0	117.0	-37.0	97.0	19.0	10.0	4.0	8.0	50.79
74	60.0	69.0	7.0	17.0	0.0	11.0	-51.0	-48.0	50.4
75	-14.0	-46.0	-24.0	66.0	34.0	-22.0	31.0	-41.0	51.17
76	-125.0	-91.0	99.0	77.0	5.0	-2.0	1.0	-4.0	50.46
77	-128.0	-31.0	-65.0	19.0	-1.0	16.0	-12.0	59.0	50.41
78	-128.0	-72.0	65.0	41.0	-12.0	-4.0	-31.0	43.0	50.34
79	-63.0	-125.0	27.0	92.0	-23.0	-26.0	-47.0	0.0	52.23
80	127.0	95.0	-89.0	-4.0	-2.0	15.0	-51.0	27.0	50.4
81	101.0	88.0	-38.0	64.0	0.0	22.0	-32.0	28.0	50.41
82	-61.0	109.0	78.0	18.0	8.0	-24.0	41.0	81.0	51.18
83	22.0	-45.0	19.0	-38.0	23.0	12.0	3.0	41.0	60.83
84	127.0	28.0	41.0	1.0	24.0	15.0	2.0	-10.0	55.85
85	-107.0	48.0	65.0	-63.0	-22.0	7.0	-31.0	-11.0	65.98
86	-128.0	29.0	61.0	-51.0	24.0	-2.0	3.0	9.0	75.91
87	-91.0	-67.0	-87.0	30.0	-18.0	-19.0	-79.0	-8.0	74.24
