0	-128.0	2.0	-33.0	67.0	-23.0	-35.0	3.0	-67.0	62.64
1	127.0	24.0	-3.0	84.0	-40.0	-2.0	81.0	27.0	72.85
2	27.0	44.0	-115.0	74.0	-31.0	-36.0	-63.0	12.0	65.39
3	-88.0	-128.0	67.0	9.0	-55.0	-6.0	-11.0	-23.0	65.39
4	-46.0	-128.0	31.0	-25.0	-17.0	8.0	29.0	-14.0	62.64
5	-70.0	-14.0	-5.0	1.0	6.0	-33.0	20.0	-10.0	63.29
6	127.0	-30.0	69.0	-6.0	-22.0	38.0	42.0	-17.0	61.13
7	127.0	67.0	-59.0	-49.0	-25.0	23.0	71.0	23.0	58.07
8	-103.0	40.0	-6.0	125.0	19.0	-21.0	121.0	127.0	58.07
9	18.0	13.0	40.0	8.0	11.0	1.0	-77.0	0.0	53.97
10	-117.0	-128.0	-9.0	12.0	58.0	-5.0	19.0	-21.0	53.97
11	85.0	-27.0	20.0	34.0	4.0	3.0	5.0	37.0	61.73
12	2.0	124.0	-79.0	-44.0	58.0	76.0	-128.0	-91.0	58.21
13	-72.0	-94.0	-107.0	-30.0	23.0	-13.0	80.0	-11.0	59.65
14	-16.0	22.0	-37.0	73.0	24.0	-81.0	13.0	84.0	48.21
15	-14.0	-37.0	33.0	-21.0	-17.0	-31.0	-43.0	-6.0	49.03
16	-75.0	-96.0	12.0	-22.0	7.0	24.0	64.0	84.0	48.21
17	64.0	-87.0	-61.0	-22.0	-5.0	-116.0	45.0	-11.0	48.51
18	12.0	-5.0	-7.0	76.0	34.0	67.0	-78.0	-23.0	49.39
19	19.0	-56.0	111.0	-74.0	0.0	5.0	18.0	-75.0	48.83
20	-16.0	-68.0	-44.0	-17.0	-16.0	44.0	-10.0	5.0	48.83
21	38.0	-123.0	123.0	-5.0	-11.0	-30.0	-85.0	5.0	48.4
22	-106.0	80.0	-92.0	-9.0	-3.0	15.0	91.0	-9.0	47.8
23	126.0	18.0	-128.0	-128.0	29.0	4.0	-11.0	10.0	48.51
24	105.0	71.0	-114.0	-10.0	-5.0	61.0	9.0	22.0	48.61
25	-8.0	-40.0	-98.0	-20.0	-2.0	20.0	-27.0	-108.0	47.74
26	22.0	35.0	77.0	-90.0	-32.0	20.0	-102.0	23.0	49.39
27	-21.0	38.0	80.0	-87.0	53.0	24.0	32.0	-20.0	48.69
28	-78.0	-78.0	12.0	-115.0	10.0	5.0	-18.0	0.0	51.4
29	-29.0	93.0	-105.0	31.0	-1.0	10.0	-29.0	-32.0	59.65
30	2.0	127.0	-54.0	-20.0	8.0	1.0	-58.0	-33.0	61.13
31	50.0	-79.0	-33.0	81.0	-21.0	18.0	78.0	-3.0	59.87
32	-61.0	-68.0	52.0	36.0	-8.0	-48.0	97.0	18.0	63.0
33	-64.0	115.0	13.0	15.0	-92.0	-11.0	-68.0	-33.0	69.47
34	35.0	106.0	-76.0	-39.0	14.0	17.0	9.0	-52.0	69.7
35	22.0	92.0	-5.0	113.0	-14.0	-66.0	43.0	15.0	76.78
36	-26.0	-60.0	-19.0	-9.0	24.0	40.0	58.0	-10.0	74.39
37	-62.0	57.0	-32.0	-2.0	21.0	-3.0	-27.0	-2.0	76.14
38	127.0	-128.0	78.0	-7.0	-5.0	14.0	-20.0	33.0	76.78
39	-16.0	127.0	0.0	41.0	0.0	10.0	70.0	-22.0	79.67
40	-7.0	-75.0	-38.0	80.0	25.0	-59.0	-128.0	-32.0	80.32
41	-12.0	127.0	1.0	35.0	-12.0	3.0	-8.0	-17.0	87.83
42	-34.0	100.0	-10.0	104.0	5.0	11.0	-54.0	1.0	83.91
43	-128.0	-16.0	-12.0	36.0	2.0	-50.0	4.0	-98.0	98.31
44	127.0	-22.0	-8.0	-4.0	-5.0	17.0	-28.0	-59.0	106.98
45	16.0	106.0	127.0	41.0	23.0	-67.0	105.0	-70.0	101.55
46	44.0	103.0	-13.0	-42.0	2.0	36.0	12.0	1.0	83.55
47	122.0	58.0	-38.0	-19.0	-9.0	0.0	11.0	-65.0	83.91
48	73.0	52.0	18.0	-69.0	-32.0	-9.0	32.0	88.0	82.95
49	-37.0	106.0	-9.0	31.0	25.0	-3.0	15.0	15.0	90.31
50	-63.0	-88.0	1.0	-73.0	-20.0	-83.0	-24.0	57.0	105.75
51	54.0	56.0	18.0	10.0	-66.0	3.0	-2.0	-1.0	105.66
52	-89.0	-59.0	9.0	-128.0	16.0	-3.0	-79.0	27.0	95.31
53	-24.0	-22.0	4.0	25.0	-2.0	52.0	8.0	28.0	107.05
54	63.0	39.0	-79.0	5.0	-49.0	9.0	17.0	-48.0	106.98
55	31.0	-128.0	-52.0	25.0	25.0	12.0	-28.0	-19.0	104.65
56	122.0	-37.0	0.0	0.0	-41.0	53.0	-16.0	-45.0	90.52
57	-34.0	71.0	-26.0	20.0	16.0	3.0	-22.0	-3.0	105.54
58	107.0	-55.0	-51.0	-4.0	18.0	-17.0	87.0	-16.0	103.42
59	79.0	31.0	122.0	-21.0	-12.0	4.0	46.0	44.0	103.68
60	105.0	-77.0	14.0	41.0	24.0	7.0	26.0	-44.0	103.42
61	7.0	127.0	-7.0	2.0	-12.0	-1.0	-59.0	44.0	105.66
62	-31.0	127.0	17.0	-14.0	-6.0	35.0	14.0	18.0	98.31
63	-128.0	75.0	103.0	22.0	11.0	-4.0	48.0	16.0	106.43
64	76.0	-128.0	-5.0	49.0	-9.0	14.0	-15.0	15.0	91.95
65	-58.0	-24.0	-35.0	19.0	-22.0	-6.0	2.0	-38.0	93.37
66	47.0	-128.0	1.0	-12.0	3.0	3.0	32.0	-14.0	105.54
67	105.0	-123.0	-82.0	-45.0	4.0	-6.0	-8.0	34.0	94.54
68	5.0	-117.0	22.0	-14.0	31.0	17.0	-14.0	-54.0	80.01
69	-90.0	-13.0	-22.0	-48.0	24.0	57.0	60.0	-9.0	90.31
70	-20.0	-128.0	77.0	-124.0	-17.0	-57.0	5.0	-59.0	77.76
71	25.0	127.0	16.0	76.0	-17.0	7.0	9.0	-16.0	79.69
72	39.0	91.0	-84.0	43.0	17.0	-13.0	-65.0	11.0	80.01
73	-90.0	-65.0	15.0	-45.0	11.0	43.0	-2.0	-50.0	80.32
74	-46.0	127.0	10.0	-47.0	-41.0	12.0	-85.0	-6.0	80.74
75	-128.0	47.0	-90.0	15.0	-10.0	19.0	25.0	7.0	81.84
76	93.0	36.0	51.0	76.0	-5.0	-9.0	-36.0	34.0	91.95
77	59.0	-16.0	11.0	81.0	6.0	13.0	5.0	-54.0	82.95
78	-128.0	127.0	-10.0	-19.0	-24.0	21.0	-4.0	-2.0	94.54
79	43.0	-106.0	-30.0	11.0	36.0	17.0	-3.0	97.0	80.45
80	-36.0	16.0	35.0	-40.0	1.0	-8.0	-30.0	-128.0	77.76
81	-17.0	-48.0	-33.0	15.0	-22.0	63.0	13.0	96.0	81.56
82	-128.0	16.0	13.0	-11.0	3.0	50.0	17.0	22.0	73.33
83	124.0	-69.0	70.0	-71.0	-4.0	-56.0	-20.0	18.0	67.05
84	-110.0	-24.0	-112.0	-2.0	-44.0	9.0	-87.0	-3.0	69.7
85	-87.0	-106.0	78.0	-14.0	-12.0	-8.0	100.0	48.0	74.39
86	40.0	-93.0	28.0	-80.0	30.0	34.0	-69.0	-1.0	69.47
