0	-3.0	-7.0	-7.0	-31.0	-37.0	-36.0	73.0	-15.0	43.4
1	87.0	42.0	8.0	18.0	11.0	4.0	-2.0	-27.0	41.06
2	-47.0	-19.0	-29.0	-6.0	19.0	1.0	-66.0	7.0	49.55
3	-35.0	51.0	-36.0	-3.0	12.0	0.0	52.0	-12.0	49.55
4	27.0	-18.0	-66.0	-4.0	-24.0	4.0	25.0	-36.0	58.12
5	-17.0	-39.0	-35.0	2.0	-2.0	17.0	-31.0	45.0	60.96
6	-114.0	-45.0	-24.0	74.0	19.0	-27.0	1.0	7.0	72.98
7	13.0	75.0	-55.0	2.0	-14.0	15.0	-93.0	9.0	65.54
8	75.0	55.0	127.0	-23.0	-38.0	-30.0	6.0	-24.0	66.31
9	-71.0	67.0	-128.0	-24.0	2.0	-8.0	-29.0	14.0	70.83
10	127.0	-68.0	26.0	127.0	13.0	-1.0	5.0	-8.0	72.98
11	-24.0	-33.0	-31.0	-11.0	19.0	7.0	43.0	-28.0	78.46
12	-82.0	-46.0	21.0	-52.0	54.0	-9.0	-8.0	21.0	73.98
13	51.0	-54.0	5.0	-50.0	2.0	24.0	57.0	57.0	70.83
14	50.0	-20.0	-1.0	-58.0	-5.0	4.0	-4.0	4.0	62.7
15	-127.0	88.0	25.0	71.0	-5.0	-35.0	-15.0	7.0	74.43
16	43.0	-118.0	-28.0	-21.0	-9.0	-3.0	24.0	-10.0	70.21
17	-61.0	-10.0	22.0	18.0	-6.0	-8.0	-8.0	-4.0	67.31
18	-107.0	-57.0	-128.0	26.0	18.0	-23.0	8.0	-11.0	85.29
19	127.0	-41.0	12.0	70.0	-57.0	64.0	30.0	44.0	92.56
20	-48.0	71.0	-17.0	52.0	-17.0	16.0	-33.0	18.0	101.67
21	-62.0	-128.0	89.0	-128.0	-27.0	-14.0	-1.0	18.0	94.87
22	22.0	9.0	-85.0	60.0	-30.0	3.0	-128.0	-6.0	93.35
23	-128.0	127.0	-1.0	-81.0	-10.0	53.0	17.0	9.0	86.67
24	80.0	-128.0	61.0	-45.0	-5.0	6.0	-10.0	-41.0	101.69
25	125.0	16.0	-128.0	88.0	-15.0	-15.0	6.0	-25.0	101.58
26	-56.0	57.0	16.0	72.0	15.0	4.0	13.0	23.0	81.03
27	-43.0	-83.0	3.0	-96.0	-28.0	6.0	68.0	-29.0	85.8
28	13.0	20.0	-28.0	18.0	81.0	-8.0	-30.0	-2.0	81.2
29	-126.0	127.0	-9.0	-47.0	13.0	-10.0	14.0	1.0	71.98
30	113.0	45.0	23.0	57.0	-4.0	-15.0	35.0	8.0	73.98
31	-10.0	-73.0	-8.0	-25.0	102.0	-8.0	-22.0	-8.0	92.53
32	30.0	127.0	12.0	43.0	14.0	-21.0	-97.0	-37.0	92.53
33	4.0	-128.0	-24.0	-20.0	0.0	10.0	34.0	45.0	98.37
34	-30.0	-93.0	-116.0	85.0	37.0	5.0	43.0	-42.0	91.32
35	23.0	28.0	-45.0	-84.0	-51.0	-9.0	71.0	30.0	95.06
36	-71.0	-69.0	-37.0	93.0	16.0	17.0	20.0	40.0	94.28
37	82.0	-128.0	20.0	-111.0	-7.0	20.0	-23.0	-10.0	84.21
38	7.0	127.0	-27.0	34.0	25.0	-16.0	-30.0	-27.0	90.13
39	127.0	-119.0	-32.0	43.0	-43.0	-22.0	8.0	22.0	90.62
40	27.0	113.0	-6.0	32.0	14.0	17.0	-34.0	-25.0	85.29
41	42.0	-27.0	38.0	2.0	-15.0	-1.0	15.0	4.0	98.37
42	-61.0	67.0	-103.0	5.0	1.0	-29.0	-17.0	-43.0	91.32
43	-108.0	-26.0	124.0	-106.0	25.0	-21.0	-13.0	-16.0	82.09
44	127.0	-128.0	-32.0	68.0	1.0	23.0	19.0	46.0	88.28
45	-69.0	-16.0	-15.0	2.0	-27.0	-8.0	-1.0	-40.0	92.56
46	8.0	87.0	74.0	-7.0	42.0	-5.0	16.0	37.0	101.69
47	17.0	10.0	127.0	-23.0	-40.0	12.0	100.0	19.0	95.06
48	-61.0	-56.0	-77.0	-74.0	-37.0	-12.0	-65.0	-38.0	89.9
49	11.0	99.0	-70.0	33.0	35.0	9.0	-25.0	-21.0	88.28
50	58.0	56.0	10.0	82.0	-9.0	-13.0	26.0	34.0	79.55
51	4.0	58.0	-51.0	43.0	-16.0	0.0	-82.0	-25.0	81.2
52	30.0	63.0	21.0	-7.0	36.0	27.0	-21.0	24.0	68.02
53	-92.0	57.0	34.0	46.0	-7.0	31.0	97.0	11.0	78.46
54	-74.0	-14.0	-93.0	101.0	-25.0	2.0	-46.0	-18.0	67.31
55	44.0	121.0	-27.0	90.0	2.0	-18.0	-9.0	7.0	63.5
56	71.0	-96.0	-1.0	-79.0	-23.0	13.0	19.0	39.0	64.73
57	126.0	-106.0	-112.0	23.0	-5.0	25.0	-13.0	-25.0	58.12
58	-16.0	127.0	-128.0	-60.0	1.0	-18.0	-11.0	6.0	52.78
59	-106.0	127.0	-23.0	42.0	0.0	-25.0	14.0	-71.0	43.4
60	82.0	71.0	-81.0	26.0	27.0	3.0	-7.0	8.0	39.24
61	19.0	-7.0	39.0	-7.0	-11.0	-1.0	-58.0	-14.0	45.84
62	-82.0	-128.0	-39.0	76.0	-10.0	59.0	-43.0	-13.0	45.7
63	-111.0	124.0	-118.0	-42.0	37.0	-3.0	-3.0	-13.0	49.3
64	-95.0	-24.0	75.0	-54.0	-15.0	-16.0	-7.0	28.0	53.52
65	-128.0	0.0	11.0	115.0	-21.0	3.0	-16.0	9.0	53.22
66	53.0	-8.0	74.0	-73.0	21.0	24.0	68.0	-13.0	66.31
67	46.0	-128.0	-11.0	-39.0	12.0	-23.0	9.0	-16.0	63.5
68	-16.0	-59.0	-71.0	-18.0	38.0	-5.0	3.0	26.0	62.7
69	34.0	40.0	-29.0	-128.0	-47.0	13.0	-31.0	-4.0	60.65
70	-20.0	-81.0	24.0	-63.0	-63.0	-69.0	-74.0	-29.0	33.59
71	-46.0	-18.0	-56.0	-23.0	38.0	-8.0	-16.0	-36.0	41.06
72	99.0	-115.0	114.0	2.0	-6.0	-19.0	1.0	25.0	41.85
73	56.0	-54.0	-48.0	-10.0	6.0	-12.0	-29.0	7.0	33.16
74	-48.0	6.0	-38.0	-30.0	-10.0	8.0	-8.0	1.0	45.84
75	-8.0	-22.0	7.0	-41.0	60.0	10.0	29.0	30.0	49.3
76	29.0	41.0	-13.0	31.0	-12.0	-29.0	49.0	-16.0	53.22
77	127.0	34.0	-25.0	-50.0	75.0	-33.0	-49.0	5.0	54.47
78	31.0	-71.0	127.0	-45.0	28.0	9.0	-54.0	22.0	41.85
79	46.0	125.0	-91.0	127.0	-11.0	15.0	-17.0	15.0	32.49
80	-63.0	26.0	-1.0	28.0	-54.0	-13.0	-33.0	-48.0	39.7
81	-120.0	-78.0	61.0	89.0	-68.0	23.0	31.0	-64.0	40.74
82	113.0	-8.0	-17.0	-101.0	-5.0	-5.0	23.0	-18.0	39.35
83	-59.0	-128.0	-13.0	-68.0	10.0	11.0	50.0	-4.0	39.7
84	40.0	127.0	29.0	89.0	6.0	-2.0	-5.0	-11.0	39.24
85	-55.0	0.0	-51.0	-65.0	-10.0	33.0	14.0	-31.0	39.15
86	-32.0	-119.0	99.0	-27.0	21.0	-45.0	-14.0	11.0	33.16
87	-72.0	113.0	50.0	-72.0	-8.0	11.0	-49.0	2.0	31.93
88	62.0	-128.0	16.0	36.0	-27.0	11.0	-35.0	-5.0	40.47
