0	92.0	97.0	-27.0	-9.0	-5.0	-1.0	2.0	10.0	80.9
1	-33.0	50.0	79.0	-50.0	-23.0	-7.0	17.0	44.0	78.41
2	30.0	113.0	6.0	-24.0	-2.0	-12.0	11.0	-8.0	75.24
3	-128.0	10.0	112.0	-59.0	34.0	-14.0	-10.0	-29.0	53.47
4	-20.0	-115.0	-59.0	-58.0	-12.0	5.0	-7.0	22.0	50.19
5	0.0	-118.0	85.0	61.0	21.0	19.0	-7.0	-4.0	50.19
6	-38.0	18.0	-28.0	91.0	-9.0	-15.0	-9.0	7.0	50.35
7	56.0	-90.0	127.0	-3.0	-1.0	-2.0	8.0	-15.0	50.62
8	98.0	-16.0	55.0	96.0	5.0	-1.0	3.0	16.0	57.0
9	72.0	58.0	71.0	-13.0	-4.0	-4.0	-16.0	-24.0	53.47
10	-77.0	9.0	72.0	-47.0	-12.0	-4.0	-5.0	9.0	57.31
11	-104.0	60.0	-52.0	-29.0	24.0	24.0	-14.0	-11.0	55.49
12	127.0	123.0	3.0	73.0	9.0	-29.0	2.0	-6.0	54.59
13	-78.0	62.0	-70.0	-36.0	-17.0	6.0	2.0	-5.0	57.31
14	113.0	-55.0	-47.0	1.0	4.0	-11.0	2.0	4.0	65.39
15	32.0	-71.0	27.0	10.0	-1.0	-5.0	-20.0	4.0	69.74
16	78.0	107.0	9.0	-83.0	-4.0	2.0	3.0	14.0	62.59
17	43.0	54.0	51.0	-15.0	12.0	-20.0	3.0	14.0	75.24
18	-128.0	127.0	13.0	119.0	-13.0	4.0	20.0	-1.0	72.8
19	-61.0	-60.0	2.0	-7.0	-44.0	32.0	-21.0	-9.0	62.59
20	60.0	-128.0	72.0	-45.0	18.0	-1.0	-1.0	14.0	71.63
21	-39.0	-118.0	-26.0	-70.0	-9.0	-11.0	-26.0	10.0	72.8
22	-65.0	127.0	-44.0	-18.0	-18.0	12.0	10.0	35.0	64.24
23	-4.0	-19.0	10.0	-56.0	6.0	-1.0	4.0	25.0	59.86
24	2.0	127.0	66.0	108.0	-5.0	-3.0	-11.0	-11.0	60.45
25	34.0	109.0	-63.0	-30.0	-6.0	-20.0	-7.0	-30.0	52.37
26	-128.0	67.0	48.0	-75.0	-10.0	-2.0	-7.0	7.0	58.43
27	48.0	-126.0	-77.0	21.0	0.0	-27.0	10.0	-21.0	59.86
28	-84.0	-34.0	41.0	-94.0	0.0	1.0	-5.0	19.0	65.51
29	126.0	-19.0	-116.0	-12.0	22.0	-12.0	-1.0	-12.0	51.3
30	3.0	41.0	26.0	-30.0	2.0	3.0	21.0	-22.0	51.3
31	2.0	108.0	23.0	70.0	1.0	-12.0	-8.0	-13.0	50.4
32	18.0	-101.0	98.0	-5.0	-24.0	-4.0	-1.0	-55.0	50.62
33	-118.0	-55.0	-119.0	99.0	2.0	9.0	0.0	7.0	53.66
34	93.0	127.0	22.0	-61.0	-1.0	-11.0	2.0	13.0	50.48
35	71.0	-104.0	-88.0	-16.0	-20.0	-17.0	-11.0	21.0	53.66
36	127.0	-65.0	-20.0	36.0	39.0	8.0	-11.0	-9.0	62.39
37	43.0	122.0	64.0	8.0	10.0	-10.0	-22.0	-18.0	57.0
38	17.0	63.0	84.0	57.0	-12.0	-2.0	-24.0	-14.0	65.51
39	-13.0	-6.0	68.0	44.0	-32.0	2.0	-9.0	27.0	71.15
40	-114.0	29.0	-49.0	-34.0	-11.0	0.0	5.0	-4.0	62.39
41	-58.0	116.0	30.0	-40.0	-19.0	-31.0	-20.0	46.0	67.58
42	127.0	-128.0	-19.0	-6.0	-22.0	-20.0	4.0	-10.0	61.19
43	19.0	59.0	-14.0	-105.0	8.0	-2.0	-10.0	-1.0	71.15
44	-25.0	-40.0	14.0	-22.0	-16.0	-14.0	9.0	-6.0	75.79
45	-93.0	-6.0	72.0	102.0	-45.0	-2.0	-4.0	9.0	84.4
46	6.0	127.0	-1.0	-33.0	3.0	-3.0	-15.0	12.0	73.08
47	-78.0	-80.0	-24.0	13.0	-10.0	-20.0	13.0	-3.0	84.4
48	93.0	13.0	-2.0	-100.0	5.0	-1.0	5.0	-3.0	88.13
49	-40.0	-128.0	-122.0	-96.0	-3.0	-16.0	-25.0	-13.0	88.73
50	111.0	-124.0	50.0	-10.0	62.0	-12.0	-4.0	-7.0	94.96
51	13.0	127.0	11.0	-21.0	11.0	-3.0	9.0	1.0	86.83
52	34.0	-81.0	95.0	60.0	26.0	4.0	-12.0	-21.0	88.25
53	-14.0	127.0	-81.0	127.0	-15.0	12.0	-2.0	33.0	94.96
54	-64.0	-80.0	38.0	46.0	-3.0	10.0	-1.0	-13.0	100.72
55	-37.0	127.0	22.0	2.0	-15.0	2.0	-1.0	-11.0	108.57
56	-92.0	-53.0	13.0	-31.0	17.0	2.0	-11.0	-29.0	107.92
57	0.0	-68.0	-9.0	-13.0	-10.0	8.0	-3.0	9.0	107.59
58	127.0	-39.0	-33.0	44.0	-4.0	3.0	-4.0	-5.0	111.18
59	51.0	54.0	-128.0	101.0	-18.0	-2.0	-6.0	-9.0	111.28
60	-49.0	-101.0	82.0	-76.0	-13.0	6.0	-5.0	-7.0	111.28
61	115.0	35.0	-74.0	-10.0	-13.0	3.0	-4.0	-14.0	108.53
62	-125.0	-25.0	-28.0	-26.0	-34.0	-17.0	7.0	-3.0	108.59
63	49.0	-68.0	19.0	1.0	-6.0	-4.0	3.0	0.0	109.02
64	-82.0	95.0	-14.0	-34.0	24.0	1.0	15.0	10.0	107.54
65	103.0	70.0	10.0	-22.0	-24.0	10.0	12.0	-16.0	108.53
66	-76.0	23.0	73.0	-7.0	-4.0	-14.0	-9.0	0.0	99.89
67	45.0	-128.0	-53.0	16.0	-8.0	-23.0	-1.0	-3.0	96.09
68	-83.0	33.0	37.0	-33.0	-11.0	3.0	7.0	20.0	97.32
69	-66.0	-75.0	-31.0	42.0	5.0	1.0	-4.0	0.0	94.96
70	91.0	-128.0	-64.0	-85.0	16.0	6.0	20.0	-4.0	94.33
71	20.0	35.0	-40.0	0.0	20.0	3.0	0.0	3.0	96.09
72	-65.0	-33.0	43.0	7.0	-10.0	-14.0	-10.0	-6.0	107.17
73	21.0	60.0	10.0	72.0	-32.0	-5.0	-12.0	8.0	99.89
74	-85.0	-47.0	103.0	-92.0	-12.0	18.0	-21.0	-15.0	107.92
75	9.0	-28.0	-21.0	-44.0	18.0	-6.0	-3.0	-6.0	104.83
76	31.0	93.0	16.0	28.0	4.0	0.0	-17.0	6.0	104.83
77	37.0	70.0	15.0	8.0	16.0	-7.0	9.0	-8.0	107.54
78	-23.0	39.0	70.0	25.0	-7.0	3.0	-14.0	-8.0	95.26
79	-20.0	-67.0	17.0	-4.0	-50.0	1.0	1.0	25.0	91.38
80	-44.0	94.0	25.0	-57.0	-15.0	-7.0	7.0	-28.0	88.73
81	-7.0	-3.0	-73.0	32.0	40.0	13.0	-4.0	-6.0	95.26
82	-27.0	127.0	-46.0	28.0	12.0	-16.0	-10.0	8.0	84.58
83	63.0	41.0	20.0	13.0	-23.0	17.0	32.0	6.0	87.65
84	-108.0	-107.0	-46.0	23.0	0.0	-2.0	-11.0	-4.0	87.65
85	-26.0	-121.0	19.0	-37.0	-4.0	-1.0	-3.0	7.0	86.83
86	-89.0	-128.0	-12.0	60.0	-9.0	9.0	-1.0	-8.0	85.64
87	69.0	-4.0	42.0	38.0	24.0	-1.0	-15.0	-15.0	78.41
