0	12.0	-62.0	3.0	-11.0	6.0	8.0	18.0	-6.0	91.84
1	-19.0	102.0	-6.0	8.0	57.0	-53.0	-27.0	16.0	91.84
2	-128.0	-18.0	-81.0	45.0	-42.0	-5.0	61.0	-59.0	87.52
3	-53.0	-87.0	33.0	-54.0	-21.0	9.0	8.0	-16.0	90.96
4	3.0	-128.0	-105.0	-55.0	-4.0	11.0	6.0	1.0	80.89
5	33.0	68.0	-14.0	5.0	-2.0	2.0	38.0	0.0	82.64
6	-6.0	4.0	41.0	72.0	-4.0	-11.0	-14.0	7.0	76.53
7	59.0	127.0	-16.0	29.0	-6.0	16.0	-9.0	11.0	87.52
8	65.0	-37.0	55.0	-39.0	-12.0	6.0	10.0	-5.0	75.56
9	100.0	-22.0	-86.0	48.0	-6.0	-4.0	39.0	5.0	70.26
10	20.0	-128.0	30.0	41.0	33.0	-56.0	10.0	-47.0	57.15
11	76.0	50.0	-14.0	-18.0	23.0	-17.0	115.0	-71.0	64.21
12	-20.0	97.0	4.0	0.0	7.0	26.0	-67.0	-14.0	51.44
13	-70.0	-9.0	-11.0	-7.0	-3.0	52.0	35.0	19.0	50.79
14	127.0	23.0	-74.0	25.0	14.0	1.0	20.0	6.0	47.66
15	-1.0	70.0	-23.0	11.0	6.0	76.0	-96.0	-16.0	50.28
16	3.0	-56.0	110.0	48.0	-19.0	-3.0	-114.0	51.0	47.66
17	-57.0	127.0	-33.0	15.0	24.0	-4.0	10.0	10.0	47.85
18	23.0	-111.0	15.0	-101.0	-6.0	-3.0	-3.0	15.0	47.95
19	23.0	-103.0	45.0	-37.0	50.0	0.0	-11.0	-13.0	48.25
20	66.0	31.0	89.0	-1.0	4.0	3.0	29.0	12.0	48.76
21	80.0	-18.0	12.0	-4.0	25.0	-8.0	22.0	6.0	50.53
22	8.0	30.0	-1.0	-64.0	-40.0	29.0	-42.0	-27.0	48.25
23	-115.0	55.0	67.0	-22.0	14.0	40.0	36.0	33.0	50.53
24	96.0	29.0	100.0	31.0	19.0	-7.0	56.0	60.0	50.79
25	-62.0	59.0	-114.0	19.0	-4.0	10.0	-114.0	-12.0	57.14
26	-12.0	-102.0	121.0	53.0	-8.0	-3.0	52.0	-30.0	52.11
27	-87.0	68.0	40.0	2.0	-6.0	0.0	12.0	-35.0	52.59
28	77.0	112.0	-80.0	67.0	-8.0	-16.0	3.0	-51.0	54.25
29	127.0	74.0	46.0	-12.0	18.0	-16.0	33.0	14.0	52.59
30	6.0	2.0	46.0	101.0	-19.0	-10.0	-17.0	0.0	60.37
31	-76.0	-36.0	-128.0	-36.0	4.0	-2.0	47.0	-68.0	67.91
32	-83.0	-47.0	-10.0	3.0	-11.0	28.0	-32.0	2.0	77.37
33	-59.0	-17.0	-67.0	-70.0	-23.0	7.0	5.0	34.0	73.13
34	-78.0	127.0	5.0	46.0	5.0	3.0	-31.0	17.0	60.37
35	-42.0	-128.0	28.0	-22.0	1.0	4.0	-91.0	22.0	73.13
36	127.0	-53.0	-85.0	-21.0	2.0	-4.0	11.0	-22.0	63.72
37	-21.0	24.0	-20.0	-47.0	31.0	11.0	-5.0	-68.0	59.88
38	27.0	-50.0	127.0	25.0	-7.0	-8.0	-48.0	34.0	70.43
39	37.0	-58.0	-26.0	-22.0	17.0	0.0	7.0	8.0	57.15
40	43.0	-128.0	127.0	-3.0	46.0	-30.0	81.0	28.0	68.78
41	-109.0	25.0	-28.0	45.0	-53.0	-46.0	65.0	-16.0	59.88
42	-128.0	-128.0	12.0	-22.0	-9.0	38.0	-77.0	-15.0	64.21
43	-45.0	127.0	91.0	24.0	-13.0	9.0	18.0	-8.0	76.53
44	-3.0	82.0	-75.0	-13.0	-38.0	-9.0	-10.0	19.0	79.92
45	-18.0	-1.0	27.0	-51.0	-22.0	18.0	102.0	7.0	80.37
46	-58.0	-43.0	-6.0	-32.0	6.0	-11.0	9.0	5.0	77.4
47	123.0	-62.0	33.0	-128.0	-23.0	1.0	-15.0	2.0	79.92
48	0.0	16.0	-98.0	-17.0	4.0	-20.0	-6.0	65.0	85.45
49	-66.0	67.0	-45.0	58.0	10.0	7.0	-22.0	-19.0	77.37
50	51.0	48.0	-4.0	-68.0	-7.0	-25.0	-14.0	11.0	79.16
51	78.0	25.0	-27.0	14.0	23.0	36.0	5.0	-16.0	90.86
52	13.0	-49.0	-6.0	42.0	5.0	-13.0	0.0	-8.0	82.64
53	92.0	127.0	4.0	20.0	-6.0	12.0	11.0	-68.0	93.24
54	-72.0	60.0	-5.0	-25.0	-4.0	-10.0	-96.0	13.0	93.24
55	106.0	67.0	-25.0	75.0	-6.0	-3.0	-47.0	55.0	102.98
56	-44.0	-111.0	-38.0	14.0	-13.0	-21.0	47.0	67.0	103.99
57	39.0	-86.0	95.0	11.0	-2.0	-24.0	-12.0	-4.0	106.47
58	23.0	64.0	-50.0	3.0	-10.0	-12.0	-5.0	2.0	107.06
59	-128.0	-75.0	-17.0	-107.0	-13.0	-8.0	8.0	17.0	107.17
60	-48.0	47.0	-25.0	-43.0	4.0	5.0	13.0	26.0	106.58
61	61.0	71.0	-6.0	-42.0	12.0	17.0	-47.0	71.0	106.58
62	119.0	-26.0	-31.0	-33.0	-6.0	-9.0	-33.0	-6.0	107.06
63	-27.0	-53.0	81.0	-128.0	-32.0	-5.0	12.0	9.0	105.47
64	16.0	-27.0	82.0	5.0	7.0	42.0	57.0	10.0	106.87
65	-98.0	110.0	-56.0	69.0	-3.0	-60.0	-38.0	-42.0	102.98
66	-104.0	67.0	-13.0	121.0	4.0	12.0	-16.0	8.0	101.81
67	-63.0	-37.0	74.0	-48.0	7.0	14.0	10.0	-76.0	100.59
68	38.0	127.0	27.0	94.0	15.0	-21.0	-10.0	-9.0	102.09
69	-93.0	86.0	2.0	17.0	-5.0	-40.0	13.0	-18.0	104.72
70	127.0	20.0	36.0	-38.0	2.0	-43.0	43.0	-1.0	101.18
71	60.0	-103.0	-89.0	61.0	-58.0	11.0	8.0	14.0	104.83
72	34.0	127.0	-79.0	66.0	11.0	-35.0	10.0	-1.0	105.22
73	-27.0	-128.0	-56.0	-110.0	-3.0	6.0	92.0	0.0	105.47
74	127.0	-78.0	84.0	-16.0	5.0	26.0	-46.0	-22.0	105.22
75	-19.0	97.0	53.0	-43.0	23.0	-4.0	-96.0	-25.0	106.96
76	65.0	51.0	-15.0	-38.0	-3.0	4.0	12.0	48.0	105.4
77	45.0	-60.0	11.0	70.0	37.0	16.0	40.0	-7.0	106.11
78	127.0	-17.0	-9.0	116.0	5.0	5.0	-9.0	-1.0	100.16
79	-67.0	71.0	-25.0	-8.0	18.0	3.0	-8.0	23.0	100.16
80	-35.0	57.0	70.0	127.0	30.0	10.0	-18.0	8.0	104.82
81	-126.0	-63.0	27.0	47.0	-9.0	6.0	-47.0	8.0	102.09
82	-66.0	90.0	-37.0	127.0	-22.0	21.0	21.0	75.0	99.61
83	50.0	49.0	-47.0	38.0	41.0	-12.0	-18.0	-19.0	103.15
84	75.0	127.0	-14.0	40.0	-26.0	23.0	53.0	-77.0	93.82
