0	-18.0	-64.0	-58.0	51.0	18.0	-22.0	-29.0	-110.0	74.48
1	-76.0	126.0	-34.0	-31.0	23.0	24.0	10.0	-46.0	73.67
2	-128.0	-57.0	38.0	-24.0	-36.0	51.0	47.0	-25.0	64.15
3	83.0	-64.0	-57.0	-17.0	-20.0	20.0	112.0	45.0	61.65
4	6.0	-74.0	-8.0	101.0	-8.0	2.0	-101.0	-5.0	56.55
5	127.0	58.0	-14.0	26.0	-19.0	42.0	-78.0	-6.0	53.64
6	-67.0	113.0	-1.0	-17.0	23.0	8.0	72.0	106.0	56.55
7	55.0	22.0	-118.0	63.0	-5.0	-7.0	38.0	-51.0	59.18
8	38.0	-1.0	16.0	-19.0	5.0	25.0	81.0	-67.0	58.04
9	-128.0	-60.0	32.0	-51.0	18.0	1.0	-17.0	9.0	59.86
10	-75.0	-113.0	-41.0	1.0	-3.0	-44.0	-46.0	7.0	61.65
11	-114.0	-92.0	87.0	25.0	22.0	-30.0	-25.0	12.0	58.04
12	82.0	127.0	5.0	-40.0	24.0	18.0	-72.0	-7.0	56.55
13	-27.0	79.0	2.0	13.0	21.0	-11.0	28.0	-2.0	53.46
14	-27.0	-109.0	10.0	-9.0	7.0	28.0	36.0	28.0	46.54
15	81.0	6.0	54.0	-5.0	0.0	-15.0	-72.0	-13.0	46.38
16	95.0	127.0	59.0	-5.0	-5.0	-50.0	-106.0	-35.0	46.09
17	-34.0	-34.0	-126.0	3.0	-2.0	-32.0	96.0	12.0	41.65
18	2.0	-128.0	-72.0	17.0	-30.0	-8.0	-19.0	23.0	40.82
19	18.0	-79.0	-38.0	18.0	10.0	52.0	-4.0	-39.0	41.56
20	69.0	-33.0	-58.0	-10.0	0.0	36.0	-73.0	-6.0	40.75
21	-79.0	125.0	13.0	-47.0	-12.0	-18.0	-1.0	40.0	41.56
22	-104.0	-59.0	-45.0	88.0	47.0	-26.0	8.0	27.0	41.05
23	-89.0	-28.0	-80.0	-50.0	41.0	-26.0	10.0	-70.0	40.75
24	-104.0	-26.0	127.0	11.0	15.0	-54.0	-36.0	-61.0	41.65
25	-71.0	-54.0	47.0	-26.0	-4.0	39.0	116.0	86.0	48.41
26	84.0	-3.0	92.0	14.0	3.0	-74.0	63.0	-20.0	46.38
27	-26.0	-67.0	127.0	-41.0	3.0	-7.0	-50.0	-27.0	52.44
28	127.0	127.0	-7.0	12.0	14.0	38.0	-38.0	-36.0	53.46
29	-43.0	127.0	-23.0	14.0	19.0	-27.0	-28.0	31.0	59.3
30	-40.0	-128.0	20.0	54.0	24.0	-47.0	64.0	85.0	61.25
31	12.0	77.0	13.0	-16.0	9.0	28.0	3.0	2.0	63.49
32	-88.0	-128.0	-85.0	-50.0	11.0	-53.0	-8.0	-34.0	64.15
33	-35.0	69.0	-11.0	11.0	16.0	33.0	7.0	-57.0	70.37
34	1.0	81.0	-46.0	127.0	59.0	-35.0	6.0	12.0	73.72
35	93.0	-125.0	5.0	72.0	-6.0	11.0	-56.0	-53.0	73.72
36	-18.0	127.0	-10.0	-54.0	-37.0	21.0	-40.0	-7.0	74.48
37	40.0	-126.0	-128.0	9.0	-13.0	-3.0	5.0	3.0	81.98
38	119.0	16.0	39.0	80.0	21.0	-3.0	8.0	101.0	104.94
39	-1.0	-109.0	-14.0	-2.0	22.0	94.0	-11.0	50.0	85.25
40	-27.0	10.0	-9.0	-107.0	-1.0	-10.0	-10.0	-54.0	109.35
41	1.0	-46.0	58.0	-10.0	-42.0	-52.0	127.0	76.0	97.52
42	110.0	-4.0	-90.0	-9.0	29.0	36.0	-14.0	-3.0	79.42
43	-86.0	-110.0	-14.0	-1.0	-18.0	-75.0	-102.0	-28.0	84.27
44	-89.0	127.0	8.0	43.0	18.0	35.0	-6.0	-6.0	104.49
45	-22.0	118.0	-124.0	-4.0	-26.0	-25.0	-63.0	114.0	110.62
46	120.0	-85.0	-35.0	-78.0	0.0	21.0	127.0	-63.0	117.43
47	127.0	-63.0	35.0	-24.0	7.0	24.0	-101.0	74.0	120.7
48	31.0	81.0	-28.0	-8.0	-8.0	1.0	-14.0	-13.0	120.78
49	-128.0	117.0	-51.0	-29.0	-7.0	-128.0	5.0	49.0	118.92
50	127.0	-6.0	-128.0	-71.0	18.0	-4.0	71.0	112.0	120.0
51	-100.0	-80.0	-29.0	-1.0	-31.0	28.0	6.0	-115.0	120.31
52	-28.0	-128.0	-2.0	-34.0	-21.0	40.0	-59.0	81.0	118.14
53	127.0	-111.0	127.0	15.0	-3.0	15.0	28.0	-87.0	118.14
54	-31.0	-11.0	-61.0	-67.0	1.0	9.0	-63.0	12.0	115.67
55	96.0	-86.0	-81.0	9.0	23.0	35.0	-19.0	-32.0	109.66
56	-102.0	88.0	-5.0	96.0	2.0	-7.0	-97.0	67.0	105.36
57	-73.0	127.0	23.0	6.0	29.0	-11.0	127.0	81.0	105.89
58	26.0	127.0	127.0	-23.0	6.0	16.0	-8.0	-44.0	114.14
59	120.0	-114.0	-46.0	-81.0	6.0	-14.0	9.0	-26.0	97.52
60	-97.0	-121.0	2.0	-34.0	-2.0	69.0	17.0	22.0	104.49
61	94.0	-128.0	-21.0	8.0	-25.0	-65.0	-55.0	-67.0	105.89
62	-94.0	51.0	-9.0	7.0	-1.0	17.0	0.0	-41.0	101.28
63	-24.0	68.0	25.0	-73.0	-75.0	-14.0	32.0	91.0	89.71
64	-99.0	-105.0	-98.0	-22.0	-59.0	16.0	89.0	-46.0	84.27
65	12.0	-37.0	82.0	94.0	10.0	69.0	-10.0	19.0	105.36
66	-30.0	59.0	21.0	-6.0	-2.0	5.0	-45.0	-25.0	107.48
67	96.0	26.0	-34.0	4.0	10.0	-16.0	3.0	47.0	87.15
68	37.0	110.0	7.0	36.0	23.0	-62.0	-27.0	7.0	76.9
69	-26.0	114.0	-19.0	20.0	-12.0	-11.0	-4.0	-20.0	109.63
70	62.0	-94.0	-11.0	-57.0	-15.0	67.0	16.0	-80.0	110.0
71	65.0	35.0	3.0	5.0	20.0	-20.0	-33.0	-43.0	118.92
72	-67.0	-48.0	19.0	19.0	-13.0	63.0	54.0	11.0	120.7
73	-112.0	127.0	-2.0	116.0	13.0	-36.0	-69.0	4.0	115.67
74	127.0	-70.0	63.0	-111.0	-3.0	-23.0	-29.0	-20.0	112.83
75	31.0	127.0	-22.0	-39.0	-15.0	27.0	-7.0	63.0	114.19
76	-36.0	-75.0	51.0	-11.0	-6.0	-31.0	45.0	0.0	111.64
77	-124.0	-17.0	42.0	127.0	13.0	-8.0	38.0	-48.0	110.62
78	-30.0	121.0	-2.0	15.0	-22.0	4.0	-2.0	-54.0	85.25
79	107.0	17.0	-3.0	5.0	10.0	50.0	77.0	-25.0	91.58
80	119.0	75.0	21.0	89.0	-14.0	66.0	-27.0	-13.0	76.64
81	-51.0	21.0	-22.0	28.0	18.0	27.0	-110.0	-21.0	79.42
82	-44.0	-84.0	0.0	26.0	11.0	-43.0	27.0	127.0	76.56
83	-5.0	49.0	-70.0	-69.0	2.0	-37.0	76.0	-8.0	76.56
