0	49.0	70.0	-11.0	-59.0	3.0	22.0	-91.0	1.0	65.99
1	-26.0	-48.0	-47.0	29.0	25.0	-36.0	34.0	-5.0	75.88
2	28.0	50.0	-41.0	-105.0	7.0	-27.0	2.0	3.0	88.42
3	-66.0	77.0	56.0	-37.0	-19.0	-10.0	23.0	-18.0	88.42
4	115.0	-6.0	53.0	-8.0	-1.0	17.0	76.0	68.0	105.82
5	-14.0	-35.0	-55.0	-9.0	-1.0	-5.0	-1.0	-30.0	105.88
6	-63.0	127.0	-56.0	48.0	67.0	6.0	0.0	-50.0	104.93
7	0.0	71.0	41.0	-8.0	-2.0	-15.0	2.0	21.0	104.71
8	50.0	-6.0	9.0	3.0	-8.0	7.0	-56.0	38.0	105.82
9	62.0	57.0	119.0	68.0	-29.0	1.0	7.0	-21.0	108.88
10	-57.0	-77.0	-28.0	-3.0	11.0	0.0	-30.0	14.0	104.01
11	-68.0	-47.0	-94.0	-1.0	100.0	0.0	22.0	-53.0	105.88
12	-38.0	85.0	-92.0	62.0	-4.0	-8.0	1.0	-1.0	105.61
13	-40.0	43.0	31.0	30.0	-61.0	5.0	-92.0	8.0	109.27
14	-27.0	-32.0	-34.0	-74.0	-15.0	13.0	13.0	-25.0	108.37
15	48.0	-128.0	-31.0	49.0	0.0	-4.0	-17.0	-20.0	108.37
16	2.0	-18.0	-30.0	21.0	51.0	-15.0	8.0	2.0	108.35
17	-19.0	-45.0	14.0	64.0	-73.0	11.0	27.0	14.0	108.35
18	-128.0	79.0	5.0	-4.0	19.0	-13.0	-20.0	69.0	107.91
19	-51.0	-109.0	88.0	-87.0	-9.0	5.0	38.0	2.0	100.23
20	69.0	124.0	13.0	-54.0	33.0	4.0	-77.0	-12.0	90.33
21	76.0	107.0	-117.0	-8.0	20.0	6.0	13.0	27.0	106.98
22	51.0	127.0	5.0	-50.0	-80.0	-16.0	38.0	-35.0	100.23
23	35.0	66.0	70.0	66.0	-20.0	4.0	17.0	-21.0	107.91
24	-12.0	-109.0	-31.0	-44.0	68.0	-11.0	56.0	-1.0	107.05
25	45.0	-110.0	24.0	-70.0	-28.0	5.0	-21.0	-8.0	95.74
26	3.0	72.0	-99.0	-36.0	-3.0	4.0	110.0	-29.0	98.73
27	-94.0	127.0	-12.0	53.0	1.0	-10.0	15.0	-14.0	104.71
28	117.0	68.0	44.0	41.0	-4.0	-14.0	-64.0	-29.0	90.33
29	127.0	55.0	20.0	17.0	20.0	10.0	-32.0	2.0	95.74
30	40.0	-31.0	44.0	8.0	9.0	-41.0	1.0	33.0	103.38
31	102.0	51.0	-36.0	-42.0	-2.0	2.0	0.0	5.0	88.05
32	19.0	69.0	-15.0	92.0	2.0	-11.0	-13.0	-29.0	83.48
33	19.0	15.0	102.0	11.0	114.0	6.0	37.0	-14.0	77.25
34	54.0	-64.0	81.0	43.0	12.0	-1.0	-3.0	-20.0	67.61
35	-5.0	93.0	-8.0	-13.0	-9.0	-9.0	-33.0	-14.0	65.26
36	-87.0	14.0	16.0	-41.0	-6.0	5.0	-1.0	11.0	64.41
37	-77.0	34.0	-19.0	13.0	-16.0	23.0	-7.0	61.0	65.57
38	65.0	91.0	5.0	-15.0	18.0	-23.0	-11.0	-16.0	61.96
39	54.0	127.0	19.0	-79.0	-12.0	-15.0	-9.0	-11.0	62.17
40	0.0	59.0	-8.0	-84.0	4.0	-12.0	35.0	10.0	60.59
41	-128.0	101.0	51.0	61.0	-7.0	24.0	-31.0	-6.0	61.96
42	7.0	-26.0	-84.0	43.0	-37.0	-13.0	9.0	-6.0	57.58
43	-84.0	-62.0	31.0	-47.0	9.0	11.0	-55.0	21.0	57.97
44	-66.0	101.0	95.0	60.0	7.0	-11.0	-14.0	3.0	56.97
45	127.0	13.0	-31.0	84.0	2.0	26.0	4.0	-16.0	57.97
46	73.0	113.0	-17.0	127.0	2.0	28.0	-16.0	-4.0	59.98
47	106.0	10.0	45.0	-42.0	-6.0	-2.0	-31.0	-17.0	59.29
48	19.0	-92.0	16.0	-115.0	-3.0	46.0	-60.0	-26.0	52.9
49	-84.0	-2.0	1.0	-116.0	118.0	-6.0	3.0	-5.0	52.9
50	-41.0	-20.0	23.0	127.0	4.0	0.0	-8.0	5.0	48.85
51	-101.0	-93.0	-32.0	-5.0	9.0	6.0	4.0	6.0	50.37
52	56.0	-36.0	-115.0	-91.0	18.0	-9.0	36.0	-20.0	40.81
53	37.0	-75.0	15.0	29.0	21.0	-15.0	-72.0	-18.0	43.97
54	-102.0	-40.0	127.0	25.0	-112.0	-42.0	93.0	2.0	37.77
55	26.0	71.0	51.0	28.0	15.0	17.0	-55.0	-3.0	36.88
56	-11.0	-93.0	-62.0	127.0	-13.0	-2.0	-16.0	-35.0	36.75
57	19.0	127.0	-128.0	-4.0	-17.0	-26.0	-3.0	54.0	36.75
58	72.0	-5.0	22.0	-121.0	-1.0	20.0	13.0	17.0	37.22
59	36.0	127.0	76.0	42.0	7.0	-12.0	-2.0	27.0	50.09
60	-78.0	-99.0	-36.0	3.0	20.0	12.0	-33.0	29.0	37.61
61	-74.0	-114.0	15.0	7.0	23.0	-2.0	-2.0	-19.0	37.77
62	-114.0	-4.0	96.0	-102.0	-1.0	0.0	-1.0	-107.0	40.81
63	89.0	-62.0	5.0	58.0	-9.0	-13.0	5.0	73.0	39.12
64	-59.0	-81.0	-29.0	59.0	-49.0	-3.0	-23.0	-14.0	52.83
65	13.0	-20.0	107.0	50.0	-15.0	2.0	16.0	-2.0	37.61
66	-13.0	127.0	10.0	102.0	-9.0	4.0	-22.0	93.0	50.09
67	127.0	-54.0	23.0	-126.0	30.0	17.0	8.0	-13.0	56.07
68	-57.0	-44.0	117.0	-77.0	15.0	-5.0	15.0	-18.0	56.97
69	-7.0	127.0	-47.0	-9.0	14.0	22.0	-34.0	-28.0	56.07
70	104.0	127.0	-2.0	-25.0	13.0	12.0	1.0	-3.0	64.41
71	0.0	28.0	98.0	20.0	25.0	4.0	-27.0	27.0	65.93
72	-56.0	127.0	2.0	44.0	-40.0	-14.0	-5.0	-41.0	65.93
73	-49.0	46.0	32.0	-20.0	-5.0	33.0	51.0	71.0	69.1
74	1.0	127.0	70.0	108.0	0.0	1.0	-22.0	2.0	80.28
75	56.0	110.0	2.0	-4.0	-12.0	6.0	-18.0	27.0	73.38
76	-9.0	-35.0	13.0	38.0	-36.0	5.0	-25.0	-3.0	67.61
77	-55.0	107.0	3.0	-98.0	-10.0	22.0	-19.0	-30.0	79.67
78	4.0	-91.0	-23.0	50.0	19.0	-19.0	-13.0	62.0	83.77
79	49.0	21.0	-53.0	89.0	-2.0	-9.0	49.0	-5.0	83.48
80	86.0	-68.0	25.0	-38.0	-38.0	-12.0	-40.0	-39.0	85.95
81	63.0	93.0	94.0	37.0	-8.0	4.0	10.0	-14.0	80.28
82	21.0	23.0	5.0	74.0	-14.0	5.0	96.0	8.0	71.59
83	25.0	29.0	-7.0	-42.0	3.0	38.0	76.0	-3.0	79.67
84	-1.0	-82.0	-40.0	-57.0	9.0	8.0	-24.0	9.0	69.1
85	104.0	-30.0	40.0	-45.0	10.0	-5.0	-3.0	41.0	70.98
86	57.0	-95.0	81.0	7.0	-49.0	4.0	-44.0	-11.0	65.99
