0	27.0	-2.0	50.0	-20.0	4.0	-8.0	-3.0	-4.0	58.65
1	80.0	50.0	25.0	13.0	-2.0	-15.0	5.0	4.0	61.36
2	2.0	88.0	94.0	-31.0	27.0	3.0	-1.0	9.0	63.81
3	127.0	-87.0	89.0	-16.0	-6.0	12.0	-14.0	-20.0	66.84
4	-83.0	-60.0	9.0	-17.0	-14.0	-13.0	2.0	7.0	69.78
5	-89.0	-46.0	-37.0	-128.0	-22.0	0.0	6.0	-5.0	53.4
6	33.0	26.0	25.0	29.0	-1.0	3.0	-21.0	5.0	55.93
7	86.0	106.0	-34.0	-5.0	30.0	-5.0	-18.0	17.0	56.6
8	-77.0	-52.0	-36.0	-28.0	-2.0	13.0	21.0	21.0	63.88
9	-14.0	73.0	95.0	-62.0	-7.0	15.0	-20.0	8.0	68.01
10	23.0	-99.0	-6.0	-11.0	9.0	-13.0	20.0	10.0	70.25
11	-85.0	25.0	-56.0	-22.0	-67.0	13.0	-8.0	-19.0	73.22
12	80.0	60.0	-32.0	29.0	-34.0	-2.0	-3.0	1.0	68.01
13	51.0	-26.0	-22.0	-23.0	3.0	1.0	-1.0	1.0	82.88
14	0.0	110.0	-58.0	16.0	31.0	-3.0	8.0	16.0	73.12
15	8.0	67.0	78.0	86.0	2.0	3.0	0.0	-8.0	73.22
16	120.0	-91.0	-76.0	-34.0	39.0	9.0	3.0	12.0	78.12
17	26.0	-89.0	-45.0	-70.0	-18.0	8.0	2.0	-9.0	83.33
18	91.0	51.0	-54.0	-26.0	-14.0	-7.0	-28.0	-25.0	83.4
19	-87.0	21.0	11.0	-41.0	-11.0	-1.0	26.0	2.0	84.68
20	-22.0	-72.0	41.0	127.0	-2.0	7.0	-4.0	38.0	92.07
21	-83.0	84.0	-29.0	34.0	-13.0	7.0	7.0	6.0	97.7
22	-72.0	-10.0	17.0	-16.0	-5.0	2.0	4.0	31.0	100.0
23	83.0	-56.0	-103.0	-60.0	-10.0	-15.0	-3.0	7.0	101.84
24	-42.0	-45.0	2.0	-27.0	-4.0	18.0	19.0	-19.0	99.99
25	51.0	-83.0	-27.0	75.0	-8.0	0.0	-14.0	-2.0	101.84
26	-1.0	-99.0	29.0	-31.0	-57.0	7.0	-6.0	1.0	102.43
27	-8.0	-25.0	10.0	-39.0	-8.0	-14.0	9.0	-1.0	102.57
28	-12.0	-81.0	10.0	-82.0	10.0	2.0	3.0	-16.0	102.82
29	37.0	105.0	-43.0	98.0	24.0	-2.0	6.0	0.0	102.43
30	-72.0	-49.0	45.0	-12.0	-9.0	-10.0	13.0	-6.0	100.75
31	-27.0	-113.0	56.0	-71.0	-14.0	1.0	-7.0	29.0	100.76
32	-36.0	72.0	-20.0	29.0	47.0	10.0	0.0	11.0	102.82
33	48.0	-45.0	-46.0	31.0	-19.0	6.0	23.0	20.0	102.26
34	-42.0	-119.0	-63.0	88.0	-8.0	-1.0	-4.0	-7.0	102.2
35	-4.0	107.0	-119.0	35.0	53.0	-4.0	3.0	-5.0	100.0
36	-114.0	-128.0	54.0	89.0	-19.0	-10.0	1.0	32.0	99.99
37	77.0	-69.0	42.0	-7.0	-5.0	7.0	11.0	-56.0	93.73
38	-33.0	-45.0	30.0	28.0	10.0	18.0	1.0	51.0	95.68
39	100.0	69.0	-79.0	-40.0	2.0	-18.0	-1.0	-11.0	96.98
40	-46.0	-44.0	-107.0	-29.0	-3.0	7.0	4.0	-15.0	95.68
41	28.0	127.0	39.0	-25.0	-19.0	-6.0	16.0	-3.0	95.38
42	-5.0	-128.0	14.0	-12.0	-18.0	3.0	-5.0	-2.0	89.38
43	-124.0	-55.0	-24.0	76.0	-21.0	-15.0	1.0	-22.0	98.95
44	-10.0	28.0	-71.0	31.0	18.0	0.0	7.0	-2.0	99.29
45	-104.0	-128.0	-123.0	-4.0	25.0	-5.0	6.0	8.0	100.75
46	-128.0	91.0	62.0	-53.0	49.0	8.0	-14.0	27.0	102.14
47	-2.0	-99.0	127.0	6.0	38.0	-7.0	-13.0	-3.0	98.95
48	-28.0	110.0	-37.0	63.0	4.0	-10.0	7.0	-11.0	93.73
49	96.0	114.0	84.0	-30.0	-40.0	11.0	2.0	5.0	96.66
50	-21.0	-91.0	-11.0	62.0	-1.0	-14.0	-6.0	23.0	97.32
51	-13.0	-50.0	-55.0	22.0	8.0	18.0	7.0	-20.0	89.38
52	-62.0	-20.0	50.0	-101.0	12.0	1.0	6.0	6.0	83.4
53	-27.0	54.0	-124.0	-30.0	-4.0	-7.0	16.0	3.0	76.96
54	-42.0	52.0	4.0	6.0	-14.0	4.0	-8.0	-22.0	83.33
55	56.0	127.0	10.0	70.0	13.0	-7.0	-13.0	4.0	88.66
56	-104.0	31.0	-1.0	2.0	8.0	0.0	-17.0	-12.0	82.88
57	-128.0	-45.0	90.0	67.0	26.0	-16.0	13.0	-4.0	92.07
58	80.0	-90.0	7.0	44.0	38.0	-9.0	-18.0	4.0	81.57
59	-107.0	-101.0	21.0	-49.0	7.0	-7.0	-3.0	-11.0	80.01
60	17.0	73.0	46.0	-14.0	-49.0	2.0	-8.0	-1.0	78.55
61	-36.0	18.0	42.0	-43.0	49.0	5.0	-2.0	-14.0	78.55
62	-2.0	-54.0	-5.0	-7.0	-13.0	0.0	6.0	-16.0	76.57
63	-50.0	-1.0	74.0	-14.0	-19.0	-22.0	6.0	16.0	76.96
64	107.0	97.0	29.0	-2.0	-6.0	17.0	19.0	-1.0	70.25
65	83.0	54.0	34.0	13.0	-10.0	12.0	-11.0	-12.0	58.65
66	59.0	-65.0	-16.0	64.0	19.0	-15.0	7.0	-7.0	56.6
67	-14.0	-48.0	-126.0	-41.0	13.0	6.0	-1.0	16.0	51.83
68	-38.0	88.0	-5.0	-128.0	60.0	-9.0	1.0	0.0	48.77
69	-10.0	50.0	8.0	-65.0	20.0	-8.0	-3.0	-20.0	48.06
70	-78.0	-75.0	-7.0	127.0	22.0	6.0	1.0	-22.0	47.61
71	51.0	122.0	12.0	86.0	-4.0	-9.0	-18.0	-1.0	42.64
72	90.0	115.0	99.0	79.0	-5.0	-7.0	18.0	6.0	42.64
73	30.0	-93.0	-97.0	11.0	-15.0	1.0	-23.0	3.0	45.11
74	-55.0	84.0	-8.0	-9.0	-6.0	-3.0	-15.0	27.0	48.74
75	22.0	127.0	8.0	-73.0	4.0	3.0	7.0	24.0	48.74
76	94.0	-21.0	77.0	32.0	2.0	-14.0	0.0	-15.0	48.67
77	6.0	61.0	-68.0	94.0	-21.0	-4.0	20.0	-21.0	45.1
78	24.0	-61.0	64.0	56.0	-35.0	-10.0	0.0	-5.0	41.85
79	-17.0	70.0	-14.0	-34.0	-19.0	-1.0	1.0	22.0	41.24
80	107.0	74.0	36.0	-48.0	18.0	-14.0	1.0	-6.0	41.85
81	-47.0	-61.0	-121.0	-68.0	12.0	19.0	4.0	8.0	40.98
82	67.0	22.0	-128.0	-64.0	13.0	3.0	0.0	-20.0	48.67
83	39.0	-89.0	-17.0	-46.0	-10.0	-2.0	4.0	-1.0	45.1
84	74.0	127.0	-43.0	38.0	-14.0	22.0	-16.0	17.0	50.34
85	3.0	32.0	92.0	-30.0	-13.0	3.0	-4.0	1.0	53.4
86	91.0	64.0	-8.0	-28.0	-10.0	5.0	0.0	29.0	50.34
87	65.0	0.0	-1.0	-1.0	15.0	-5.0	-1.0	5.0	58.38
