0	74.0	104.0	-7.0	28.0	-25.0	-2.0	-42.0	-15.0	65.21
1	100.0	-128.0	89.0	8.0	-17.0	33.0	-6.0	-9.0	63.7
2	42.0	127.0	48.0	4.0	1.0	-28.0	46.0	24.0	59.53
3	98.0	73.0	-3.0	-44.0	-12.0	21.0	-10.0	-2.0	61.85
4	11.0	-128.0	29.0	-128.0	31.0	-7.0	-61.0	-3.0	56.59
5	-41.0	-19.0	-64.0	-64.0	-15.0	-8.0	-62.0	-85.0	36.13
6	-33.0	-83.0	-49.0	42.0	12.0	-18.0	62.0	-20.0	36.19
7	18.0	65.0	-31.0	-8.0	16.0	15.0	-25.0	-6.0	35.86
8	96.0	62.0	-4.0	-7.0	28.0	-15.0	31.0	-41.0	35.55
9	-112.0	66.0	30.0	74.0	-39.0	-10.0	23.0	-26.0	35.74
10	-80.0	-117.0	74.0	-16.0	16.0	-20.0	-20.0	-1.0	35.85
11	-1.0	-72.0	-8.0	9.0	-25.0	-31.0	-8.0	-20.0	35.74
12	25.0	37.0	-128.0	37.0	-6.0	-9.0	117.0	19.0	36.25
13	-3.0	-55.0	-55.0	82.0	-3.0	12.0	36.0	-6.0	36.19
14	-128.0	48.0	-22.0	2.0	-65.0	-4.0	-11.0	37.0	46.42
15	84.0	117.0	41.0	120.0	7.0	4.0	-128.0	-22.0	45.8
16	-94.0	-8.0	76.0	85.0	-11.0	27.0	104.0	-4.0	56.59
17	-9.0	2.0	93.0	-32.0	-51.0	12.0	67.0	5.0	48.06
18	-81.0	82.0	-24.0	22.0	-23.0	14.0	-53.0	-6.0	58.01
19	15.0	104.0	-34.0	10.0	-3.0	-11.0	42.0	-64.0	50.54
20	20.0	2.0	-29.0	-8.0	-47.0	3.0	38.0	-36.0	59.89
21	126.0	104.0	127.0	-13.0	16.0	-17.0	22.0	-87.0	59.89
22	-49.0	-51.0	-14.0	-128.0	-22.0	-17.0	-4.0	1.0	62.15
23	66.0	44.0	-30.0	3.0	39.0	-1.0	-56.0	6.0	67.2
24	34.0	-71.0	3.0	-46.0	12.0	-18.0	60.0	-4.0	72.85
25	16.0	-106.0	5.0	-93.0	-20.0	13.0	26.0	1.0	78.44
26	46.0	5.0	-27.0	10.0	-39.0	12.0	-51.0	-2.0	70.66
27	-103.0	94.0	49.0	72.0	3.0	2.0	82.0	10.0	77.22
28	96.0	-62.0	-26.0	-22.0	25.0	-23.0	-89.0	-15.0	69.21
29	4.0	18.0	-23.0	-39.0	14.0	15.0	-77.0	-36.0	80.46
30	10.0	-27.0	-5.0	94.0	-24.0	38.0	-12.0	27.0	96.21
31	-48.0	106.0	-66.0	24.0	0.0	-12.0	-1.0	-4.0	96.84
32	1.0	35.0	76.0	46.0	49.0	-27.0	23.0	-11.0	98.64
33	-22.0	-7.0	-79.0	-20.0	-8.0	4.0	-30.0	20.0	88.76
34	-75.0	-65.0	-63.0	70.0	-16.0	6.0	10.0	-103.0	100.35
35	53.0	15.0	21.0	-15.0	-34.0	13.0	4.0	3.0	96.21
36	85.0	-103.0	-20.0	-11.0	0.0	23.0	7.0	-36.0	98.64
37	-121.0	48.0	-71.0	-58.0	-4.0	-31.0	-14.0	-13.0	104.03
38	-25.0	55.0	33.0	40.0	14.0	8.0	-31.0	34.0	104.53
39	109.0	31.0	-101.0	100.0	-2.0	-20.0	-24.0	-46.0	109.01
40	-21.0	42.0	-13.0	10.0	-58.0	-9.0	-16.0	-25.0	109.34
41	79.0	127.0	105.0	12.0	-6.0	17.0	-6.0	17.0	109.01
42	-26.0	-11.0	-100.0	73.0	31.0	-28.0	-111.0	-33.0	109.2
43	-97.0	13.0	-35.0	-30.0	-24.0	10.0	8.0	8.0	108.11
44	-10.0	-104.0	50.0	39.0	8.0	-15.0	43.0	-4.0	109.6
45	103.0	6.0	-124.0	63.0	24.0	-8.0	-1.0	-32.0	109.2
46	-104.0	75.0	-92.0	-35.0	6.0	1.0	8.0	-49.0	107.19
47	-7.0	112.0	43.0	-34.0	-18.0	-21.0	15.0	32.0	104.72
48	61.0	-78.0	-20.0	50.0	-8.0	19.0	-92.0	23.0	104.53
49	-128.0	-128.0	102.0	-6.0	14.0	-12.0	19.0	-16.0	104.52
50	0.0	55.0	-108.0	8.0	3.0	5.0	-10.0	68.0	104.52
51	103.0	-14.0	-13.0	-83.0	19.0	13.0	-24.0	-66.0	107.19
52	60.0	96.0	-107.0	-81.0	29.0	-2.0	20.0	-52.0	107.19
53	10.0	-37.0	16.0	87.0	8.0	-17.0	-42.0	-36.0	108.08
54	-10.0	-52.0	77.0	-113.0	-10.0	-47.0	-29.0	-8.0	107.32
55	28.0	-100.0	12.0	53.0	-3.0	11.0	-5.0	-26.0	107.19
56	20.0	127.0	22.0	50.0	-10.0	-6.0	1.0	-27.0	105.63
57	-14.0	-79.0	-45.0	-33.0	25.0	3.0	-18.0	9.0	101.71
58	92.0	49.0	112.0	39.0	-8.0	6.0	-25.0	2.0	97.3
59	-12.0	23.0	-45.0	6.0	28.0	-22.0	-66.0	80.0	101.71
60	66.0	-128.0	20.0	-1.0	6.0	-4.0	-31.0	-45.0	82.19
61	1.0	-31.0	77.0	47.0	-2.0	-10.0	-8.0	30.0	85.69
62	57.0	35.0	-44.0	44.0	5.0	11.0	5.0	-17.0	91.53
63	-7.0	75.0	-87.0	-128.0	40.0	-5.0	29.0	-36.0	80.81
64	20.0	74.0	-50.0	-94.0	-6.0	8.0	-10.0	3.0	80.46
65	9.0	9.0	4.0	21.0	-14.0	-8.0	-2.0	-74.0	73.72
66	74.0	-127.0	-125.0	-50.0	-19.0	13.0	54.0	16.0	69.21
67	-26.0	48.0	-13.0	34.0	-7.0	-8.0	-2.0	78.0	78.44
68	-60.0	-1.0	-41.0	-23.0	-4.0	16.0	95.0	23.0	69.96
69	57.0	105.0	-55.0	-104.0	0.0	-15.0	-87.0	3.0	72.85
70	-63.0	57.0	-29.0	55.0	-15.0	2.0	-48.0	14.0	67.2
71	60.0	-58.0	-19.0	-11.0	10.0	-11.0	0.0	-35.0	40.18
72	29.0	59.0	-7.0	-97.0	-3.0	15.0	-5.0	24.0	38.11
73	-30.0	-40.0	3.0	-61.0	-6.0	-7.0	13.0	24.0	35.85
74	43.0	-31.0	13.0	43.0	0.0	5.0	-15.0	-46.0	37.15
75	36.0	-30.0	-22.0	24.0	60.0	13.0	-61.0	-11.0	45.8
76	99.0	91.0	-46.0	7.0	18.0	-11.0	3.0	80.0	37.15
77	19.0	82.0	-97.0	-40.0	-2.0	-25.0	-4.0	-3.0	48.06
78	-38.0	-31.0	9.0	-86.0	27.0	7.0	21.0	-42.0	40.18
79	-125.0	76.0	55.0	50.0	24.0	9.0	8.0	24.0	55.84
80	93.0	76.0	35.0	-37.0	-14.0	-13.0	-3.0	-21.0	65.0
81	59.0	127.0	49.0	9.0	-18.0	-23.0	99.0	34.0	61.31
82	69.0	82.0	35.0	118.0	13.0	17.0	3.0	-25.0	58.96
83	-30.0	-96.0	-22.0	-56.0	-32.0	1.0	25.0	-3.0	69.74
84	-15.0	-50.0	15.0	-121.0	0.0	-33.0	70.0	38.0	61.31
85	-38.0	-41.0	-98.0	-63.0	-56.0	-12.0	92.0	-27.0	61.85
