0	66.0	51.0	-65.0	69.0	25.0	9.0	-6.0	16.0	91.21
1	-6.0	111.0	-43.0	-83.0	-73.0	-4.0	-6.0	-31.0	88.97
2	-128.0	-88.0	10.0	26.0	53.0	1.0	-27.0	5.0	94.0
3	13.0	-57.0	56.0	28.0	-23.0	28.0	-10.0	-21.0	93.79
4	-78.0	-110.0	-46.0	75.0	-2.0	-5.0	-41.0	13.0	94.09
5	12.0	23.0	24.0	6.0	-10.0	15.0	28.0	26.0	94.0
6	-35.0	-48.0	75.0	0.0	-16.0	-4.0	-25.0	-38.0	94.15
7	42.0	-28.0	-128.0	-90.0	-18.0	4.0	-18.0	-38.0	94.09
8	-97.0	-101.0	11.0	-30.0	-2.0	39.0	19.0	-20.0	94.08
9	127.0	77.0	79.0	-43.0	-7.0	-6.0	-44.0	90.0	93.07
10	16.0	-63.0	-128.0	75.0	-25.0	25.0	-22.0	-51.0	86.69
11	-8.0	12.0	-47.0	109.0	1.0	0.0	-37.0	5.0	89.94
12	57.0	76.0	-53.0	90.0	-18.0	-5.0	15.0	-16.0	89.94
13	-87.0	-114.0	-16.0	-95.0	-23.0	127.0	-22.0	6.0	93.07
14	-80.0	-92.0	72.0	51.0	13.0	3.0	-25.0	-4.0	92.76
15	-32.0	48.0	-27.0	-32.0	-21.0	13.0	-34.0	-19.0	85.38
16	-25.0	50.0	36.0	-70.0	56.0	-10.0	-22.0	-13.0	80.58
17	89.0	48.0	51.0	51.0	-18.0	33.0	56.0	-30.0	76.36
18	-18.0	70.0	50.0	2.0	-2.0	-2.0	-29.0	18.0	75.2
19	53.0	-68.0	-57.0	-1.0	1.0	-3.0	-21.0	-3.0	73.89
20	35.0	-74.0	57.0	-9.0	-49.0	1.0	49.0	6.0	76.36
21	-10.0	-75.0	-14.0	42.0	25.0	4.0	-44.0	36.0	69.51
22	-58.0	-111.0	-19.0	-6.0	-12.0	14.0	8.0	-44.0	73.89
23	43.0	68.0	-32.0	-40.0	13.0	-6.0	-27.0	13.0	69.51
24	-100.0	-107.0	-50.0	-41.0	-10.0	0.0	13.0	-10.0	66.31
25	38.0	26.0	8.0	45.0	-20.0	3.0	27.0	-25.0	65.96
26	12.0	-85.0	25.0	53.0	-7.0	-11.0	-44.0	-58.0	63.6
27	-35.0	94.0	43.0	-57.0	-23.0	-14.0	95.0	-36.0	55.86
28	-36.0	-12.0	109.0	-7.0	-25.0	-24.0	22.0	20.0	54.19
29	-52.0	-17.0	82.0	-82.0	26.0	-27.0	-29.0	-15.0	51.28
30	-114.0	-105.0	-93.0	24.0	13.0	-12.0	1.0	-19.0	61.58
31	33.0	-71.0	47.0	-33.0	-9.0	-18.0	-8.0	67.0	60.49
32	-100.0	-96.0	9.0	-27.0	3.0	-20.0	2.0	6.0	62.56
33	-9.0	110.0	-65.0	-13.0	24.0	0.0	9.0	-7.0	63.47
34	-1.0	-23.0	-28.0	-49.0	-9.0	7.0	-15.0	6.0	61.84
35	14.0	89.0	-127.0	-28.0	-11.0	-30.0	5.0	-1.0	63.47
36	3.0	31.0	-23.0	-81.0	5.0	-5.0	-14.0	-10.0	63.21
37	-46.0	76.0	2.0	76.0	-43.0	-16.0	-43.0	-18.0	57.92
38	127.0	-37.0	31.0	-113.0	72.0	5.0	-13.0	-19.0	63.21
39	-36.0	-86.0	127.0	-1.0	-12.0	-17.0	14.0	16.0	59.73
40	-20.0	109.0	5.0	-1.0	3.0	-3.0	-116.0	-10.0	51.09
41	78.0	-112.0	-39.0	-55.0	16.0	13.0	17.0	2.0	54.19
42	63.0	127.0	-47.0	32.0	10.0	-18.0	-14.0	10.0	49.52
43	-128.0	123.0	30.0	4.0	-44.0	8.0	75.0	-30.0	51.09
44	3.0	-2.0	70.0	-11.0	-7.0	-30.0	23.0	-36.0	50.0
45	-49.0	35.0	21.0	-59.0	10.0	9.0	-20.0	-13.0	52.39
46	2.0	-128.0	-128.0	-3.0	27.0	-21.0	-25.0	10.0	50.0
47	-71.0	95.0	127.0	73.0	-13.0	-11.0	40.0	51.0	44.63
48	-2.0	-110.0	83.0	-57.0	-16.0	15.0	-37.0	10.0	40.92
49	85.0	0.0	-65.0	-26.0	13.0	11.0	-17.0	13.0	40.67
50	-102.0	-9.0	37.0	22.0	-13.0	-19.0	18.0	10.0	40.37
51	-57.0	110.0	-128.0	-16.0	-2.0	-19.0	4.0	-30.0	40.37
52	101.0	-118.0	-14.0	37.0	-54.0	-8.0	113.0	33.0	40.44
53	-106.0	68.0	8.0	18.0	-5.0	4.0	-3.0	15.0	40.92
54	-43.0	-35.0	52.0	54.0	4.0	-7.0	-20.0	-5.0	44.63
55	-40.0	35.0	-17.0	56.0	-13.0	22.0	-56.0	-28.0	41.67
56	-111.0	34.0	7.0	-81.0	10.0	-5.0	-6.0	-11.0	57.57
57	20.0	-115.0	-7.0	101.0	-4.0	0.0	-4.0	-14.0	60.49
58	84.0	97.0	-36.0	25.0	3.0	-14.0	11.0	6.0	57.57
59	20.0	-45.0	-9.0	-6.0	-36.0	-3.0	-48.0	-8.0	59.12
60	110.0	87.0	37.0	12.0	1.0	-39.0	6.0	-13.0	61.58
61	21.0	37.0	-126.0	9.0	12.0	25.0	-2.0	79.0	64.2
62	12.0	-87.0	-71.0	-33.0	44.0	4.0	-13.0	0.0	66.31
63	-73.0	51.0	80.0	67.0	-16.0	-25.0	-9.0	4.0	64.51
64	-84.0	-66.0	127.0	26.0	-8.0	-7.0	16.0	42.0	64.2
65	-128.0	45.0	40.0	-56.0	-25.0	-6.0	2.0	-23.0	65.96
66	19.0	42.0	31.0	-53.0	-1.0	-9.0	17.0	-36.0	65.11
67	18.0	-24.0	-128.0	32.0	-16.0	-8.0	-95.0	-26.0	68.26
68	52.0	52.0	50.0	54.0	12.0	6.0	51.0	-3.0	67.18
69	63.0	-120.0	-77.0	70.0	82.0	-31.0	34.0	8.0	69.2
70	16.0	-126.0	-90.0	53.0	40.0	35.0	-26.0	-1.0	75.2
71	116.0	-68.0	-8.0	-28.0	126.0	-13.0	52.0	4.0	77.32
72	-37.0	121.0	43.0	-36.0	15.0	13.0	13.0	-5.0	85.38
73	-77.0	-103.0	-61.0	127.0	-1.0	-24.0	27.0	-2.0	77.84
74	17.0	127.0	66.0	-54.0	0.0	10.0	-8.0	-25.0	81.17
75	-62.0	40.0	-78.0	72.0	21.0	5.0	-10.0	-3.0	86.08
76	75.0	93.0	111.0	-23.0	-8.0	-7.0	19.0	-54.0	92.76
77	-54.0	-41.0	26.0	-128.0	5.0	-1.0	-13.0	-3.0	85.41
78	31.0	-116.0	45.0	45.0	22.0	1.0	8.0	27.0	85.4
79	-128.0	68.0	-12.0	-49.0	-9.0	-21.0	-110.0	-18.0	84.72
80	-46.0	79.0	48.0	-42.0	-4.0	-21.0	103.0	-2.0	79.0
81	-97.0	-106.0	-1.0	-47.0	26.0	18.0	7.0	-18.0	82.63
82	103.0	-40.0	-63.0	86.0	45.0	1.0	4.0	3.0	84.72
83	127.0	-81.0	-99.0	-28.0	-18.0	-10.0	-11.0	-19.0	82.01
84	44.0	85.0	-89.0	85.0	-4.0	-11.0	-9.0	7.0	84.19
85	-15.0	-73.0	37.0	-26.0	-18.0	56.0	-80.0	-56.0	80.58
86	40.0	-95.0	-20.0	-43.0	61.0	4.0	15.0	4.0	91.71
87	-112.0	32.0	36.0	0.0	100.0	11.0	-15.0	-18.0	86.69
88	18.0	111.0	3.0	-109.0	-41.0	-10.0	-12.0	10.0	86.08
