0	52.0	-128.0	40.0	-91.0	1.0	26.0	-3.0	-7.0	77.43
1	-112.0	57.0	2.0	-10.0	8.0	-30.0	-2.0	-2.0	82.12
2	27.0	-59.0	54.0	-26.0	-1.0	12.0	-73.0	-17.0	66.79
3	75.0	-119.0	79.0	-29.0	9.0	-20.0	-45.0	4.0	66.11
4	9.0	95.0	5.0	-39.0	-29.0	-4.0	48.0	19.0	69.16
5	-128.0	-60.0	-67.0	11.0	33.0	24.0	20.0	19.0	64.17
6	-48.0	7.0	-3.0	-117.0	3.0	10.0	7.0	-7.0	66.9
7	25.0	-90.0	24.0	74.0	-7.0	15.0	-74.0	12.0	71.77
8	-99.0	127.0	-43.0	125.0	1.0	-32.0	10.0	-6.0	82.96
9	116.0	-98.0	92.0	-16.0	-34.0	-1.0	14.0	-2.0	77.85
10	127.0	-5.0	62.0	-14.0	-30.0	6.0	2.0	-7.0	81.56
11	-74.0	100.0	-110.0	16.0	21.0	-8.0	7.0	21.0	86.43
12	71.0	52.0	127.0	-63.0	1.0	5.0	30.0	-38.0	103.97
13	8.0	63.0	-2.0	-13.0	-18.0	13.0	43.0	38.0	106.44
14	-128.0	5.0	-64.0	-27.0	3.0	7.0	-33.0	1.0	113.59
15	97.0	-83.0	33.0	1.0	31.0	-9.0	75.0	11.0	116.89
16	-74.0	-93.0	-98.0	-13.0	-1.0	1.0	0.0	-15.0	121.67
17	-5.0	-128.0	109.0	-84.0	-1.0	18.0	9.0	9.0	123.25
18	7.0	60.0	42.0	27.0	14.0	-32.0	-4.0	-11.0	123.17
19	14.0	-89.0	-56.0	26.0	0.0	-49.0	47.0	19.0	123.31
20	4.0	58.0	-7.0	22.0	-22.0	4.0	34.0	-50.0	123.25
21	52.0	-73.0	-59.0	-61.0	-12.0	5.0	2.0	-16.0	119.46
22	-93.0	-49.0	-11.0	5.0	9.0	4.0	-123.0	27.0	120.64
23	15.0	-49.0	78.0	-81.0	1.0	-33.0	6.0	-47.0	121.67
24	-96.0	127.0	110.0	-74.0	0.0	12.0	17.0	22.0	119.46
25	-75.0	54.0	-41.0	-42.0	-3.0	-20.0	93.0	0.0	123.17
26	-39.0	-7.0	-8.0	42.0	2.0	1.0	11.0	23.0	121.22
27	28.0	57.0	54.0	121.0	-32.0	-15.0	-29.0	22.0	122.53
28	-49.0	-43.0	13.0	43.0	9.0	-4.0	-25.0	-25.0	119.39
29	15.0	80.0	28.0	-32.0	-1.0	-25.0	21.0	-40.0	122.55
30	72.0	101.0	68.0	-128.0	-13.0	29.0	4.0	28.0	118.14
31	6.0	-112.0	-119.0	45.0	-2.0	17.0	-4.0	4.0	119.39
32	124.0	-22.0	-29.0	-82.0	27.0	-16.0	6.0	3.0	115.28
33	51.0	-71.0	-16.0	74.0	8.0	-5.0	-36.0	15.0	115.28
34	-38.0	36.0	-27.0	-78.0	-21.0	3.0	13.0	11.0	109.77
35	57.0	-128.0	-30.0	63.0	2.0	46.0	0.0	-4.0	107.1
36	-96.0	24.0	7.0	-15.0	6.0	-31.0	-17.0	-23.0	107.92
37	-53.0	127.0	-96.0	-10.0	63.0	23.0	-11.0	8.0	111.66
38	2.0	-61.0	46.0	-73.0	-37.0	-1.0	-11.0	-12.0	109.77
39	-75.0	-80.0	-67.0	46.0	-12.0	3.0	-47.0	10.0	116.51
40	6.0	-128.0	-42.0	82.0	16.0	-5.0	15.0	-48.0	107.92
41	-9.0	-44.0	-14.0	-47.0	-13.0	7.0	-5.0	-9.0	113.57
42	-29.0	86.0	-10.0	3.0	-13.0	17.0	5.0	-4.0	109.77
43	96.0	41.0	58.0	4.0	28.0	30.0	-24.0	-6.0	105.4
44	48.0	127.0	31.0	-74.0	-9.0	6.0	55.0	-14.0	100.89
45	104.0	-107.0	-19.0	-39.0	1.0	-24.0	-57.0	-11.0	103.97
46	-128.0	113.0	45.0	-128.0	15.0	-8.0	-44.0	16.0	82.12
47	121.0	-105.0	-23.0	40.0	-19.0	7.0	12.0	7.0	92.93
48	58.0	-88.0	-38.0	31.0	1.0	24.0	-27.0	-12.0	83.15
49	37.0	127.0	-18.0	-20.0	-1.0	43.0	44.0	-34.0	95.76
50	66.0	-51.0	96.0	9.0	-17.0	-47.0	-41.0	6.0	86.94
51	-3.0	121.0	103.0	8.0	13.0	35.0	-18.0	-3.0	84.25
52	7.0	1.0	-66.0	-79.0	-15.0	-10.0	12.0	-30.0	90.28
53	-105.0	-122.0	-2.0	102.0	-17.0	-2.0	5.0	11.0	86.43
54	119.0	53.0	-52.0	105.0	27.0	12.0	11.0	-4.0	99.67
55	29.0	-88.0	32.0	-76.0	-18.0	-14.0	26.0	11.0	84.25
56	-128.0	20.0	-41.0	-20.0	-10.0	-5.0	44.0	22.0	95.76
57	33.0	-97.0	41.0	103.0	23.0	26.0	5.0	-8.0	77.43
58	-64.0	-88.0	-23.0	-29.0	34.0	0.0	-4.0	36.0	76.08
59	102.0	127.0	3.0	3.0	-4.0	-52.0	8.0	-10.0	66.79
60	-90.0	-15.0	-5.0	-49.0	38.0	-8.0	-47.0	-2.0	63.16
61	127.0	58.0	-88.0	-94.0	2.0	-30.0	63.0	-11.0	63.1
62	-73.0	-14.0	3.0	-35.0	86.0	-24.0	-73.0	9.0	58.31
63	-108.0	100.0	-11.0	-7.0	-7.0	-16.0	-24.0	-22.0	54.68
64	8.0	127.0	38.0	-22.0	-10.0	26.0	-34.0	-35.0	52.78
65	102.0	36.0	31.0	-14.0	-4.0	1.0	-19.0	-50.0	50.92
66	-43.0	10.0	20.0	-52.0	-8.0	7.0	-4.0	5.0	50.92
67	-38.0	-118.0	-19.0	49.0	16.0	11.0	9.0	61.0	49.48
68	110.0	-46.0	-4.0	30.0	2.0	8.0	42.0	-13.0	49.59
69	-8.0	-40.0	-124.0	-53.0	21.0	8.0	-16.0	3.0	49.59
70	113.0	-35.0	11.0	35.0	-12.0	-36.0	-62.0	34.0	52.38
71	59.0	-53.0	127.0	79.0	15.0	-4.0	40.0	-6.0	54.68
72	-27.0	-8.0	29.0	59.0	-47.0	-7.0	0.0	41.0	51.18
73	127.0	104.0	40.0	48.0	-36.0	19.0	-18.0	4.0	51.18
74	-105.0	-2.0	-1.0	87.0	12.0	27.0	44.0	-10.0	49.8
75	-17.0	127.0	11.0	20.0	6.0	43.0	5.0	-18.0	50.15
76	28.0	-81.0	-50.0	-18.0	-9.0	10.0	-2.0	12.0	54.37
77	-106.0	-35.0	-76.0	41.0	-18.0	-17.0	-36.0	-43.0	58.31
78	65.0	96.0	67.0	-33.0	30.0	19.0	-20.0	-20.0	62.61
79	-6.0	-4.0	-10.0	-55.0	6.0	-10.0	16.0	59.0	66.11
80	89.0	-75.0	13.0	21.0	-14.0	8.0	10.0	-16.0	77.58
81	39.0	45.0	37.0	72.0	0.0	0.0	37.0	-14.0	69.16
82	22.0	100.0	-128.0	12.0	-8.0	-11.0	80.0	31.0	85.38
