0	5.0	-22.0	-19.0	34.0	-3.0	52.0	91.0	16.0	98.31
1	39.0	16.0	52.0	36.0	16.0	43.0	-24.0	22.0	101.55
2	85.0	-128.0	-98.0	-90.0	19.0	-33.0	-87.0	18.0	83.55
3	-70.0	-128.0	35.0	113.0	7.0	17.0	100.0	-48.0	91.95
4	63.0	2.0	-61.0	1.0	0.0	-116.0	-128.0	10.0	90.52
5	-8.0	-5.0	-105.0	-128.0	-31.0	38.0	-27.0	-10.0	90.31
6	124.0	80.0	0.0	-87.0	-41.0	-57.0	19.0	34.0	94.54
7	-128.0	-77.0	-12.0	-25.0	-66.0	36.0	-54.0	-3.0	81.84
8	-14.0	-128.0	22.0	-74.0	-44.0	-31.0	-22.0	44.0	80.45
9	-12.0	56.0	4.0	15.0	-12.0	-8.0	-28.0	-17.0	80.01
10	-128.0	-65.0	-7.0	-30.0	-49.0	20.0	-15.0	-65.0	80.01
11	122.0	-24.0	-33.0	-4.0	-22.0	-9.0	13.0	12.0	69.47
12	-34.0	52.0	67.0	25.0	6.0	24.0	-78.0	84.0	79.69
13	7.0	-106.0	-3.0	22.0	-2.0	40.0	121.0	-44.0	74.39
14	105.0	-128.0	-79.0	125.0	-92.0	17.0	-10.0	15.0	77.76
15	122.0	-93.0	12.0	-21.0	-9.0	53.0	-4.0	0.0	69.7
16	-78.0	36.0	-10.0	5.0	1.0	19.0	26.0	-108.0	58.07
17	40.0	47.0	-79.0	2.0	53.0	-3.0	9.0	-54.0	76.78
18	12.0	-22.0	70.0	8.0	-12.0	35.0	-43.0	-11.0	72.85
19	-37.0	-123.0	-112.0	-20.0	18.0	8.0	5.0	23.0	67.05
20	-20.0	127.0	-30.0	43.0	14.0	5.0	13.0	-38.0	80.32
21	19.0	91.0	-32.0	74.0	16.0	9.0	32.0	84.0	61.13
22	73.0	103.0	-9.0	-19.0	23.0	-13.0	14.0	5.0	48.61
23	35.0	-56.0	78.0	11.0	-9.0	-1.0	11.0	11.0	58.21
24	-128.0	18.0	1.0	80.0	-12.0	-17.0	81.0	-21.0	48.21
25	-89.0	-128.0	-84.0	41.0	-14.0	3.0	42.0	-50.0	62.64
26	127.0	-128.0	-82.0	-124.0	17.0	-13.0	-16.0	-3.0	59.65
27	43.0	-16.0	-128.0	41.0	-32.0	18.0	2.0	-45.0	65.39
28	-61.0	-88.0	-38.0	-21.0	-2.0	1.0	-27.0	33.0	59.65
29	-36.0	-37.0	111.0	-19.0	58.0	-9.0	-11.0	-32.0	69.47
30	-117.0	-14.0	9.0	81.0	-17.0	12.0	4.0	88.0	74.39
31	22.0	39.0	-92.0	76.0	5.0	-8.0	105.0	5.0	53.97
32	27.0	-30.0	1.0	-44.0	-5.0	14.0	-69.0	37.0	58.07
33	-26.0	124.0	12.0	-11.0	-24.0	1.0	25.0	-16.0	47.8
34	-21.0	44.0	33.0	-73.0	0.0	-67.0	5.0	-9.0	48.21
35	76.0	31.0	-10.0	35.0	24.0	-5.0	-79.0	-1.0	77.76
36	-128.0	127.0	-7.0	-2.0	-16.0	-3.0	5.0	0.0	59.87
37	-62.0	71.0	-51.0	-9.0	-1.0	13.0	70.0	-3.0	63.0
38	-87.0	13.0	-44.0	-7.0	-55.0	4.0	-128.0	-19.0	76.14
39	-7.0	92.0	78.0	-80.0	21.0	-50.0	9.0	-128.0	73.33
40	-128.0	35.0	127.0	-49.0	-10.0	-2.0	-2.0	127.0	48.4
41	38.0	-128.0	13.0	-48.0	-8.0	-4.0	-28.0	-91.0	61.13
42	-90.0	-16.0	-90.0	-69.0	6.0	-3.0	32.0	1.0	48.83
43	25.0	-55.0	17.0	15.0	2.0	-35.0	-68.0	96.0	49.39
44	-16.0	-13.0	-38.0	-22.0	-5.0	21.0	-36.0	-9.0	47.74
45	-88.0	-123.0	-33.0	-20.0	-23.0	76.0	64.0	18.0	48.51
46	-128.0	106.0	103.0	-22.0	30.0	-6.0	46.0	28.0	48.83
47	59.0	-24.0	-33.0	-10.0	25.0	61.0	18.0	27.0	51.4
48	-103.0	-60.0	-6.0	-14.0	4.0	-21.0	15.0	7.0	48.69
49	127.0	-37.0	-107.0	81.0	8.0	-6.0	20.0	22.0	49.03
50	126.0	-106.0	20.0	-71.0	-6.0	24.0	8.0	-16.0	48.51
51	-64.0	-68.0	40.0	76.0	-25.0	15.0	12.0	-98.0	49.39
52	2.0	127.0	77.0	-45.0	31.0	3.0	3.0	57.0	69.7
53	105.0	-27.0	122.0	41.0	24.0	34.0	-77.0	-10.0	53.97
54	127.0	75.0	-76.0	84.0	-22.0	63.0	-8.0	-20.0	79.67
55	-72.0	22.0	-22.0	76.0	3.0	0.0	32.0	18.0	65.39
56	127.0	-78.0	14.0	25.0	-4.0	3.0	71.0	44.0	62.64
57	-75.0	127.0	-114.0	-5.0	11.0	20.0	17.0	-14.0	61.73
58	-90.0	38.0	80.0	36.0	-12.0	12.0	-2.0	27.0	63.29
59	64.0	127.0	-13.0	-39.0	34.0	4.0	45.0	15.0	76.78
60	47.0	-87.0	-26.0	0.0	-17.0	-56.0	-20.0	-22.0	80.32
61	16.0	127.0	-9.0	-14.0	3.0	-11.0	29.0	-2.0	81.56
62	-110.0	-128.0	-59.0	-12.0	4.0	67.0	17.0	97.0	90.31
63	105.0	58.0	51.0	-45.0	-41.0	11.0	48.0	-33.0	83.91
64	-16.0	93.0	-37.0	-6.0	-32.0	-48.0	60.0	-33.0	82.95
65	-16.0	-48.0	-5.0	-42.0	29.0	3.0	-30.0	1.0	80.74
66	127.0	57.0	11.0	-17.0	-17.0	7.0	-58.0	-2.0	83.91
67	2.0	100.0	-52.0	19.0	-5.0	-81.0	-85.0	-1.0	91.95
68	22.0	-68.0	-5.0	-9.0	25.0	17.0	-8.0	-59.0	94.54
69	31.0	106.0	0.0	-2.0	-17.0	7.0	43.0	-14.0	93.37
70	-46.0	71.0	28.0	10.0	36.0	17.0	-102.0	-70.0	87.83
71	54.0	127.0	16.0	31.0	10.0	-6.0	97.0	-54.0	82.95
72	79.0	24.0	-54.0	73.0	23.0	9.0	-14.0	34.0	95.31
73	18.0	-96.0	1.0	-128.0	-11.0	5.0	-3.0	15.0	98.31
74	-17.0	-117.0	-8.0	9.0	11.0	14.0	58.0	-23.0	103.42
75	-34.0	115.0	77.0	67.0	11.0	50.0	-11.0	23.0	103.42
76	44.0	127.0	31.0	104.0	58.0	-36.0	9.0	-59.0	103.68
77	93.0	-59.0	-5.0	31.0	-21.0	10.0	78.0	-11.0	104.65
78	-31.0	16.0	15.0	-14.0	-5.0	-83.0	-18.0	-75.0	105.75
79	107.0	40.0	13.0	20.0	24.0	3.0	-59.0	-6.0	105.54
80	-63.0	-40.0	-115.0	15.0	-40.0	-30.0	-29.0	-17.0	105.66
81	50.0	106.0	10.0	-47.0	25.0	23.0	-20.0	-67.0	105.54
82	-46.0	-69.0	18.0	-115.0	-20.0	44.0	-85.0	-6.0	107.05
83	-106.0	-75.0	18.0	12.0	-22.0	-59.0	80.0	-32.0	105.66
84	-29.0	67.0	123.0	49.0	2.0	57.0	-63.0	-23.0	106.43
85	-58.0	-79.0	69.0	-40.0	24.0	-66.0	-65.0	-52.0	106.98
86	-24.0	-94.0	-35.0	-4.0	-5.0	10.0	87.0	48.0	106.98
