0	-7.0	-74.0	4.0	-51.0	11.0	60.0	-81.0	-16.0	43.64
1	-99.0	114.0	3.0	-10.0	7.0	32.0	117.0	37.0	43.61
2	-91.0	112.0	-106.0	-62.0	-38.0	-30.0	125.0	-92.0	44.23
3	127.0	-87.0	-128.0	112.0	39.0	-46.0	-87.0	38.0	44.23
4	34.0	48.0	-102.0	-128.0	-31.0	1.0	-53.0	-56.0	44.07
5	-75.0	-125.0	24.0	-12.0	3.0	-89.0	32.0	-33.0	45.85
6	-47.0	-70.0	-85.0	65.0	9.0	66.0	39.0	64.0	44.79
7	-16.0	115.0	15.0	-2.0	-44.0	62.0	21.0	81.0	50.06
8	102.0	-83.0	4.0	-2.0	12.0	-83.0	87.0	-17.0	46.12
9	64.0	43.0	-32.0	2.0	-23.0	-50.0	6.0	-90.0	50.75
10	-86.0	-56.0	-55.0	114.0	-31.0	-27.0	-30.0	-41.0	54.51
11	23.0	111.0	-26.0	-75.0	-24.0	-105.0	-36.0	94.0	53.01
12	-3.0	90.0	-15.0	-23.0	-88.0	87.0	-3.0	-86.0	49.62
13	85.0	-120.0	-87.0	127.0	48.0	45.0	15.0	42.0	48.82
14	51.0	-84.0	92.0	26.0	-49.0	-120.0	37.0	-36.0	52.29
15	127.0	91.0	-78.0	-5.0	67.0	-42.0	42.0	3.0	52.29
16	29.0	-33.0	7.0	88.0	98.0	26.0	-20.0	-112.0	50.75
17	127.0	-128.0	94.0	-19.0	18.0	-66.0	-22.0	54.0	51.9
18	-16.0	-80.0	6.0	127.0	-4.0	19.0	11.0	36.0	53.07
19	-114.0	127.0	-69.0	-112.0	31.0	67.0	5.0	-87.0	51.09
20	-85.0	-54.0	1.0	-6.0	93.0	-6.0	-18.0	28.0	51.09
21	72.0	30.0	-10.0	41.0	-84.0	-54.0	44.0	-54.0	59.53
22	-71.0	-128.0	-69.0	-93.0	10.0	6.0	-52.0	90.0	48.82
23	-30.0	11.0	27.0	0.0	9.0	85.0	-18.0	-83.0	50.3
24	8.0	57.0	127.0	-91.0	-23.0	0.0	72.0	-65.0	55.41
25	-58.0	-128.0	-1.0	39.0	-14.0	-45.0	20.0	15.0	54.51
26	-69.0	-73.0	94.0	16.0	-28.0	31.0	-92.0	107.0	59.53
27	25.0	90.0	-50.0	-11.0	52.0	-37.0	125.0	17.0	63.52
28	-128.0	127.0	9.0	-29.0	-43.0	16.0	-61.0	-83.0	72.87
29	61.0	64.0	127.0	127.0	37.0	-86.0	30.0	8.0	87.85
30	127.0	60.0	-128.0	-17.0	-29.0	28.0	-4.0	-51.0	104.0
31	-111.0	103.0	66.0	-101.0	-19.0	86.0	1.0	73.0	104.59
32	-89.0	-120.0	4.0	38.0	-30.0	69.0	76.0	-47.0	104.52
33	-70.0	-32.0	-125.0	97.0	16.0	2.0	-5.0	-25.0	93.62
34	-80.0	-21.0	78.0	-87.0	-10.0	81.0	-67.0	100.0	104.92
35	18.0	63.0	-81.0	69.0	85.0	-28.0	-42.0	56.0	104.95
36	26.0	35.0	-93.0	7.0	3.0	-70.0	-57.0	-96.0	104.95
37	-65.0	127.0	76.0	-128.0	-31.0	-19.0	-16.0	-92.0	104.95
38	-39.0	51.0	8.0	-81.0	56.0	-42.0	-24.0	-16.0	99.58
39	111.0	-71.0	35.0	55.0	-27.0	-96.0	35.0	-3.0	89.49
40	127.0	26.0	-57.0	101.0	-26.0	72.0	-49.0	-35.0	104.0
41	-104.0	127.0	-53.0	20.0	-15.0	-44.0	56.0	101.0	100.62
42	-36.0	-100.0	34.0	44.0	-40.0	43.0	-26.0	110.0	97.57
43	-80.0	127.0	127.0	31.0	48.0	-6.0	-52.0	1.0	101.77
44	-12.0	-128.0	127.0	90.0	-29.0	-23.0	-37.0	42.0	101.85
45	32.0	-2.0	76.0	-100.0	21.0	9.0	27.0	-99.0	101.85
46	-17.0	86.0	94.0	29.0	-25.0	-39.0	-63.0	38.0	95.45
47	-39.0	104.0	29.0	-102.0	13.0	-35.0	9.0	-19.0	102.96
48	11.0	-14.0	-79.0	-37.0	43.0	-21.0	-65.0	-46.0	89.49
49	39.0	106.0	-13.0	-35.0	45.0	-6.0	37.0	-2.0	104.52
50	10.0	63.0	-3.0	12.0	-14.0	56.0	-58.0	-29.0	91.91
51	-58.0	101.0	-55.0	-22.0	11.0	77.0	5.0	-89.0	83.43
52	-22.0	127.0	-99.0	-97.0	67.0	93.0	-49.0	91.0	84.62
53	127.0	-94.0	-77.0	15.0	28.0	-12.0	-87.0	-90.0	93.62
54	49.0	-128.0	48.0	-50.0	-24.0	-8.0	18.0	23.0	73.49
55	-60.0	127.0	30.0	46.0	31.0	-34.0	-30.0	-28.0	83.43
56	127.0	-111.0	-12.0	-60.0	-13.0	0.0	72.0	-57.0	73.49
57	-34.0	-82.0	45.0	-110.0	80.0	-3.0	34.0	-56.0	74.24
58	-88.0	84.0	127.0	70.0	31.0	-58.0	61.0	-6.0	82.05
59	-114.0	-84.0	-47.0	-97.0	-10.0	-57.0	68.0	34.0	98.0
60	50.0	84.0	9.0	81.0	-19.0	30.0	25.0	-60.0	100.62
61	115.0	-73.0	-104.0	-26.0	-36.0	-64.0	-109.0	68.0	103.64
62	-55.0	90.0	-39.0	127.0	-4.0	33.0	4.0	-17.0	99.16
63	-116.0	89.0	35.0	-22.0	2.0	11.0	-78.0	-65.0	81.71
64	59.0	127.0	43.0	-108.0	43.0	39.0	37.0	-40.0	97.57
65	-128.0	-42.0	97.0	60.0	-6.0	-32.0	9.0	-47.0	86.23
66	86.0	10.0	55.0	-66.0	13.0	2.0	-77.0	70.0	64.08
67	67.0	83.0	-89.0	-57.0	-17.0	-62.0	-36.0	27.0	81.71
68	9.0	-18.0	61.0	-26.0	-3.0	11.0	-86.0	-23.0	73.93
69	-33.0	-45.0	-24.0	-5.0	46.0	3.0	48.0	-11.0	74.24
70	120.0	21.0	-29.0	13.0	-58.0	-35.0	-65.0	24.0	64.66
71	44.0	15.0	-40.0	80.0	-19.0	9.0	-10.0	125.0	72.3
72	3.0	-74.0	-33.0	3.0	-59.0	-53.0	-49.0	12.0	62.46
73	-20.0	92.0	86.0	-121.0	-17.0	122.0	104.0	-12.0	64.66
74	-75.0	53.0	94.0	127.0	-14.0	-34.0	40.0	127.0	62.87
75	29.0	32.0	22.0	41.0	95.0	-6.0	-34.0	-14.0	62.3
76	-22.0	81.0	90.0	122.0	-3.0	-16.0	-1.0	-9.0	62.46
77	-30.0	127.0	-12.0	-95.0	9.0	4.0	19.0	39.0	53.07
78	-78.0	-18.0	-108.0	-60.0	-2.0	41.0	11.0	9.0	54.24
79	-100.0	9.0	120.0	100.0	-2.0	-30.0	-56.0	-128.0	45.85
80	-57.0	-90.0	-128.0	-65.0	-27.0	62.0	-21.0	27.0	47.15
81	56.0	-13.0	-12.0	-32.0	-3.0	-49.0	10.0	85.0	44.07
82	-128.0	127.0	-50.0	40.0	-39.0	-12.0	-78.0	-26.0	46.12
83	25.0	-9.0	44.0	18.0	50.0	74.0	25.0	-8.0	44.98
84	113.0	-17.0	-38.0	-50.0	-62.0	-19.0	49.0	2.0	45.37
