0	13.0	75.0	-45.0	-8.0	-27.0	-3.0	26.0	-40.0	63.74
1	127.0	37.0	-30.0	-43.0	2.0	13.0	11.0	22.0	74.42
2	-60.0	84.0	42.0	-23.0	-22.0	30.0	11.0	-15.0	87.89
3	-33.0	90.0	-18.0	3.0	-11.0	26.0	16.0	24.0	81.14
4	-2.0	-122.0	9.0	-4.0	23.0	11.0	6.0	22.0	86.17
5	62.0	-39.0	112.0	57.0	50.0	-10.0	9.0	0.0	78.58
6	-84.0	-45.0	3.0	-56.0	-9.0	23.0	4.0	-29.0	83.42
7	-22.0	127.0	10.0	29.0	15.0	9.0	15.0	56.0	68.08
8	-37.0	-99.0	59.0	55.0	-8.0	-5.0	-5.0	14.0	72.8
9	31.0	94.0	27.0	-26.0	6.0	-38.0	3.0	41.0	63.25
10	-75.0	-64.0	18.0	-59.0	-13.0	10.0	27.0	-15.0	65.06
11	51.0	127.0	-128.0	-7.0	-17.0	5.0	-25.0	-51.0	58.2
12	122.0	43.0	27.0	74.0	37.0	-47.0	-18.0	6.0	59.9
13	-128.0	127.0	-15.0	80.0	-34.0	0.0	-12.0	10.0	58.2
14	95.0	-78.0	58.0	59.0	-19.0	-1.0	0.0	4.0	55.57
15	-88.0	127.0	-18.0	-75.0	-28.0	30.0	-35.0	1.0	48.6
16	93.0	-79.0	4.0	24.0	23.0	15.0	-18.0	9.0	48.39
17	-92.0	71.0	23.0	115.0	18.0	9.0	12.0	9.0	51.38
18	52.0	-90.0	-19.0	102.0	9.0	-30.0	-16.0	4.0	57.39
19	-7.0	-1.0	-7.0	80.0	-47.0	17.0	23.0	5.0	48.72
20	127.0	87.0	60.0	17.0	-6.0	10.0	1.0	-7.0	56.03
21	-81.0	57.0	-117.0	-120.0	16.0	-19.0	-1.0	-3.0	51.09
22	-43.0	-82.0	15.0	-78.0	9.0	15.0	11.0	-17.0	48.04
23	13.0	-75.0	-49.0	54.0	-28.0	41.0	-20.0	-14.0	47.6
24	20.0	51.0	-43.0	-72.0	33.0	-3.0	8.0	14.0	53.74
25	-128.0	127.0	-31.0	80.0	6.0	2.0	-59.0	-75.0	55.78
26	93.0	81.0	77.0	-4.0	-12.0	16.0	2.0	-5.0	48.75
27	-25.0	-4.0	-68.0	-1.0	-5.0	9.0	9.0	23.0	48.51
28	29.0	34.0	113.0	12.0	2.0	-6.0	-17.0	25.0	57.39
29	-103.0	22.0	-4.0	77.0	-14.0	18.0	1.0	-13.0	57.03
30	97.0	86.0	-45.0	20.0	33.0	17.0	3.0	5.0	48.04
31	15.0	-94.0	91.0	37.0	30.0	-17.0	35.0	-26.0	51.09
32	51.0	81.0	-91.0	-33.0	-15.0	1.0	-30.0	-11.0	55.57
33	-116.0	127.0	24.0	37.0	10.0	-27.0	-9.0	-9.0	48.51
34	16.0	19.0	48.0	-33.0	9.0	-13.0	5.0	-6.0	48.72
35	12.0	-59.0	127.0	52.0	21.0	-6.0	27.0	7.0	48.75
36	-1.0	-104.0	0.0	5.0	74.0	2.0	-23.0	42.0	51.23
37	121.0	-31.0	-30.0	11.0	8.0	2.0	12.0	-18.0	57.03
38	-32.0	-110.0	-50.0	54.0	4.0	13.0	-37.0	2.0	62.54
39	-9.0	76.0	-125.0	98.0	-31.0	-20.0	-27.0	5.0	58.11
40	-84.0	-4.0	68.0	109.0	-22.0	-8.0	13.0	15.0	62.76
41	76.0	-81.0	-45.0	-36.0	-6.0	4.0	-7.0	-33.0	62.76
42	-38.0	73.0	80.0	-98.0	-31.0	-4.0	18.0	64.0	62.54
43	35.0	66.0	-3.0	-128.0	-36.0	-28.0	-7.0	-30.0	62.62
44	-4.0	123.0	-11.0	-106.0	-25.0	19.0	-4.0	18.0	63.25
45	-49.0	61.0	4.0	-26.0	-2.0	-12.0	-60.0	-6.0	65.06
46	79.0	-103.0	-41.0	20.0	-14.0	8.0	5.0	-3.0	81.17
47	-128.0	16.0	-104.0	77.0	15.0	9.0	-60.0	2.0	84.47
48	-14.0	13.0	32.0	6.0	15.0	-1.0	7.0	43.0	73.93
49	127.0	-128.0	119.0	-22.0	24.0	-3.0	12.0	-3.0	81.75
50	56.0	127.0	-115.0	16.0	29.0	-7.0	4.0	28.0	83.42
51	7.0	23.0	-26.0	127.0	-9.0	-22.0	64.0	-5.0	85.48
52	127.0	8.0	-74.0	36.0	28.0	-10.0	11.0	3.0	81.83
53	67.0	30.0	117.0	28.0	-28.0	8.0	-3.0	7.0	73.93
54	-102.0	77.0	-21.0	-1.0	-25.0	26.0	-6.0	2.0	62.05
55	-84.0	33.0	-29.0	-40.0	-89.0	-9.0	12.0	28.0	75.85
56	-41.0	81.0	-107.0	12.0	69.0	18.0	14.0	-43.0	75.85
57	40.0	-92.0	-15.0	-16.0	8.0	3.0	-16.0	-88.0	88.56
58	-30.0	35.0	94.0	16.0	41.0	-19.0	5.0	-31.0	87.53
59	98.0	-15.0	23.0	-84.0	-17.0	5.0	20.0	-19.0	85.48
60	87.0	54.0	-50.0	-8.0	-89.0	18.0	8.0	29.0	88.28
61	44.0	-15.0	-43.0	-72.0	24.0	12.0	34.0	32.0	84.12
62	5.0	-71.0	-23.0	101.0	19.0	17.0	-18.0	-3.0	86.74
63	37.0	-111.0	9.0	-47.0	20.0	9.0	-26.0	35.0	76.15
64	25.0	104.0	38.0	127.0	-12.0	17.0	9.0	0.0	83.18
65	-37.0	42.0	-76.0	47.0	-13.0	-23.0	29.0	26.0	78.16
66	-128.0	101.0	18.0	-22.0	-1.0	12.0	42.0	-52.0	78.58
67	-104.0	7.0	61.0	111.0	37.0	3.0	-7.0	-6.0	74.42
68	-128.0	22.0	-127.0	-128.0	10.0	-9.0	12.0	-39.0	81.83
69	32.0	-104.0	31.0	-59.0	64.0	-12.0	-5.0	10.0	76.15
70	114.0	-45.0	117.0	84.0	15.0	-17.0	-12.0	-19.0	83.78
71	84.0	-128.0	47.0	-111.0	75.0	-19.0	-26.0	12.0	81.75
72	-5.0	52.0	-27.0	-4.0	-4.0	8.0	4.0	20.0	80.98
73	-66.0	-23.0	3.0	-13.0	1.0	23.0	-28.0	-10.0	88.66
74	26.0	127.0	-128.0	31.0	-8.0	-5.0	50.0	14.0	88.28
75	78.0	74.0	118.0	-46.0	25.0	-3.0	4.0	22.0	86.18
76	127.0	60.0	-45.0	127.0	7.0	-16.0	2.0	-3.0	88.17
77	16.0	127.0	-72.0	-86.0	2.0	-10.0	-46.0	12.0	87.8
78	-54.0	35.0	109.0	-23.0	-15.0	-11.0	-9.0	8.0	84.64
79	-83.0	-61.0	124.0	-106.0	44.0	-7.0	-23.0	-32.0	88.66
80	-67.0	51.0	-99.0	10.0	-21.0	4.0	35.0	15.0	87.53
81	63.0	-61.0	9.0	32.0	-9.0	14.0	-30.0	0.0	84.64
82	-32.0	-73.0	82.0	-64.0	5.0	1.0	9.0	2.0	87.8
83	118.0	66.0	15.0	3.0	-10.0	-61.0	-10.0	-19.0	86.18
84	26.0	-27.0	91.0	16.0	-1.0	6.0	24.0	-27.0	100.3
85	-49.0	118.0	35.0	-75.0	-5.0	3.0	-8.0	48.0	86.14
86	-128.0	-29.0	103.0	-27.0	98.0	42.0	15.0	-15.0	67.42
87	2.0	-80.0	-83.0	43.0	8.0	-9.0	12.0	7.0	79.96
