0	72.0	84.0	-47.0	95.0	2.0	-6.0	-32.0	-21.0	47.9
1	127.0	-128.0	22.0	-18.0	-16.0	60.0	116.0	40.0	46.47
2	10.0	37.0	-31.0	48.0	3.0	42.0	-96.0	-17.0	52.44
3	-64.0	37.0	-44.0	-58.0	-6.0	58.0	-14.0	22.0	55.23
4	-62.0	-51.0	-8.0	-37.0	38.0	31.0	5.0	-2.0	57.14
5	-17.0	-18.0	25.0	25.0	-2.0	-3.0	3.0	-13.0	65.58
6	74.0	-128.0	-23.0	76.0	15.0	0.0	25.0	-1.0	71.16
7	3.0	-127.0	-11.0	-3.0	40.0	12.0	34.0	8.0	71.16
8	-121.0	120.0	10.0	29.0	16.0	-3.0	-9.0	-2.0	68.84
9	11.0	15.0	29.0	-5.0	-15.0	17.0	-70.0	6.0	63.75
10	66.0	-114.0	-86.0	123.0	27.0	-1.0	-24.0	21.0	59.68
11	-96.0	-113.0	53.0	-67.0	-67.0	-3.0	17.0	-44.0	75.36
12	106.0	-84.0	75.0	-54.0	15.0	-12.0	3.0	-2.0	57.63
13	127.0	-31.0	-56.0	54.0	57.0	12.0	-37.0	-28.0	57.63
14	70.0	46.0	-32.0	13.0	18.0	2.0	32.0	-21.0	69.49
15	-83.0	2.0	-53.0	-29.0	23.0	-2.0	-12.0	64.0	65.58
16	41.0	-13.0	52.0	19.0	14.0	7.0	17.0	8.0	73.23
17	121.0	-54.0	9.0	50.0	-24.0	-95.0	19.0	-24.0	75.37
18	28.0	51.0	23.0	-6.0	1.0	45.0	-22.0	-19.0	77.39
19	14.0	-88.0	-90.0	37.0	6.0	-81.0	79.0	-26.0	73.23
20	-14.0	-83.0	-43.0	42.0	-4.0	-7.0	-15.0	-10.0	84.24
21	121.0	114.0	9.0	-74.0	17.0	-30.0	-13.0	-2.0	99.04
22	-95.0	-5.0	27.0	-60.0	9.0	3.0	-7.0	44.0	99.31
23	122.0	106.0	18.0	-15.0	-17.0	28.0	-9.0	-2.0	108.08
24	110.0	1.0	77.0	-4.0	22.0	19.0	-49.0	-30.0	106.56
25	35.0	40.0	74.0	-15.0	-6.0	-10.0	-33.0	4.0	106.56
26	48.0	73.0	-95.0	28.0	-16.0	20.0	12.0	42.0	105.63
27	-128.0	64.0	112.0	-16.0	25.0	1.0	103.0	5.0	105.23
28	-49.0	-67.0	15.0	-42.0	-18.0	25.0	-24.0	30.0	109.72
29	127.0	-15.0	17.0	56.0	3.0	22.0	-7.0	27.0	109.11
30	96.0	62.0	17.0	-9.0	-2.0	-7.0	-16.0	6.0	109.24
31	-58.0	-71.0	-33.0	55.0	-5.0	-7.0	-7.0	45.0	108.25
32	86.0	98.0	37.0	38.0	-8.0	33.0	32.0	-8.0	101.57
33	-111.0	3.0	-31.0	29.0	40.0	19.0	-16.0	-2.0	104.75
34	127.0	41.0	-28.0	-16.0	5.0	44.0	-44.0	37.0	97.66
35	76.0	-24.0	25.0	-18.0	-17.0	-11.0	0.0	-17.0	96.42
36	2.0	55.0	22.0	-33.0	36.0	4.0	-24.0	-9.0	94.89
37	4.0	-98.0	-38.0	18.0	31.0	-1.0	53.0	10.0	101.57
38	71.0	-52.0	-44.0	-67.0	-62.0	-24.0	-21.0	-1.0	101.29
39	-64.0	109.0	-26.0	127.0	29.0	29.0	20.0	9.0	98.02
40	-127.0	-121.0	1.0	69.0	2.0	-12.0	-20.0	-36.0	98.02
41	48.0	-87.0	7.0	-22.0	-60.0	-2.0	-33.0	-8.0	96.51
42	-22.0	89.0	19.0	23.0	20.0	-9.0	19.0	49.0	90.92
43	6.0	44.0	31.0	-16.0	-11.0	-1.0	47.0	-14.0	96.42
44	28.0	-107.0	26.0	82.0	55.0	29.0	-54.0	16.0	95.33
45	-26.0	-52.0	-53.0	-2.0	-82.0	22.0	-30.0	-11.0	94.89
46	-20.0	127.0	-57.0	56.0	-9.0	-11.0	-37.0	-3.0	95.55
47	-72.0	-55.0	-58.0	-68.0	8.0	-23.0	-38.0	33.0	105.63
48	88.0	-32.0	-47.0	-128.0	15.0	10.0	22.0	3.0	109.37
49	37.0	-66.0	80.0	20.0	-1.0	21.0	-7.0	-71.0	109.11
50	-102.0	-68.0	-101.0	14.0	15.0	4.0	-52.0	-17.0	108.71
51	-98.0	7.0	66.0	-61.0	19.0	9.0	-13.0	-23.0	109.37
52	-26.0	-93.0	-59.0	-67.0	3.0	-8.0	13.0	42.0	106.78
53	19.0	87.0	-79.0	108.0	29.0	35.0	6.0	22.0	108.71
54	-24.0	-120.0	38.0	-59.0	1.0	16.0	-3.0	-13.0	103.87
55	127.0	127.0	-38.0	107.0	-16.0	-9.0	0.0	15.0	99.04
56	-39.0	93.0	41.0	-62.0	-10.0	2.0	51.0	35.0	95.55
57	-6.0	-69.0	-19.0	-62.0	27.0	-17.0	22.0	23.0	94.11
58	72.0	127.0	-53.0	30.0	21.0	-20.0	42.0	-17.0	89.47
59	-56.0	-42.0	37.0	-16.0	11.0	16.0	-22.0	-25.0	89.48
60	53.0	-107.0	79.0	2.0	-8.0	72.0	-25.0	-14.0	89.47
61	127.0	-24.0	-35.0	-21.0	-21.0	-25.0	-21.0	-14.0	82.82
62	-111.0	62.0	110.0	-29.0	9.0	25.0	45.0	16.0	89.48
63	-86.0	-17.0	-48.0	34.0	55.0	-1.0	-37.0	21.0	79.6
64	-56.0	23.0	69.0	74.0	1.0	-56.0	58.0	-26.0	77.73
65	-128.0	-80.0	19.0	41.0	-8.0	18.0	-71.0	-57.0	77.39
66	66.0	-39.0	-128.0	57.0	-20.0	30.0	51.0	-23.0	69.04
67	-56.0	114.0	31.0	-15.0	17.0	-23.0	-11.0	38.0	67.14
68	113.0	38.0	-4.0	14.0	17.0	-20.0	31.0	28.0	59.68
69	-89.0	94.0	49.0	58.0	-19.0	0.0	-21.0	29.0	61.45
70	-51.0	73.0	21.0	29.0	9.0	-18.0	-73.0	-58.0	69.49
71	0.0	-7.0	37.0	28.0	-2.0	7.0	22.0	16.0	54.89
72	-67.0	-128.0	-68.0	33.0	17.0	11.0	-19.0	22.0	46.47
73	-52.0	104.0	2.0	93.0	-18.0	-73.0	-11.0	35.0	47.24
74	-102.0	-89.0	20.0	101.0	14.0	12.0	-10.0	-12.0	46.42
75	127.0	37.0	67.0	-39.0	-11.0	-59.0	-46.0	-38.0	55.23
76	-21.0	5.0	-10.0	-57.0	-3.0	-10.0	-2.0	-11.0	51.04
77	73.0	-83.0	-94.0	5.0	7.0	-2.0	6.0	3.0	48.91
78	-7.0	-55.0	5.0	-26.0	-24.0	-14.0	-28.0	-16.0	48.91
79	-55.0	104.0	-53.0	112.0	-1.0	35.0	-22.0	5.0	52.44
80	44.0	-99.0	63.0	-67.0	7.0	6.0	-1.0	32.0	50.45
81	-84.0	54.0	114.0	39.0	-21.0	-40.0	12.0	-15.0	52.51
82	126.0	48.0	-84.0	-13.0	-16.0	-11.0	108.0	35.0	47.28
83	-128.0	53.0	26.0	-47.0	34.0	8.0	-22.0	2.0	47.28
84	46.0	99.0	60.0	-109.0	25.0	-22.0	-48.0	40.0	48.31
