0	-69.0	127.0	95.0	66.0	-3.0	-9.0	-16.0	3.0	114.39
1	-105.0	86.0	32.0	49.0	-4.0	-13.0	-6.0	-10.0	122.74
2	-1.0	127.0	-99.0	-106.0	12.0	-3.0	1.0	11.0	94.05
3	20.0	82.0	17.0	49.0	28.0	-19.0	-4.0	-21.0	87.01
4	58.0	123.0	9.0	-9.0	-78.0	-2.0	65.0	-19.0	92.55
5	95.0	-81.0	23.0	38.0	-34.0	12.0	11.0	-28.0	81.01
6	-87.0	127.0	-11.0	-45.0	14.0	14.0	-22.0	11.0	79.27
7	-22.0	-26.0	7.0	64.0	-16.0	-6.0	3.0	50.0	78.75
8	127.0	96.0	15.0	1.0	22.0	4.0	25.0	34.0	71.08
9	-66.0	85.0	117.0	-128.0	4.0	-27.0	-44.0	-21.0	70.92
10	-76.0	57.0	-20.0	25.0	15.0	-6.0	-1.0	18.0	63.44
11	93.0	-118.0	-33.0	-29.0	-21.0	10.0	20.0	-1.0	42.23
12	-46.0	54.0	2.0	12.0	59.0	-2.0	5.0	-29.0	33.47
13	-90.0	-44.0	13.0	-13.0	-12.0	11.0	11.0	-53.0	34.14
14	127.0	-79.0	-78.0	-77.0	4.0	14.0	-26.0	32.0	32.93
15	-38.0	-1.0	-96.0	-10.0	-8.0	1.0	-31.0	1.0	32.89
16	45.0	6.0	16.0	-23.0	-2.0	-6.0	-12.0	0.0	32.62
17	-1.0	-67.0	-42.0	73.0	6.0	5.0	14.0	-29.0	32.89
18	42.0	-91.0	54.0	40.0	-68.0	3.0	-20.0	24.0	34.14
19	127.0	-67.0	-96.0	-89.0	-27.0	7.0	36.0	2.0	33.47
20	104.0	7.0	4.0	8.0	-8.0	8.0	-18.0	10.0	42.24
21	106.0	-5.0	23.0	25.0	-17.0	-4.0	18.0	16.0	45.28
22	-28.0	122.0	79.0	-21.0	-11.0	-26.0	-25.0	-6.0	42.23
23	127.0	54.0	-128.0	-128.0	-2.0	-6.0	14.0	-27.0	46.42
24	-105.0	34.0	52.0	61.0	-7.0	-1.0	1.0	76.0	45.28
25	-128.0	-59.0	-4.0	-31.0	1.0	4.0	9.0	-22.0	63.44
26	21.0	94.0	93.0	-41.0	17.0	-1.0	-10.0	17.0	50.58
27	-50.0	127.0	-117.0	38.0	28.0	3.0	36.0	7.0	39.06
28	-10.0	21.0	23.0	23.0	-12.0	-5.0	1.0	-44.0	36.2
29	60.0	-76.0	115.0	-43.0	11.0	-6.0	-36.0	-1.0	35.7
30	-105.0	-14.0	47.0	-3.0	0.0	-6.0	-5.0	-37.0	34.45
31	117.0	-96.0	-128.0	-36.0	-15.0	7.0	-9.0	12.0	47.47
32	-81.0	-44.0	-63.0	44.0	-14.0	16.0	-13.0	109.0	39.06
33	127.0	-24.0	21.0	95.0	2.0	3.0	9.0	-44.0	50.98
34	41.0	100.0	-20.0	2.0	-13.0	4.0	-2.0	8.0	64.4
35	-3.0	37.0	47.0	51.0	-6.0	12.0	17.0	16.0	47.47
36	-101.0	-93.0	-9.0	-128.0	-43.0	-6.0	-9.0	-6.0	49.2
37	20.0	127.0	11.0	31.0	33.0	2.0	-2.0	25.0	50.23
38	-90.0	-5.0	-100.0	-21.0	-2.0	12.0	-1.0	-29.0	71.08
39	60.0	127.0	127.0	-10.0	3.0	-10.0	14.0	-8.0	67.33
40	-43.0	-61.0	36.0	-41.0	7.0	-63.0	-3.0	26.0	72.5
41	12.0	-71.0	-97.0	-97.0	-26.0	-6.0	19.0	33.0	50.98
42	95.0	-127.0	-22.0	72.0	30.0	28.0	-4.0	-59.0	55.09
43	-74.0	-52.0	66.0	-1.0	1.0	-8.0	8.0	6.0	74.15
44	18.0	-1.0	-15.0	-9.0	3.0	-1.0	-24.0	2.0	74.15
45	-21.0	127.0	32.0	-19.0	10.0	7.0	0.0	-12.0	64.4
46	14.0	-106.0	-1.0	-9.0	-2.0	12.0	-32.0	3.0	57.4
47	77.0	98.0	38.0	31.0	-5.0	-18.0	12.0	26.0	52.05
48	-108.0	-119.0	-1.0	-33.0	-53.0	37.0	8.0	-15.0	50.58
49	-25.0	-24.0	8.0	-4.0	-6.0	8.0	0.0	-12.0	60.82
50	-38.0	127.0	59.0	11.0	-11.0	-7.0	-4.0	-10.0	58.29
51	9.0	-97.0	85.0	-68.0	-12.0	8.0	8.0	8.0	58.29
52	-93.0	127.0	5.0	7.0	7.0	-4.0	-4.0	-5.0	74.37
53	-81.0	-100.0	-8.0	6.0	27.0	-5.0	3.0	-9.0	78.75
54	127.0	-128.0	68.0	25.0	-18.0	-12.0	14.0	16.0	77.75
55	-9.0	26.0	24.0	-73.0	12.0	-11.0	7.0	-3.0	92.46
56	-10.0	-88.0	59.0	24.0	-7.0	-7.0	17.0	10.0	79.27
57	-128.0	-83.0	-9.0	83.0	2.0	-1.0	-29.0	-13.0	86.56
58	83.0	77.0	-128.0	18.0	-4.0	0.0	-5.0	21.0	92.55
59	-73.0	44.0	10.0	-22.0	-9.0	-1.0	-5.0	-34.0	122.23
60	-8.0	102.0	-47.0	55.0	-1.0	-3.0	17.0	30.0	123.82
61	-27.0	-100.0	70.0	53.0	13.0	1.0	-15.0	-5.0	122.23
62	102.0	-89.0	-60.0	31.0	-15.0	0.0	-5.0	15.0	92.46
63	11.0	13.0	112.0	-36.0	15.0	8.0	-9.0	-5.0	119.04
64	-94.0	69.0	62.0	7.0	-10.0	-3.0	-4.0	10.0	119.04
65	-76.0	-71.0	-28.0	-58.0	-10.0	-10.0	0.0	-14.0	94.05
66	127.0	-5.0	6.0	-23.0	3.0	14.0	0.0	0.0	87.41
67	-27.0	-70.0	19.0	-128.0	-13.0	5.0	5.0	-1.0	77.75
68	-110.0	19.0	-53.0	58.0	22.0	-45.0	78.0	-13.0	76.96
69	121.0	-43.0	18.0	-95.0	-14.0	-2.0	0.0	1.0	82.07
70	-89.0	65.0	-74.0	66.0	51.0	27.0	15.0	13.0	84.63
71	-2.0	-62.0	-16.0	57.0	5.0	-3.0	21.0	-15.0	86.83
72	2.0	-128.0	25.0	-53.0	1.0	-10.0	-7.0	8.0	81.01
73	87.0	-2.0	-47.0	-45.0	-51.0	-12.0	15.0	18.0	83.4
74	27.0	-78.0	-10.0	-117.0	-89.0	-8.0	7.0	-10.0	94.78
75	127.0	127.0	-90.0	100.0	42.0	69.0	6.0	7.0	96.14
76	11.0	72.0	-15.0	29.0	-10.0	-4.0	10.0	-4.0	117.68
77	46.0	-43.0	49.0	94.0	18.0	-3.0	-22.0	23.0	121.71
78	-96.0	53.0	71.0	-67.0	-2.0	7.0	-10.0	21.0	86.56
79	54.0	110.0	-96.0	-28.0	13.0	7.0	-18.0	-8.0	79.49
80	-8.0	-41.0	17.0	-108.0	-7.0	4.0	-10.0	11.0	78.32
81	127.0	-113.0	85.0	-8.0	-28.0	2.0	21.0	-8.0	87.41
82	-91.0	-66.0	-19.0	-20.0	90.0	-33.0	14.0	0.0	122.02
83	12.0	-75.0	8.0	43.0	19.0	5.0	-5.0	-8.0	86.83
84	-43.0	-45.0	-19.0	-39.0	-36.0	-14.0	-28.0	-50.0	122.74
85	95.0	34.0	-92.0	-21.0	-9.0	12.0	8.0	-24.0	93.8
86	-10.0	-107.0	101.0	1.0	-10.0	11.0	-12.0	8.0	122.71
