0	-128.0	69.0	-8.0	59.0	2.0	0.0	-3.0	61.0	98.73
1	-38.0	13.0	88.0	-4.0	-4.0	6.0	-5.0	-53.0	104.01
2	-78.0	-6.0	96.0	49.0	14.0	-13.0	-3.0	21.0	100.23
3	-14.0	-93.0	3.0	-47.0	7.0	46.0	-60.0	29.0	88.05
4	-27.0	-62.0	-19.0	-45.0	-6.0	-11.0	-20.0	-5.0	85.95
5	19.0	28.0	-94.0	-54.0	-3.0	6.0	-13.0	-3.0	88.42
6	54.0	23.0	-7.0	8.0	-1.0	11.0	13.0	2.0	83.48
7	-84.0	107.0	24.0	20.0	-49.0	-4.0	93.0	-11.0	83.77
8	-11.0	-109.0	9.0	43.0	-2.0	23.0	15.0	3.0	79.67
9	57.0	-93.0	-117.0	-102.0	118.0	17.0	1.0	-2.0	75.88
10	35.0	72.0	-17.0	-74.0	-12.0	-13.0	-1.0	-14.0	73.38
11	104.0	124.0	107.0	7.0	-80.0	5.0	-32.0	-28.0	65.26
12	89.0	50.0	-12.0	-57.0	-29.0	0.0	-13.0	73.0	62.17
13	2.0	127.0	-40.0	108.0	-8.0	17.0	22.0	-6.0	56.97
14	0.0	93.0	76.0	61.0	-38.0	-19.0	23.0	-107.0	56.97
15	-66.0	79.0	-31.0	-15.0	-9.0	-2.0	0.0	9.0	57.58
16	106.0	91.0	102.0	41.0	-13.0	-42.0	-31.0	8.0	52.9
17	76.0	-64.0	22.0	68.0	19.0	22.0	-30.0	-18.0	56.07
18	1.0	127.0	15.0	-8.0	68.0	-11.0	-14.0	-3.0	59.29
19	45.0	46.0	-62.0	44.0	-8.0	4.0	13.0	-21.0	60.59
20	-41.0	127.0	5.0	-37.0	-9.0	-9.0	-1.0	10.0	65.99
21	28.0	-68.0	81.0	-121.0	21.0	22.0	0.0	-5.0	71.59
22	-9.0	127.0	23.0	58.0	19.0	-2.0	13.0	-5.0	67.61
23	-12.0	-99.0	-36.0	38.0	9.0	24.0	-9.0	27.0	69.1
24	-5.0	21.0	-23.0	30.0	-12.0	-16.0	16.0	62.0	70.98
25	19.0	51.0	70.0	-115.0	-15.0	6.0	17.0	93.0	69.1
26	3.0	-20.0	16.0	-126.0	0.0	6.0	-8.0	-16.0	65.99
27	127.0	-35.0	23.0	74.0	33.0	5.0	36.0	-26.0	64.41
28	-19.0	-82.0	-31.0	-1.0	-40.0	0.0	-33.0	17.0	61.96
29	0.0	-20.0	-36.0	-91.0	-6.0	6.0	1.0	-30.0	57.97
30	-114.0	70.0	31.0	-8.0	-17.0	5.0	4.0	2.0	59.98
31	-128.0	77.0	13.0	13.0	25.0	-5.0	-33.0	14.0	57.97
32	-84.0	101.0	5.0	89.0	-2.0	4.0	-24.0	-8.0	52.9
33	62.0	-30.0	-55.0	66.0	-3.0	10.0	37.0	-17.0	50.37
34	25.0	-114.0	-31.0	3.0	-28.0	-13.0	-3.0	-50.0	40.81
35	115.0	127.0	31.0	-5.0	23.0	7.0	4.0	-41.0	40.81
36	104.0	127.0	-8.0	50.0	-5.0	12.0	56.0	54.0	37.61
37	-77.0	71.0	5.0	48.0	13.0	-12.0	-17.0	-25.0	37.22
38	-59.0	127.0	70.0	-105.0	7.0	-5.0	96.0	-14.0	37.77
39	40.0	59.0	44.0	42.0	4.0	4.0	-92.0	2.0	36.75
40	-1.0	71.0	-99.0	-9.0	3.0	2.0	-21.0	-29.0	37.61
41	7.0	-92.0	-34.0	43.0	20.0	-15.0	-25.0	-30.0	36.88
42	-40.0	-91.0	44.0	102.0	-10.0	4.0	-56.0	68.0	37.77
43	-56.0	-77.0	32.0	11.0	9.0	5.0	-1.0	-35.0	36.75
44	54.0	-44.0	15.0	-50.0	9.0	-36.0	7.0	6.0	39.12
45	49.0	-128.0	10.0	127.0	-112.0	-10.0	110.0	38.0	43.97
46	56.0	-35.0	-92.0	-4.0	51.0	-14.0	-34.0	-21.0	48.85
47	26.0	93.0	14.0	-59.0	-4.0	-9.0	-7.0	-19.0	50.09
48	-57.0	-2.0	98.0	-116.0	-37.0	17.0	76.0	-16.0	56.07
49	4.0	66.0	-15.0	-3.0	15.0	12.0	-77.0	27.0	50.09
50	-94.0	85.0	119.0	-84.0	-73.0	8.0	9.0	-29.0	52.83
51	-26.0	-47.0	-30.0	127.0	-1.0	-27.0	-27.0	-13.0	61.96
52	69.0	14.0	-29.0	50.0	-9.0	5.0	35.0	41.0	65.57
53	36.0	10.0	95.0	-8.0	12.0	-12.0	38.0	-3.0	65.93
54	-57.0	-18.0	45.0	-4.0	1.0	-11.0	76.0	69.0	65.93
55	-66.0	55.0	-84.0	84.0	2.0	-15.0	-2.0	1.0	64.41
56	-101.0	127.0	94.0	-79.0	-1.0	-1.0	-22.0	-35.0	67.61
57	127.0	-45.0	5.0	-98.0	4.0	26.0	-16.0	-14.0	77.25
58	-13.0	-95.0	81.0	-36.0	30.0	20.0	8.0	-12.0	79.67
59	51.0	101.0	19.0	-38.0	-9.0	38.0	-23.0	-18.0	80.28
60	127.0	-40.0	2.0	127.0	3.0	4.0	2.0	-14.0	80.28
61	117.0	57.0	-28.0	28.0	18.0	4.0	51.0	33.0	83.48
62	65.0	-6.0	41.0	-25.0	-2.0	-15.0	-91.0	5.0	88.42
63	-49.0	34.0	127.0	-13.0	7.0	4.0	10.0	-29.0	100.23
64	50.0	29.0	16.0	92.0	9.0	5.0	-19.0	71.0	95.74
65	49.0	110.0	2.0	60.0	-61.0	-14.0	5.0	-11.0	90.33
66	56.0	127.0	5.0	-9.0	11.0	-23.0	34.0	3.0	103.38
67	-63.0	-110.0	-53.0	21.0	20.0	33.0	-72.0	-39.0	105.82
68	-7.0	-31.0	51.0	-70.0	67.0	-10.0	2.0	-20.0	107.91
69	0.0	-109.0	117.0	3.0	-1.0	-15.0	8.0	2.0	107.91
70	37.0	127.0	-128.0	29.0	25.0	-9.0	-55.0	27.0	105.82
71	102.0	113.0	-115.0	53.0	10.0	28.0	-55.0	21.0	105.88
72	19.0	-5.0	40.0	-77.0	-19.0	-5.0	-64.0	8.0	104.93
73	-68.0	68.0	51.0	25.0	-15.0	0.0	38.0	5.0	104.71
74	-55.0	127.0	-11.0	-42.0	-49.0	2.0	-22.0	-20.0	108.35
75	63.0	15.0	-47.0	-44.0	-14.0	22.0	1.0	11.0	107.05
76	86.0	107.0	-2.0	-87.0	100.0	1.0	-18.0	27.0	109.27
77	-51.0	-75.0	25.0	64.0	2.0	-41.0	-40.0	-4.0	108.88
78	72.0	-62.0	-32.0	37.0	20.0	-12.0	-16.0	-20.0	108.37
79	-87.0	-26.0	13.0	-42.0	-16.0	-6.0	49.0	-18.0	106.98
80	-102.0	-48.0	56.0	7.0	18.0	-8.0	27.0	-6.0	108.35
81	48.0	-4.0	1.0	29.0	15.0	1.0	-31.0	2.0	108.37
82	73.0	-81.0	20.0	17.0	0.0	-26.0	-11.0	-1.0	105.88
83	-74.0	-54.0	53.0	-20.0	-20.0	11.0	3.0	14.0	90.33
84	13.0	-36.0	-47.0	-42.0	-36.0	-3.0	-2.0	-1.0	95.74
85	19.0	-32.0	-41.0	62.0	-7.0	13.0	15.0	-14.0	104.71
86	21.0	43.0	-56.0	-41.0	114.0	-2.0	-44.0	-3.0	105.61
