0	-3.0	-48.0	-69.0	61.0	-57.0	6.0	-13.0	1.0	106.43
1	1.0	-2.0	2.0	75.0	15.0	11.0	4.0	-4.0	101.71
2	28.0	28.0	-99.0	-128.0	-7.0	9.0	33.0	9.0	104.23
3	53.0	-68.0	52.0	8.0	-6.0	5.0	-65.0	-34.0	94.19
4	1.0	84.0	107.0	-57.0	-16.0	-9.0	92.0	-71.0	91.28
5	-90.0	16.0	43.0	66.0	-84.0	49.0	-44.0	-24.0	102.3
6	31.0	-81.0	7.0	-20.0	14.0	0.0	70.0	12.0	87.59
7	30.0	-34.0	-36.0	-1.0	126.0	35.0	-48.0	-30.0	85.1
8	-14.0	100.0	-11.0	-80.0	-56.0	-19.0	-12.0	74.0	86.67
9	30.0	-77.0	116.0	18.0	-12.0	-27.0	56.0	9.0	89.92
10	-60.0	-42.0	-50.0	-3.0	9.0	-8.0	-10.0	5.0	100.7
11	66.0	127.0	71.0	-48.0	-15.0	-11.0	20.0	-23.0	104.52
12	44.0	33.0	111.0	-110.0	-36.0	-36.0	7.0	-22.0	105.52
13	-8.0	74.0	-18.0	-65.0	28.0	11.0	-120.0	36.0	103.89
14	3.0	116.0	-21.0	-29.0	28.0	-33.0	33.0	-114.0	104.23
15	40.0	120.0	-35.0	86.0	-16.0	-27.0	-43.0	-11.0	95.79
16	127.0	-115.0	30.0	-19.0	66.0	-5.0	-19.0	-4.0	89.92
17	12.0	82.0	11.0	-13.0	17.0	10.0	61.0	-25.0	85.7
18	50.0	93.0	-44.0	26.0	-118.0	4.0	-14.0	16.0	85.1
19	-46.0	-53.0	-128.0	103.0	13.0	3.0	-5.0	-7.0	85.7
20	44.0	59.0	11.0	-20.0	10.0	-19.0	36.0	56.0	77.49
21	-100.0	127.0	-9.0	18.0	-6.0	-4.0	26.0	-33.0	76.93
22	-16.0	-80.0	84.0	3.0	47.0	2.0	3.0	5.0	72.89
23	-48.0	87.0	25.0	19.0	3.0	-21.0	-41.0	-30.0	67.69
24	-7.0	-83.0	35.0	63.0	-13.0	16.0	-16.0	-72.0	70.11
25	-107.0	86.0	-20.0	-114.0	-16.0	-24.0	95.0	38.0	67.69
26	64.0	71.0	16.0	-43.0	-23.0	13.0	-40.0	-10.0	60.42
27	-52.0	5.0	16.0	-9.0	-26.0	-8.0	4.0	0.0	63.46
28	11.0	-107.0	79.0	13.0	6.0	-5.0	127.0	-3.0	63.46
29	-24.0	68.0	7.0	127.0	-1.0	16.0	-14.0	-13.0	59.18
30	-90.0	127.0	4.0	-128.0	11.0	10.0	-22.0	-9.0	58.42
31	-103.0	127.0	-9.0	-13.0	48.0	90.0	98.0	61.0	58.24
32	67.0	36.0	53.0	-21.0	-22.0	7.0	-34.0	27.0	53.64
33	60.0	-59.0	-113.0	22.0	6.0	-40.0	-59.0	-82.0	57.31
34	36.0	-65.0	107.0	51.0	-42.0	-31.0	39.0	-2.0	60.38
35	120.0	37.0	-10.0	6.0	-10.0	10.0	-100.0	-85.0	58.71
36	-49.0	81.0	0.0	73.0	19.0	-22.0	-45.0	9.0	62.46
37	127.0	-42.0	27.0	-128.0	22.0	4.0	-35.0	21.0	65.29
38	-17.0	85.0	-48.0	7.0	19.0	18.0	49.0	-100.0	65.29
39	-106.0	43.0	85.0	32.0	4.0	1.0	-19.0	6.0	65.6
40	-85.0	17.0	-54.0	10.0	-25.0	-21.0	10.0	37.0	64.58
41	-61.0	-28.0	-45.0	71.0	7.0	-4.0	-51.0	29.0	64.12
42	-87.0	-25.0	20.0	31.0	5.0	-15.0	-32.0	51.0	64.58
43	-18.0	-116.0	26.0	93.0	18.0	-6.0	-24.0	-45.0	60.38
44	-12.0	-112.0	-2.0	106.0	-1.0	3.0	69.0	-56.0	59.18
45	41.0	56.0	108.0	-11.0	-16.0	-29.0	92.0	12.0	52.77
46	67.0	-128.0	42.0	-34.0	-19.0	-4.0	-45.0	26.0	52.77
47	90.0	34.0	40.0	-11.0	8.0	20.0	82.0	-91.0	49.16
48	-128.0	95.0	-19.0	-59.0	-10.0	11.0	-51.0	-1.0	40.28
49	81.0	-62.0	65.0	-54.0	31.0	-2.0	-2.0	-35.0	46.83
50	98.0	-37.0	-51.0	8.0	4.0	15.0	-17.0	102.0	46.39
51	-67.0	-34.0	1.0	4.0	-21.0	-36.0	-9.0	-90.0	40.28
52	-24.0	70.0	73.0	-78.0	-1.0	5.0	1.0	-59.0	39.27
53	-37.0	-39.0	-29.0	-53.0	21.0	18.0	28.0	73.0	35.97
54	127.0	-39.0	40.0	-64.0	-3.0	4.0	-65.0	-24.0	35.86
55	-20.0	-121.0	-3.0	-7.0	14.0	31.0	-6.0	20.0	35.86
56	58.0	127.0	-84.0	-35.0	-12.0	-3.0	8.0	6.0	46.83
57	-6.0	-34.0	-15.0	-38.0	-7.0	0.0	59.0	54.0	41.64
58	41.0	58.0	8.0	27.0	-37.0	-23.0	-8.0	23.0	50.53
59	-66.0	21.0	0.0	-11.0	-5.0	12.0	-2.0	70.0	56.21
60	54.0	-50.0	5.0	-12.0	-15.0	-4.0	-117.0	-56.0	53.64
61	-49.0	39.0	-7.0	73.0	-27.0	-6.0	9.0	-20.0	58.42
62	0.0	-108.0	-15.0	-114.0	-37.0	21.0	28.0	-28.0	59.0
63	4.0	-114.0	-74.0	-50.0	-20.0	11.0	-10.0	-30.0	62.77
64	59.0	53.0	54.0	-44.0	-29.0	8.0	39.0	-39.0	64.12
65	34.0	-4.0	-128.0	25.0	51.0	14.0	9.0	-47.0	66.27
66	8.0	48.0	11.0	-24.0	-22.0	-12.0	62.0	8.0	71.58
67	40.0	101.0	21.0	111.0	-1.0	-23.0	31.0	84.0	76.93
68	72.0	89.0	11.0	-19.0	16.0	10.0	-33.0	-79.0	74.88
69	-45.0	17.0	-14.0	68.0	5.0	7.0	-20.0	18.0	72.89
70	47.0	111.0	36.0	-82.0	31.0	20.0	9.0	109.0	77.49
71	-128.0	-2.0	17.0	-6.0	-12.0	19.0	-32.0	-16.0	78.81
72	35.0	-81.0	127.0	77.0	24.0	6.0	-18.0	-6.0	97.55
73	46.0	-128.0	-71.0	-36.0	-43.0	4.0	5.0	-2.0	92.65
74	-87.0	91.0	-30.0	16.0	-1.0	-14.0	5.0	15.0	95.79
75	-44.0	16.0	-60.0	31.0	-4.0	-2.0	69.0	-11.0	97.55
76	0.0	23.0	-18.0	-56.0	52.0	-14.0	84.0	96.0	96.49
77	49.0	-128.0	6.0	-4.0	9.0	10.0	-87.0	40.0	99.29
78	-66.0	127.0	3.0	47.0	-12.0	0.0	25.0	75.0	94.19
79	-128.0	68.0	-76.0	-84.0	33.0	-7.0	-13.0	-121.0	102.3
80	127.0	43.0	5.0	-22.0	29.0	-13.0	-79.0	79.0	106.58
81	61.0	97.0	116.0	50.0	3.0	4.0	-47.0	-41.0	106.76
82	92.0	-48.0	26.0	107.0	-29.0	-23.0	56.0	-22.0	106.14
83	-87.0	-59.0	-7.0	-88.0	9.0	-18.0	19.0	-33.0	105.52
84	47.0	9.0	36.0	47.0	14.0	11.0	37.0	-39.0	107.03
85	-59.0	-45.0	-9.0	-102.0	-15.0	6.0	46.0	-18.0	107.03
86	-90.0	-27.0	-104.0	-128.0	32.0	48.0	-53.0	37.0	106.76
