0	102.0	121.0	-11.0	72.0	1.0	-49.0	-2.0	8.0	76.08
1	-9.0	58.0	-128.0	-16.0	27.0	7.0	6.0	-17.0	64.17
2	-5.0	95.0	-42.0	121.0	3.0	26.0	14.0	-16.0	66.11
3	7.0	53.0	40.0	-26.0	14.0	-9.0	43.0	-22.0	58.31
4	-90.0	-81.0	-19.0	-47.0	16.0	-7.0	-3.0	-30.0	63.1
5	-74.0	127.0	-2.0	22.0	21.0	1.0	12.0	-4.0	54.68
6	52.0	-35.0	41.0	43.0	-21.0	4.0	-44.0	27.0	77.43
7	113.0	127.0	-41.0	48.0	-15.0	-5.0	55.0	-38.0	77.85
8	-128.0	-128.0	-41.0	5.0	0.0	-17.0	20.0	59.0	71.77
9	72.0	-89.0	40.0	-55.0	30.0	-16.0	15.0	36.0	81.56
10	25.0	127.0	-10.0	8.0	-12.0	7.0	-24.0	-25.0	83.15
11	-27.0	-4.0	127.0	-33.0	-32.0	12.0	-47.0	16.0	84.25
12	127.0	-44.0	-38.0	-63.0	34.0	-5.0	42.0	-4.0	69.16
13	-75.0	-53.0	-4.0	45.0	-1.0	-32.0	-5.0	-12.0	82.96
14	-6.0	57.0	96.0	103.0	1.0	7.0	0.0	-2.0	82.12
15	-75.0	-46.0	-18.0	-29.0	-13.0	-20.0	-18.0	-14.0	77.43
16	27.0	-71.0	-88.0	35.0	-3.0	17.0	47.0	-40.0	85.38
17	97.0	104.0	78.0	-84.0	-17.0	15.0	-57.0	-9.0	77.58
18	-64.0	45.0	-11.0	-94.0	12.0	-4.0	7.0	-11.0	86.43
19	15.0	127.0	-14.0	41.0	8.0	23.0	48.0	-47.0	86.43
20	-105.0	58.0	5.0	20.0	-2.0	6.0	-41.0	1.0	90.28
21	-108.0	-2.0	-23.0	26.0	3.0	7.0	-36.0	41.0	100.89
22	28.0	-83.0	-19.0	-29.0	-29.0	-24.0	16.0	22.0	103.97
23	-53.0	10.0	-96.0	11.0	23.0	5.0	-47.0	-48.0	105.4
24	48.0	-14.0	3.0	105.0	-22.0	-2.0	40.0	19.0	109.77
25	-128.0	-22.0	-16.0	30.0	-18.0	26.0	-33.0	3.0	115.28
26	102.0	101.0	110.0	3.0	9.0	19.0	4.0	31.0	120.64
27	-96.0	-128.0	3.0	-39.0	-8.0	17.0	-20.0	-34.0	123.17
28	58.0	20.0	-98.0	21.0	-47.0	46.0	11.0	11.0	123.17
29	124.0	-49.0	-29.0	-52.0	-19.0	-14.0	2.0	7.0	123.31
30	-99.0	-97.0	32.0	102.0	-9.0	-16.0	-4.0	11.0	123.25
31	121.0	-35.0	79.0	-13.0	-1.0	30.0	13.0	-35.0	122.55
32	6.0	63.0	62.0	-128.0	-1.0	12.0	8.0	11.0	123.25
33	28.0	127.0	-50.0	1.0	8.0	-30.0	63.0	4.0	121.67
34	8.0	-105.0	-59.0	-13.0	28.0	4.0	-29.0	38.0	119.46
35	15.0	5.0	58.0	-76.0	31.0	3.0	12.0	-14.0	119.46
36	-3.0	127.0	11.0	-42.0	-36.0	8.0	-19.0	-43.0	118.14
37	59.0	-128.0	38.0	59.0	6.0	-25.0	-34.0	28.0	115.28
38	4.0	127.0	68.0	-27.0	15.0	8.0	6.0	-12.0	116.89
39	-49.0	-93.0	13.0	27.0	-1.0	-20.0	-11.0	-15.0	116.51
40	127.0	-80.0	28.0	49.0	9.0	-10.0	5.0	19.0	113.59
41	-128.0	36.0	31.0	82.0	-7.0	29.0	-45.0	11.0	121.22
42	7.0	-61.0	-1.0	-49.0	6.0	-36.0	2.0	34.0	121.67
43	-38.0	-40.0	-10.0	9.0	-13.0	-24.0	10.0	-6.0	122.53
44	29.0	-49.0	33.0	4.0	9.0	-5.0	-11.0	19.0	119.39
45	-105.0	1.0	-119.0	31.0	-13.0	-8.0	37.0	-20.0	109.77
46	-73.0	-15.0	109.0	12.0	2.0	18.0	11.0	-2.0	107.92
47	14.0	57.0	-3.0	63.0	-7.0	-52.0	5.0	-10.0	111.66
48	89.0	80.0	-124.0	74.0	13.0	43.0	-2.0	-4.0	113.57
49	71.0	-88.0	29.0	-82.0	-17.0	-11.0	-123.0	5.0	107.92
50	96.0	-51.0	-66.0	-74.0	6.0	-15.0	17.0	-6.0	109.77
51	119.0	-43.0	67.0	-91.0	1.0	-33.0	30.0	15.0	119.39
52	110.0	86.0	127.0	-79.0	-14.0	43.0	26.0	-11.0	106.44
53	-128.0	-73.0	-30.0	-15.0	-12.0	11.0	0.0	10.0	107.1
54	33.0	-7.0	42.0	74.0	-9.0	1.0	-24.0	3.0	103.97
55	-48.0	60.0	-110.0	-117.0	16.0	10.0	9.0	-2.0	99.67
56	-112.0	24.0	-2.0	-7.0	-8.0	-30.0	0.0	-11.0	95.76
57	65.0	-60.0	-67.0	42.0	2.0	26.0	-4.0	9.0	92.93
58	6.0	-59.0	54.0	125.0	2.0	-1.0	-74.0	9.0	95.76
59	-96.0	-88.0	54.0	-10.0	-10.0	27.0	80.0	-16.0	86.94
60	66.0	-112.0	-7.0	-74.0	2.0	-4.0	44.0	-6.0	82.12
61	52.0	-8.0	31.0	16.0	86.0	-31.0	-16.0	-8.0	84.25
62	57.0	100.0	2.0	40.0	-37.0	5.0	-73.0	6.0	69.16
63	-17.0	41.0	-76.0	-35.0	1.0	0.0	-18.0	22.0	66.9
64	127.0	52.0	20.0	-81.0	27.0	-10.0	-62.0	-3.0	62.61
65	-39.0	36.0	-23.0	46.0	1.0	-8.0	44.0	-23.0	49.8
66	-93.0	100.0	45.0	-61.0	1.0	3.0	-4.0	-7.0	52.78
67	9.0	-98.0	-52.0	79.0	38.0	13.0	10.0	-10.0	54.37
68	2.0	127.0	7.0	-20.0	-18.0	10.0	-25.0	61.0	50.15
69	-106.0	-107.0	13.0	-32.0	-30.0	12.0	-73.0	12.0	52.38
70	22.0	7.0	-64.0	-10.0	33.0	6.0	-17.0	23.0	50.92
71	-8.0	54.0	-27.0	-39.0	-18.0	35.0	7.0	-7.0	51.18
72	116.0	-119.0	37.0	-53.0	-1.0	-4.0	34.0	0.0	58.31
73	39.0	-75.0	103.0	-14.0	-34.0	-8.0	-4.0	-18.0	63.16
74	8.0	-118.0	24.0	-14.0	-4.0	1.0	44.0	21.0	54.68
75	75.0	-122.0	11.0	-22.0	21.0	0.0	75.0	-7.0	49.59
76	-38.0	113.0	-43.0	-20.0	-12.0	-1.0	-36.0	-50.0	50.92
77	-43.0	96.0	-8.0	87.0	15.0	19.0	5.0	22.0	49.48
78	104.0	100.0	-67.0	-128.0	63.0	24.0	9.0	-50.0	49.59
79	-74.0	-128.0	46.0	3.0	-4.0	24.0	21.0	12.0	51.18
80	37.0	-5.0	92.0	-73.0	-10.0	8.0	93.0	4.0	66.11
81	-29.0	-90.0	-56.0	-78.0	0.0	-47.0	5.0	-13.0	66.79
82	51.0	-88.0	-5.0	-18.0	0.0	-32.0	-27.0	4.0	66.79
