0	110.0	45.0	50.0	-128.0	126.0	7.0	-34.0	67.0	77.32
1	-1.0	-28.0	-127.0	45.0	-8.0	-11.0	51.0	-26.0	77.84
2	-8.0	93.0	70.0	53.0	-25.0	-21.0	-9.0	-28.0	73.89
3	-128.0	-73.0	-47.0	25.0	-13.0	-24.0	-18.0	8.0	69.51
4	-25.0	-92.0	-12.0	-57.0	-7.0	1.0	7.0	-13.0	66.31
5	-128.0	48.0	-17.0	37.0	26.0	-6.0	-8.0	20.0	63.21
6	3.0	-40.0	37.0	-42.0	-21.0	-17.0	-4.0	-36.0	59.73
7	-111.0	89.0	-126.0	-26.0	13.0	4.0	-17.0	-4.0	63.47
8	20.0	123.0	48.0	56.0	-10.0	-8.0	-11.0	16.0	60.49
9	103.0	-118.0	-57.0	-6.0	5.0	-12.0	-13.0	-11.0	64.51
10	-40.0	77.0	-128.0	-70.0	13.0	-14.0	103.0	-58.0	61.58
11	75.0	-95.0	111.0	-90.0	-12.0	56.0	-22.0	-30.0	57.92
12	42.0	35.0	-65.0	-33.0	-4.0	1.0	-44.0	16.0	57.57
13	-78.0	111.0	8.0	2.0	-23.0	-7.0	23.0	-13.0	50.0
14	-100.0	-116.0	-14.0	-55.0	-18.0	-7.0	-26.0	79.0	51.09
15	101.0	-45.0	-14.0	-59.0	26.0	-6.0	27.0	-2.0	40.37
16	-80.0	68.0	75.0	6.0	24.0	13.0	-116.0	6.0	40.92
17	57.0	-87.0	109.0	-13.0	-2.0	-10.0	18.0	-30.0	40.67
18	44.0	76.0	-1.0	53.0	-12.0	-10.0	6.0	-19.0	40.37
19	16.0	-57.0	31.0	0.0	-49.0	-5.0	4.0	10.0	40.92
20	-73.0	79.0	-93.0	0.0	-18.0	-3.0	-37.0	-54.0	57.57
21	-2.0	48.0	-27.0	-81.0	-16.0	18.0	16.0	-44.0	44.63
22	18.0	-107.0	-128.0	32.0	-73.0	-19.0	-6.0	-1.0	41.67
23	35.0	32.0	-78.0	-30.0	53.0	-2.0	-8.0	-14.0	51.09
24	21.0	-68.0	37.0	42.0	-13.0	-18.0	-44.0	10.0	44.63
25	63.0	35.0	82.0	-28.0	100.0	-1.0	27.0	13.0	40.44
26	84.0	26.0	72.0	-7.0	-16.0	0.0	-9.0	-30.0	50.0
27	-43.0	-120.0	79.0	109.0	1.0	-11.0	-2.0	-51.0	49.52
28	-97.0	51.0	-89.0	-47.0	-2.0	9.0	-56.0	10.0	51.28
29	-52.0	68.0	50.0	22.0	-41.0	-10.0	52.0	-18.0	54.19
30	-114.0	-41.0	43.0	-81.0	56.0	1.0	17.0	-18.0	52.39
31	43.0	-110.0	-77.0	51.0	-36.0	0.0	-27.0	-10.0	54.19
32	-62.0	51.0	40.0	24.0	61.0	0.0	-14.0	-13.0	55.86
33	-6.0	31.0	31.0	69.0	-25.0	-6.0	-37.0	13.0	59.12
34	52.0	110.0	-47.0	101.0	12.0	-14.0	-12.0	10.0	60.49
35	38.0	-114.0	127.0	-33.0	-20.0	22.0	-13.0	-56.0	64.2
36	-84.0	-68.0	-9.0	12.0	25.0	-13.0	15.0	18.0	61.58
37	127.0	-81.0	52.0	-6.0	3.0	-20.0	-3.0	-5.0	65.96
38	18.0	-9.0	-65.0	90.0	-8.0	5.0	-15.0	2.0	63.6
39	20.0	12.0	-20.0	-23.0	-18.0	-31.0	-27.0	-2.0	61.84
40	12.0	110.0	-19.0	85.0	45.0	13.0	14.0	-36.0	65.11
41	12.0	111.0	-46.0	-49.0	15.0	-19.0	-15.0	-19.0	63.47
42	-46.0	94.0	-39.0	51.0	1.0	127.0	13.0	-7.0	64.2
43	-71.0	-66.0	-7.0	67.0	-18.0	-7.0	-25.0	-3.0	63.21
44	-106.0	-86.0	-28.0	-27.0	10.0	28.0	17.0	13.0	62.56
45	-35.0	-48.0	56.0	-43.0	22.0	1.0	8.0	10.0	67.18
46	-54.0	-115.0	36.0	54.0	1.0	-24.0	8.0	33.0	65.96
47	127.0	-112.0	37.0	-113.0	40.0	9.0	15.0	0.0	66.31
48	-35.0	-63.0	-32.0	75.0	21.0	3.0	22.0	5.0	68.26
49	116.0	42.0	11.0	86.0	72.0	4.0	-6.0	-18.0	69.51
50	-97.0	68.0	66.0	-49.0	-4.0	-3.0	40.0	-19.0	76.36
51	-87.0	-35.0	80.0	9.0	-9.0	-9.0	-25.0	-31.0	84.72
52	40.0	23.0	-8.0	-1.0	27.0	-5.0	75.0	42.0	82.63
53	2.0	87.0	-50.0	-83.0	12.0	13.0	-21.0	5.0	85.38
54	-46.0	-103.0	-23.0	-54.0	-1.0	-21.0	49.0	-10.0	82.01
55	31.0	50.0	-53.0	-9.0	-5.0	-4.0	34.0	6.0	84.19
56	-36.0	34.0	47.0	18.0	82.0	8.0	-22.0	6.0	86.08
57	-10.0	-17.0	-43.0	-57.0	3.0	35.0	2.0	-3.0	85.41
58	19.0	127.0	-63.0	70.0	13.0	-11.0	5.0	-25.0	85.4
59	14.0	-110.0	9.0	-28.0	-16.0	25.0	-25.0	-16.0	88.97
60	-128.0	-75.0	8.0	-1.0	10.0	11.0	19.0	-1.0	93.79
61	-32.0	-126.0	43.0	-109.0	-9.0	3.0	-20.0	4.0	94.15
62	-112.0	-106.0	127.0	4.0	-7.0	-5.0	-14.0	90.0	92.76
63	85.0	0.0	-61.0	-43.0	44.0	10.0	-10.0	-8.0	86.69
64	66.0	37.0	21.0	32.0	-18.0	39.0	-110.0	-25.0	93.07
65	-20.0	85.0	2.0	127.0	16.0	15.0	95.0	-10.0	89.94
66	78.0	-74.0	3.0	-3.0	-13.0	-16.0	113.0	-5.0	92.76
67	-100.0	97.0	10.0	76.0	-54.0	4.0	-20.0	4.0	91.71
68	-57.0	-128.0	26.0	-82.0	4.0	-4.0	-22.0	4.0	94.09
69	33.0	121.0	-99.0	-95.0	-25.0	4.0	13.0	-38.0	94.09
70	-77.0	-101.0	-128.0	28.0	-23.0	15.0	-29.0	-18.0	94.0
71	53.0	-2.0	-65.0	-56.0	-4.0	-8.0	-6.0	27.0	91.21
72	-58.0	-111.0	25.0	-26.0	-16.0	33.0	-13.0	-3.0	86.69
73	-128.0	95.0	51.0	-36.0	-9.0	11.0	4.0	15.0	89.94
74	-102.0	70.0	5.0	26.0	0.0	-3.0	28.0	-23.0	94.0
75	16.0	-12.0	7.0	-11.0	-23.0	0.0	1.0	51.0	93.07
76	3.0	40.0	24.0	73.0	10.0	14.0	-10.0	-20.0	94.08
77	13.0	-23.0	127.0	-1.0	-2.0	-25.0	-29.0	7.0	86.08
78	-49.0	-88.0	-36.0	-16.0	-44.0	4.0	9.0	36.0	85.38
79	127.0	-85.0	-128.0	26.0	-7.0	-30.0	-95.0	-36.0	84.72
80	-37.0	76.0	45.0	45.0	-2.0	25.0	11.0	-38.0	81.17
81	-15.0	127.0	-16.0	-28.0	-43.0	-39.0	-43.0	-19.0	76.36
82	63.0	-71.0	36.0	-41.0	5.0	6.0	2.0	6.0	79.0
83	-36.0	109.0	-71.0	75.0	3.0	5.0	-44.0	-15.0	73.89
84	-9.0	-24.0	57.0	-53.0	13.0	-21.0	-48.0	3.0	69.2
85	17.0	52.0	30.0	54.0	-11.0	-5.0	19.0	26.0	75.2
86	-18.0	-105.0	-128.0	-40.0	-1.0	-27.0	-80.0	6.0	75.2
87	89.0	-37.0	-90.0	-32.0	25.0	-18.0	-41.0	-3.0	80.58
88	12.0	-96.0	83.0	72.0	-10.0	-30.0	56.0	-21.0	80.58
