0	-29.0	54.0	22.0	105.0	-14.0	24.0	18.0	-1.0	57.28
1	-28.0	-16.0	127.0	46.0	-8.0	5.0	-1.0	1.0	52.05
2	-89.0	98.0	57.0	-38.0	19.0	10.0	9.0	-5.0	56.79
3	-17.0	-88.0	-84.0	27.0	7.0	-31.0	29.0	43.0	41.48
4	-68.0	-96.0	16.0	41.0	3.0	16.0	-1.0	7.0	41.48
5	-12.0	103.0	-67.0	19.0	17.0	-1.0	9.0	13.0	41.2
6	22.0	28.0	32.0	54.0	-69.0	0.0	-7.0	23.0	40.74
7	64.0	-61.0	95.0	82.0	11.0	-2.0	6.0	0.0	40.88
8	96.0	-123.0	-14.0	45.0	-19.0	2.0	-14.0	-29.0	40.44
9	-54.0	58.0	39.0	-7.0	-1.0	13.0	-9.0	0.0	40.41
10	-128.0	2.0	-23.0	48.0	10.0	-14.0	-4.0	15.0	40.66
11	74.0	78.0	-4.0	-42.0	-6.0	4.0	-7.0	5.0	40.44
12	-3.0	109.0	-66.0	-45.0	4.0	5.0	6.0	-19.0	41.16
13	-68.0	-115.0	81.0	-26.0	-28.0	2.0	-6.0	1.0	40.88
14	-94.0	94.0	-60.0	98.0	-3.0	-4.0	9.0	22.0	52.05
15	-59.0	-76.0	47.0	-14.0	1.0	-14.0	-3.0	20.0	41.16
16	105.0	-128.0	69.0	-90.0	-14.0	10.0	-10.0	-4.0	57.16
17	127.0	125.0	99.0	6.0	23.0	-13.0	0.0	2.0	57.28
18	-111.0	-63.0	-57.0	-8.0	-4.0	9.0	23.0	0.0	52.7
19	-69.0	42.0	53.0	11.0	29.0	-20.0	4.0	14.0	65.42
20	25.0	-65.0	27.0	-27.0	17.0	3.0	-87.0	-17.0	75.07
21	-25.0	-15.0	6.0	60.0	10.0	-16.0	-6.0	-55.0	73.77
22	127.0	127.0	-128.0	52.0	9.0	0.0	9.0	-5.0	72.65
23	38.0	-113.0	-7.0	-21.0	-11.0	-6.0	-16.0	4.0	67.41
24	-66.0	-128.0	60.0	83.0	21.0	-6.0	-32.0	-5.0	73.77
25	38.0	89.0	-67.0	-80.0	26.0	2.0	31.0	-26.0	81.2
26	29.0	86.0	90.0	-9.0	-29.0	11.0	1.0	-19.0	79.61
27	127.0	-109.0	-17.0	27.0	-4.0	25.0	-7.0	14.0	78.83
28	-56.0	24.0	102.0	-56.0	-7.0	-18.0	-23.0	1.0	79.78
29	-128.0	-64.0	0.0	25.0	17.0	-1.0	-39.0	2.0	77.43
30	-125.0	-17.0	43.0	-8.0	-19.0	-13.0	25.0	-5.0	79.61
31	87.0	-93.0	-49.0	-4.0	17.0	22.0	-19.0	-32.0	83.58
32	78.0	5.0	-36.0	46.0	-21.0	-8.0	26.0	-7.0	81.64
33	127.0	-88.0	100.0	7.0	12.0	-66.0	-12.0	13.0	85.76
34	103.0	-19.0	-89.0	26.0	45.0	10.0	-7.0	-18.0	89.29
35	-51.0	-73.0	-25.0	31.0	-20.0	-3.0	-15.0	-15.0	90.12
36	-10.0	-98.0	-47.0	1.0	-19.0	2.0	-10.0	-10.0	84.85
37	127.0	-38.0	-27.0	-82.0	17.0	21.0	10.0	-31.0	89.11
38	-17.0	52.0	83.0	0.0	22.0	-15.0	-10.0	21.0	87.95
39	-109.0	12.0	0.0	109.0	-4.0	-9.0	24.0	-20.0	91.61
40	9.0	-68.0	-31.0	-63.0	-15.0	4.0	-15.0	13.0	92.62
41	-112.0	117.0	-33.0	46.0	16.0	-25.0	-18.0	3.0	81.64
42	60.0	33.0	-69.0	-28.0	1.0	-18.0	-1.0	-13.0	84.85
43	108.0	80.0	63.0	-60.0	2.0	2.0	-6.0	-3.0	82.68
44	127.0	-120.0	10.0	-44.0	42.0	-11.0	21.0	-3.0	82.68
45	4.0	-92.0	-121.0	-48.0	-14.0	-6.0	-1.0	-22.0	86.59
46	-7.0	-66.0	-4.0	32.0	-2.0	0.0	-14.0	-3.0	85.11
47	32.0	61.0	33.0	-7.0	-7.0	-6.0	-16.0	12.0	84.83
48	-43.0	19.0	-60.0	84.0	12.0	-28.0	7.0	-10.0	87.62
49	56.0	54.0	-95.0	113.0	13.0	-4.0	-7.0	1.0	93.35
50	51.0	-60.0	-10.0	-128.0	-4.0	-5.0	-35.0	-28.0	92.81
51	56.0	109.0	78.0	106.0	10.0	9.0	-29.0	-28.0	92.62
52	-13.0	82.0	12.0	-22.0	5.0	-33.0	11.0	-5.0	95.42
53	19.0	-6.0	-97.0	-47.0	5.0	9.0	-16.0	-24.0	92.96
54	-44.0	38.0	-44.0	-118.0	-2.0	-11.0	-7.0	19.0	92.96
55	-82.0	11.0	93.0	45.0	-18.0	-22.0	8.0	-19.0	91.37
56	-94.0	-98.0	97.0	-34.0	20.0	21.0	-4.0	-19.0	89.11
57	-37.0	-46.0	93.0	-24.0	-12.0	-15.0	-23.0	27.0	89.29
58	38.0	127.0	26.0	42.0	6.0	12.0	8.0	43.0	92.37
59	49.0	-8.0	41.0	-128.0	2.0	-14.0	23.0	-43.0	84.83
60	43.0	75.0	2.0	53.0	-51.0	-5.0	-1.0	-14.0	87.62
61	125.0	33.0	25.0	-44.0	14.0	1.0	6.0	19.0	82.62
62	-2.0	46.0	-26.0	7.0	57.0	-35.0	4.0	-2.0	77.43
63	-85.0	117.0	-4.0	-30.0	23.0	3.0	17.0	31.0	76.2
64	-48.0	31.0	-81.0	-78.0	-35.0	2.0	12.0	2.0	75.07
65	85.0	-44.0	50.0	70.0	-4.0	-16.0	-2.0	-19.0	73.93
66	-18.0	46.0	12.0	-41.0	-19.0	10.0	-37.0	23.0	62.36
67	60.0	-128.0	60.0	16.0	0.0	-20.0	-8.0	13.0	65.36
68	60.0	-46.0	107.0	-26.0	8.0	9.0	11.0	11.0	68.82
69	44.0	86.0	-39.0	43.0	-31.0	-12.0	-95.0	20.0	57.49
70	-36.0	35.0	47.0	49.0	0.0	-24.0	-23.0	-15.0	62.36
71	29.0	95.0	127.0	-27.0	11.0	3.0	7.0	12.0	62.89
72	51.0	119.0	-25.0	22.0	-7.0	-2.0	-32.0	3.0	61.11
73	-109.0	-43.0	-106.0	-70.0	-5.0	26.0	56.0	6.0	61.11
74	-100.0	3.0	-3.0	9.0	-11.0	-16.0	-6.0	2.0	65.42
75	26.0	-75.0	-13.0	73.0	-10.0	-15.0	-6.0	-9.0	69.51
76	-74.0	-14.0	4.0	-11.0	4.0	4.0	28.0	-9.0	67.41
77	-23.0	85.0	112.0	-57.0	-3.0	23.0	-27.0	-15.0	61.11
78	-27.0	51.0	15.0	-35.0	-9.0	21.0	-3.0	8.0	60.12
79	84.0	127.0	-41.0	43.0	-6.0	-2.0	-1.0	-6.0	61.11
80	-4.0	-5.0	31.0	127.0	-35.0	7.0	-56.0	5.0	41.88
81	-47.0	127.0	-5.0	-84.0	3.0	-24.0	7.0	-15.0	59.93
82	51.0	127.0	-1.0	61.0	-9.0	2.0	28.0	-11.0	60.1
83	-85.0	-128.0	23.0	-39.0	-12.0	4.0	15.0	42.0	57.16
84	-18.0	-46.0	-68.0	57.0	-4.0	6.0	-5.0	4.0	54.92
