0	-122.0	12.0	-8.0	-3.0	-20.0	14.0	-46.0	27.0	35.73
1	127.0	-29.0	-20.0	21.0	66.0	-33.0	-20.0	-34.0	47.57
2	102.0	46.0	22.0	-44.0	29.0	21.0	5.0	-49.0	53.39
3	-88.0	-55.0	-7.0	48.0	34.0	-25.0	-6.0	22.0	57.81
4	89.0	-16.0	19.0	-86.0	-7.0	15.0	1.0	12.0	49.57
5	9.0	-8.0	-6.0	116.0	41.0	4.0	-69.0	-25.0	59.21
6	-56.0	70.0	124.0	-34.0	-12.0	-18.0	6.0	-26.0	54.92
7	-128.0	-54.0	-91.0	127.0	-42.0	25.0	2.0	60.0	59.21
8	5.0	32.0	-17.0	-128.0	-10.0	-7.0	7.0	7.0	57.81
9	-27.0	26.0	112.0	-91.0	-4.0	-50.0	26.0	-19.0	59.54
10	71.0	23.0	-30.0	107.0	-8.0	13.0	-14.0	48.0	63.13
11	39.0	-56.0	-19.0	-128.0	36.0	6.0	-34.0	-51.0	61.32
12	-32.0	-128.0	26.0	-100.0	18.0	-6.0	-63.0	25.0	72.61
13	28.0	-22.0	82.0	-61.0	-21.0	3.0	24.0	12.0	80.45
14	-114.0	16.0	-76.0	-30.0	-11.0	5.0	-70.0	-19.0	78.9
15	125.0	-76.0	-12.0	-9.0	-16.0	-7.0	77.0	24.0	86.21
16	64.0	8.0	31.0	4.0	-15.0	-20.0	-7.0	-45.0	74.38
17	-20.0	33.0	-17.0	47.0	-22.0	0.0	16.0	17.0	69.63
18	78.0	-10.0	-91.0	-86.0	9.0	21.0	2.0	-38.0	63.17
19	-93.0	-80.0	31.0	-38.0	2.0	9.0	43.0	-12.0	64.89
20	-32.0	23.0	37.0	86.0	-7.0	-27.0	-22.0	27.0	63.17
21	-82.0	-20.0	-12.0	13.0	14.0	6.0	-37.0	-43.0	72.61
22	96.0	-11.0	38.0	-15.0	23.0	-9.0	3.0	1.0	83.62
23	-96.0	-124.0	21.0	2.0	-3.0	-19.0	-128.0	51.0	83.93
24	117.0	127.0	-33.0	-39.0	-3.0	12.0	-52.0	-40.0	92.48
25	-36.0	-128.0	9.0	-22.0	-16.0	3.0	-41.0	29.0	86.21
26	-5.0	47.0	28.0	58.0	-20.0	-13.0	-14.0	-33.0	80.45
27	8.0	49.0	27.0	-61.0	-6.0	15.0	-1.0	-2.0	90.85
28	63.0	-40.0	-4.0	-52.0	-6.0	-4.0	-9.0	-43.0	87.43
29	127.0	98.0	-7.0	-128.0	-16.0	3.0	77.0	-25.0	95.65
30	81.0	5.0	4.0	4.0	6.0	-3.0	29.0	28.0	102.06
31	-72.0	102.0	-67.0	43.0	-14.0	5.0	-39.0	6.0	102.43
32	51.0	-19.0	14.0	-66.0	15.0	-4.0	43.0	-21.0	96.7
33	-102.0	32.0	-13.0	5.0	-25.0	-31.0	12.0	22.0	103.11
34	127.0	-96.0	16.0	29.0	26.0	9.0	-12.0	7.0	102.43
35	-66.0	127.0	24.0	-23.0	-11.0	16.0	30.0	-24.0	105.43
36	-114.0	4.0	36.0	121.0	-8.0	12.0	-44.0	-7.0	113.49
37	-1.0	-106.0	123.0	-43.0	18.0	11.0	20.0	35.0	111.48
38	-13.0	-29.0	-51.0	-56.0	-21.0	-32.0	9.0	3.0	105.99
39	93.0	77.0	-2.0	11.0	10.0	-54.0	23.0	22.0	113.49
40	-27.0	67.0	-37.0	127.0	-15.0	45.0	-36.0	46.0	105.99
41	114.0	76.0	-3.0	-41.0	20.0	10.0	-13.0	-8.0	113.46
42	-13.0	-128.0	78.0	127.0	-10.0	10.0	-42.0	2.0	113.78
43	-13.0	97.0	-52.0	28.0	14.0	55.0	18.0	29.0	113.88
44	20.0	95.0	33.0	-14.0	53.0	-12.0	-11.0	-39.0	115.23
45	19.0	127.0	58.0	2.0	-14.0	3.0	6.0	-7.0	114.52
46	-128.0	-34.0	23.0	7.0	-16.0	7.0	57.0	39.0	114.52
47	-98.0	-76.0	-52.0	-25.0	3.0	-11.0	26.0	-25.0	112.92
48	56.0	94.0	89.0	-14.0	-11.0	-4.0	9.0	1.0	113.46
49	57.0	14.0	33.0	-7.0	3.0	10.0	-46.0	-3.0	105.43
50	62.0	80.0	-92.0	20.0	6.0	-13.0	-51.0	-21.0	95.65
51	15.0	-69.0	-108.0	9.0	5.0	-12.0	127.0	7.0	93.34
52	-10.0	60.0	31.0	20.0	-27.0	55.0	0.0	-25.0	92.48
53	-20.0	-45.0	6.0	-22.0	-4.0	-22.0	-93.0	18.0	91.31
54	-127.0	-60.0	1.0	-20.0	24.0	10.0	-23.0	1.0	89.61
55	-15.0	-43.0	9.0	41.0	-20.0	12.0	-7.0	-29.0	90.85
56	127.0	-90.0	-50.0	44.0	21.0	-63.0	-29.0	79.0	88.49
57	1.0	105.0	36.0	-39.0	-31.0	3.0	-21.0	-1.0	78.03
58	-47.0	-23.0	66.0	20.0	-10.0	16.0	5.0	32.0	71.1
59	-45.0	-4.0	27.0	-82.0	14.0	5.0	36.0	1.0	75.45
60	0.0	-48.0	-62.0	-39.0	2.0	-10.0	-19.0	-47.0	76.76
61	-128.0	127.0	4.0	17.0	3.0	10.0	57.0	6.0	76.76
62	-53.0	12.0	-33.0	21.0	7.0	27.0	110.0	-15.0	70.89
63	-40.0	-20.0	-6.0	-61.0	-15.0	-18.0	53.0	-30.0	88.49
64	45.0	107.0	4.0	13.0	20.0	-9.0	16.0	-1.0	81.6
65	-2.0	88.0	-25.0	92.0	-9.0	-10.0	34.0	16.0	68.22
66	41.0	-78.0	-4.0	-61.0	-29.0	-8.0	-43.0	14.0	73.7
67	80.0	62.0	-128.0	0.0	-5.0	32.0	-79.0	16.0	75.45
68	127.0	127.0	2.0	-99.0	12.0	5.0	15.0	-19.0	70.89
69	-85.0	100.0	22.0	33.0	26.0	-18.0	-42.0	-23.0	67.84
70	-27.0	-81.0	23.0	35.0	-17.0	12.0	53.0	-27.0	81.6
71	71.0	37.0	-47.0	0.0	7.0	-5.0	-3.0	18.0	65.91
72	50.0	123.0	2.0	-13.0	8.0	-2.0	-43.0	18.0	67.84
73	11.0	27.0	-1.0	9.0	-12.0	12.0	99.0	-12.0	64.89
74	49.0	112.0	-14.0	10.0	46.0	21.0	-6.0	22.0	61.18
75	-74.0	7.0	34.0	-33.0	4.0	31.0	-4.0	2.0	57.18
76	-20.0	29.0	-29.0	0.0	4.0	35.0	51.0	17.0	59.54
77	127.0	-13.0	-128.0	-62.0	-25.0	-12.0	-14.0	-7.0	53.66
78	5.0	1.0	0.0	-26.0	-15.0	10.0	68.0	31.0	48.41
79	19.0	94.0	-75.0	-93.0	-4.0	26.0	12.0	30.0	48.41
80	127.0	48.0	-68.0	-15.0	10.0	-23.0	-23.0	5.0	35.73
81	50.0	60.0	-39.0	-15.0	-16.0	-24.0	59.0	-36.0	35.99
82	67.0	19.0	17.0	75.0	-52.0	-29.0	43.0	-7.0	35.57
83	118.0	121.0	16.0	14.0	41.0	18.0	-78.0	-6.0	42.19
84	38.0	49.0	-53.0	4.0	34.0	13.0	101.0	-2.0	48.04
85	-36.0	-10.0	-7.0	-1.0	-26.0	-46.0	25.0	4.0	48.04
86	16.0	-35.0	-25.0	5.0	-2.0	20.0	17.0	-34.0	42.19
