0	-81.0	22.0	52.0	0.0	10.0	35.0	-10.0	-6.0	57.32
1	-51.0	-79.0	30.0	-5.0	-12.0	0.0	4.0	-29.0	54.41
2	-4.0	-23.0	-28.0	66.0	-11.0	-3.0	25.0	22.0	52.86
3	70.0	114.0	-7.0	-4.0	-13.0	-9.0	10.0	24.0	62.6
4	102.0	-128.0	-52.0	-54.0	7.0	9.0	3.0	-1.0	59.06
5	2.0	117.0	-60.0	-22.0	-5.0	-6.0	8.0	7.0	70.08
6	41.0	-9.0	7.0	30.0	4.0	35.0	-5.0	5.0	71.98
7	-71.0	110.0	-12.0	-90.0	9.0	-12.0	-20.0	10.0	63.57
8	-41.0	26.0	-54.0	82.0	-12.0	0.0	5.0	-42.0	57.32
9	-72.0	127.0	-96.0	-27.0	-4.0	-11.0	3.0	-11.0	74.01
10	14.0	26.0	-19.0	6.0	17.0	6.0	10.0	31.0	75.45
11	48.0	-71.0	-53.0	25.0	-36.0	16.0	-13.0	-21.0	75.45
12	64.0	19.0	32.0	-20.0	-1.0	-17.0	-6.0	-28.0	80.14
13	-92.0	-116.0	-58.0	-34.0	-1.0	13.0	17.0	11.0	77.43
14	-87.0	80.0	-2.0	-10.0	9.0	-9.0	-92.0	13.0	85.02
15	-128.0	-87.0	23.0	55.0	-12.0	-42.0	-16.0	4.0	85.02
16	-28.0	-75.0	-71.0	-16.0	-4.0	28.0	-3.0	-32.0	84.63
17	61.0	20.0	19.0	16.0	-7.0	-14.0	8.0	-74.0	89.83
18	-76.0	8.0	-9.0	28.0	29.0	39.0	80.0	14.0	100.29
19	-79.0	-80.0	110.0	-67.0	-20.0	9.0	-24.0	-41.0	94.01
20	-15.0	18.0	-10.0	1.0	14.0	38.0	14.0	-14.0	108.61
21	33.0	113.0	69.0	26.0	32.0	-29.0	-8.0	0.0	108.15
22	84.0	-96.0	-128.0	35.0	16.0	-28.0	12.0	-14.0	102.89
23	-116.0	-61.0	82.0	92.0	5.0	-10.0	15.0	-9.0	106.37
24	-94.0	9.0	-16.0	0.0	13.0	-18.0	-6.0	-44.0	108.39
25	18.0	-11.0	78.0	92.0	-1.0	7.0	-6.0	39.0	99.78
26	-45.0	-88.0	-84.0	24.0	-3.0	0.0	44.0	-29.0	107.24
27	117.0	-106.0	47.0	78.0	-39.0	-3.0	-15.0	-19.0	102.89
28	-2.0	-89.0	3.0	-53.0	-3.0	37.0	-3.0	53.0	97.52
29	9.0	42.0	17.0	1.0	7.0	-33.0	-12.0	-5.0	107.96
30	127.0	-34.0	1.0	-9.0	2.0	-4.0	-3.0	13.0	107.41
31	-128.0	71.0	-19.0	74.0	-7.0	4.0	-23.0	19.0	108.61
32	68.0	-76.0	42.0	-30.0	-8.0	-2.0	21.0	-65.0	107.96
33	127.0	92.0	-10.0	-55.0	-1.0	-16.0	29.0	-5.0	94.01
34	-53.0	-94.0	-71.0	45.0	-4.0	-5.0	-2.0	-59.0	107.54
35	111.0	-89.0	31.0	44.0	-10.0	-2.0	-40.0	20.0	108.39
36	-33.0	-44.0	-40.0	72.0	-13.0	13.0	2.0	22.0	108.61
37	20.0	-13.0	15.0	-69.0	-1.0	-1.0	-25.0	15.0	107.41
38	89.0	-38.0	-89.0	-56.0	30.0	4.0	-2.0	11.0	94.5
39	-26.0	2.0	-38.0	11.0	-13.0	-11.0	12.0	-41.0	88.3
40	12.0	-97.0	4.0	-5.0	33.0	-2.0	-43.0	-26.0	93.38
41	84.0	113.0	-31.0	6.0	25.0	5.0	70.0	39.0	101.12
42	-48.0	31.0	10.0	-62.0	27.0	-64.0	-16.0	6.0	102.49
43	-72.0	47.0	-12.0	71.0	-6.0	-18.0	-1.0	2.0	102.41
44	24.0	46.0	-26.0	-75.0	-22.0	3.0	-36.0	25.0	107.54
45	47.0	-90.0	8.0	-128.0	5.0	-16.0	-12.0	22.0	108.61
46	-20.0	48.0	-49.0	-8.0	-15.0	15.0	-10.0	-25.0	108.8
47	78.0	70.0	-13.0	40.0	18.0	-19.0	6.0	6.0	108.62
48	-128.0	22.0	-45.0	-65.0	6.0	3.0	-24.0	29.0	108.37
49	28.0	-30.0	40.0	51.0	-11.0	-13.0	30.0	-35.0	100.29
50	39.0	-78.0	99.0	-63.0	17.0	-5.0	-2.0	-24.0	95.23
51	3.0	-26.0	5.0	38.0	-12.0	25.0	-8.0	58.0	108.47
52	2.0	-128.0	-6.0	3.0	20.0	5.0	-5.0	0.0	106.7
53	-100.0	91.0	-29.0	-16.0	-21.0	1.0	-22.0	26.0	94.5
54	75.0	-48.0	-109.0	-28.0	14.0	-2.0	17.0	21.0	102.49
55	4.0	95.0	-32.0	-46.0	2.0	-8.0	53.0	4.0	89.83
56	-71.0	33.0	79.0	95.0	16.0	5.0	2.0	-15.0	85.81
57	-81.0	-86.0	8.0	-92.0	8.0	8.0	-4.0	55.0	84.63
58	107.0	-24.0	23.0	-21.0	22.0	-3.0	7.0	-12.0	81.87
59	-128.0	84.0	26.0	-36.0	-16.0	-23.0	-14.0	-24.0	77.43
60	-27.0	-103.0	34.0	10.0	11.0	2.0	-25.0	7.0	84.33
61	82.0	61.0	18.0	50.0	35.0	19.0	-14.0	28.0	80.14
62	-21.0	79.0	68.0	13.0	39.0	-13.0	-24.0	-64.0	85.81
63	23.0	26.0	-72.0	79.0	12.0	-11.0	19.0	14.0	83.57
64	-78.0	75.0	-28.0	103.0	-9.0	-28.0	60.0	-61.0	82.92
65	41.0	-101.0	36.0	26.0	-17.0	32.0	-43.0	40.0	76.53
66	-101.0	127.0	-25.0	0.0	-10.0	9.0	-22.0	5.0	74.23
67	-92.0	30.0	-38.0	64.0	0.0	19.0	-9.0	-19.0	55.24
68	100.0	-73.0	41.0	62.0	-22.0	27.0	28.0	28.0	65.69
69	82.0	101.0	-9.0	-20.0	0.0	34.0	-14.0	13.0	58.9
70	19.0	-114.0	42.0	-15.0	17.0	-10.0	-16.0	-8.0	77.38
71	-89.0	12.0	-32.0	31.0	-17.0	-8.0	-13.0	-23.0	70.08
72	-83.0	-85.0	-12.0	80.0	-7.0	15.0	-8.0	-20.0	76.09
73	115.0	-17.0	121.0	-16.0	12.0	-34.0	23.0	-85.0	77.38
74	80.0	127.0	42.0	-49.0	-41.0	16.0	3.0	2.0	69.72
75	61.0	-66.0	-39.0	8.0	12.0	2.0	-6.0	-33.0	69.72
76	34.0	-128.0	19.0	-30.0	-7.0	4.0	-54.0	9.0	60.75
77	-70.0	-104.0	22.0	-31.0	-2.0	-1.0	25.0	-26.0	52.97
78	-114.0	50.0	-66.0	3.0	18.0	-21.0	-5.0	-19.0	63.57
79	-65.0	-128.0	-21.0	80.0	24.0	-40.0	-16.0	-21.0	52.46
80	127.0	18.0	39.0	-67.0	-10.0	-12.0	-6.0	8.0	52.86
81	-128.0	-87.0	42.0	-18.0	-1.0	8.0	-16.0	16.0	53.16
82	19.0	-94.0	20.0	91.0	-3.0	-12.0	12.0	-25.0	52.97
83	21.0	11.0	23.0	-25.0	23.0	-7.0	13.0	28.0	66.53
84	50.0	-32.0	-12.0	57.0	-26.0	37.0	-36.0	69.0	58.9
85	71.0	-43.0	-14.0	35.0	-16.0	-5.0	-33.0	-17.0	74.23
86	90.0	-72.0	-61.0	-38.0	3.0	23.0	4.0	-10.0	54.06
87	-1.0	45.0	61.0	-4.0	-18.0	-20.0	11.0	-12.0	55.24
