0	-52.0	96.0	-11.0	-21.0	-2.0	42.0	-19.0	3.0	111.39
1	52.0	-110.0	-12.0	70.0	-18.0	9.0	-4.0	4.0	90.37
2	3.0	13.0	48.0	-32.0	23.0	-3.0	-35.0	-6.0	115.65
3	-25.0	78.0	-27.0	102.0	4.0	-21.0	-12.0	-1.0	121.73
4	-70.0	127.0	-28.0	-59.0	-5.0	1.0	-6.0	-21.0	142.32
5	-35.0	12.0	84.0	2.0	54.0	-9.0	-10.0	23.0	141.93
6	-17.0	-53.0	-42.0	-67.0	-16.0	-19.0	2.0	-6.0	122.59
7	-34.0	106.0	-31.0	24.0	-21.0	13.0	-61.0	-12.0	143.33
8	-27.0	-84.0	-3.0	101.0	-20.0	7.0	12.0	-6.0	141.51
9	6.0	16.0	34.0	-15.0	1.0	-29.0	-16.0	-4.0	141.93
10	-82.0	127.0	34.0	16.0	-13.0	-6.0	-5.0	-15.0	143.33
11	-59.0	66.0	-72.0	-83.0	-9.0	33.0	-39.0	48.0	122.48
12	-49.0	0.0	44.0	-104.0	-20.0	37.0	14.0	39.0	122.48
13	-59.0	-12.0	51.0	-86.0	-9.0	1.0	-24.0	20.0	121.7
14	36.0	1.0	-28.0	5.0	18.0	25.0	-16.0	21.0	119.36
15	-63.0	99.0	-17.0	-46.0	-2.0	2.0	-41.0	-25.0	117.96
16	16.0	55.0	-73.0	-101.0	-3.0	-28.0	10.0	-6.0	122.05
17	-25.0	-88.0	-63.0	-19.0	-14.0	-4.0	-37.0	-10.0	121.7
18	-32.0	99.0	-20.0	-15.0	10.0	-2.0	16.0	18.0	115.65
19	-103.0	-122.0	-69.0	20.0	-36.0	-10.0	-27.0	10.0	107.57
20	-44.0	-58.0	-65.0	14.0	-4.0	4.0	0.0	-6.0	98.62
21	70.0	-62.0	-32.0	-7.0	-10.0	42.0	-22.0	10.0	89.29
22	110.0	-21.0	-18.0	-125.0	-8.0	-49.0	-49.0	-8.0	86.47
23	-72.0	-110.0	67.0	31.0	-10.0	-8.0	52.0	-19.0	79.45
24	69.0	127.0	-114.0	-112.0	-4.0	14.0	63.0	-5.0	83.93
25	70.0	90.0	-43.0	-15.0	-19.0	17.0	6.0	1.0	89.29
26	-10.0	38.0	11.0	-32.0	-11.0	2.0	10.0	-20.0	94.28
27	-21.0	-120.0	74.0	35.0	-3.0	25.0	-17.0	-9.0	98.14
28	-109.0	112.0	29.0	3.0	-33.0	13.0	20.0	-10.0	96.4
29	127.0	-30.0	-36.0	35.0	-6.0	0.0	60.0	-4.0	95.97
30	-89.0	50.0	-47.0	71.0	6.0	-10.0	-2.0	6.0	89.04
31	44.0	103.0	-56.0	-46.0	33.0	-4.0	-31.0	-7.0	79.65
32	74.0	-47.0	112.0	127.0	-8.0	-1.0	2.0	-20.0	76.17
33	-81.0	127.0	127.0	-20.0	-10.0	2.0	1.0	18.0	77.99
34	5.0	-89.0	-3.0	2.0	-17.0	-16.0	-19.0	-10.0	84.07
35	40.0	-58.0	-128.0	34.0	1.0	18.0	14.0	1.0	84.41
36	22.0	-17.0	-70.0	18.0	4.0	3.0	-34.0	31.0	80.59
37	-33.0	103.0	118.0	-56.0	-11.0	11.0	20.0	-9.0	83.93
38	-16.0	-128.0	-3.0	26.0	13.0	-4.0	5.0	6.0	86.57
39	-16.0	127.0	93.0	-44.0	-50.0	19.0	-16.0	3.0	85.96
40	81.0	80.0	-59.0	-71.0	-22.0	-29.0	-21.0	-50.0	85.96
41	85.0	-115.0	77.0	-50.0	2.0	14.0	33.0	4.0	83.2
42	-17.0	83.0	25.0	-44.0	11.0	-18.0	-9.0	34.0	85.09
43	62.0	77.0	19.0	54.0	-6.0	9.0	25.0	-55.0	86.28
44	-32.0	-51.0	-14.0	-128.0	-19.0	-12.0	-6.0	46.0	84.41
45	1.0	95.0	8.0	4.0	7.0	-3.0	27.0	10.0	79.45
46	79.0	127.0	-8.0	41.0	-17.0	18.0	3.0	43.0	77.99
47	-14.0	-128.0	-89.0	-8.0	2.0	-7.0	-8.0	-12.0	77.3
48	-89.0	67.0	127.0	-31.0	30.0	1.0	-8.0	-6.0	67.69
49	127.0	-38.0	-128.0	-65.0	20.0	-22.0	15.0	-26.0	74.99
50	6.0	-49.0	100.0	-55.0	-38.0	-3.0	29.0	-3.0	69.62
51	-15.0	75.0	-60.0	-38.0	-12.0	-19.0	-12.0	17.0	56.69
52	-45.0	-37.0	28.0	27.0	8.0	-59.0	-11.0	-16.0	60.67
53	-7.0	70.0	-55.0	121.0	7.0	-14.0	-67.0	19.0	59.01
54	-20.0	18.0	-127.0	-10.0	-40.0	38.0	17.0	-27.0	63.94
55	86.0	94.0	-128.0	-32.0	8.0	0.0	-2.0	-1.0	59.01
56	21.0	47.0	-6.0	-61.0	-1.0	-4.0	9.0	-4.0	60.72
57	-74.0	-118.0	-25.0	-75.0	-3.0	-9.0	-7.0	17.0	56.33
58	-40.0	-78.0	-62.0	-32.0	10.0	15.0	-15.0	-2.0	54.01
59	127.0	-58.0	-4.0	-128.0	18.0	15.0	8.0	6.0	54.01
60	81.0	-128.0	-68.0	-45.0	-8.0	-25.0	-13.0	-26.0	54.93
61	69.0	-1.0	-35.0	111.0	36.0	-37.0	14.0	22.0	54.75
62	127.0	-45.0	-96.0	-19.0	7.0	-16.0	-6.0	-11.0	54.06
63	-29.0	126.0	44.0	-3.0	38.0	31.0	24.0	-2.0	56.33
64	73.0	-120.0	-68.0	-30.0	-17.0	4.0	-34.0	1.0	63.94
65	32.0	79.0	-75.0	-60.0	1.0	21.0	21.0	-4.0	76.17
66	-86.0	77.0	127.0	-3.0	-20.0	-9.0	-18.0	1.0	71.18
67	104.0	-125.0	30.0	-25.0	-14.0	-50.0	-20.0	-16.0	77.59
68	-43.0	109.0	-91.0	59.0	-7.0	-9.0	7.0	-45.0	71.18
69	-35.0	2.0	6.0	-101.0	-4.0	6.0	-11.0	-35.0	77.59
70	51.0	-60.0	-23.0	-32.0	6.0	8.0	9.0	3.0	78.62
71	127.0	-96.0	-42.0	-79.0	-19.0	-17.0	-14.0	3.0	80.31
72	-126.0	-107.0	-4.0	-67.0	-29.0	-3.0	-7.0	0.0	83.2
73	95.0	98.0	9.0	54.0	-5.0	-13.0	-21.0	-24.0	89.04
74	44.0	31.0	29.0	-14.0	4.0	-8.0	58.0	16.0	86.57
75	84.0	-36.0	-19.0	-25.0	10.0	7.0	3.0	1.0	88.22
76	-81.0	-55.0	-117.0	-55.0	9.0	5.0	-8.0	12.0	102.95
77	19.0	46.0	-118.0	-13.0	-21.0	-4.0	-92.0	48.0	96.4
78	-10.0	33.0	-12.0	-42.0	-32.0	7.0	8.0	-17.0	97.07
79	-37.0	93.0	126.0	-62.0	-29.0	-8.0	0.0	44.0	102.95
80	-99.0	-85.0	-21.0	31.0	-37.0	8.0	-3.0	-29.0	111.39
81	91.0	123.0	-115.0	-70.0	9.0	3.0	29.0	3.0	101.26
82	-21.0	-25.0	0.0	-56.0	-30.0	-3.0	3.0	-9.0	98.14
83	11.0	-41.0	-61.0	-49.0	22.0	-11.0	-3.0	20.0	99.38
84	-63.0	-69.0	-6.0	23.0	8.0	-10.0	-21.0	-2.0	121.82
