0	-58.0	-13.0	122.0	-44.0	-17.0	44.0	-22.0	-17.0	80.01
1	-7.0	-88.0	1.0	-22.0	2.0	36.0	5.0	-9.0	90.52
2	105.0	127.0	-5.0	-25.0	-5.0	9.0	42.0	18.0	94.54
3	59.0	13.0	-128.0	-9.0	25.0	-8.0	20.0	-32.0	103.42
4	73.0	67.0	-8.0	-128.0	-5.0	40.0	78.0	-16.0	105.54
5	-78.0	-78.0	28.0	-22.0	-11.0	76.0	-63.0	-59.0	107.05
6	35.0	127.0	111.0	104.0	-25.0	-116.0	70.0	48.0	105.54
7	-63.0	-22.0	77.0	-21.0	21.0	-1.0	-102.0	7.0	106.98
8	63.0	-22.0	-19.0	-2.0	-20.0	-5.0	58.0	-22.0	105.66
9	-90.0	24.0	-59.0	-2.0	-32.0	-67.0	-58.0	127.0	98.31
10	31.0	124.0	-5.0	84.0	-41.0	57.0	17.0	-17.0	103.42
11	12.0	2.0	-90.0	11.0	4.0	1.0	81.0	-32.0	105.75
12	-16.0	127.0	127.0	-19.0	-22.0	10.0	-28.0	5.0	106.43
13	-72.0	103.0	52.0	76.0	-1.0	24.0	-11.0	-98.0	106.98
14	-128.0	-68.0	-7.0	81.0	-2.0	-4.0	100.0	44.0	105.66
15	105.0	100.0	-9.0	-19.0	-21.0	-9.0	-24.0	-44.0	95.31
16	-128.0	-24.0	-33.0	25.0	4.0	14.0	-128.0	11.0	104.65
17	47.0	127.0	77.0	125.0	1.0	11.0	-3.0	-33.0	103.68
18	-87.0	40.0	-105.0	-73.0	-17.0	67.0	91.0	0.0	101.55
19	22.0	127.0	-7.0	-20.0	5.0	5.0	-78.0	-21.0	98.31
20	127.0	-87.0	70.0	-11.0	0.0	17.0	105.0	-3.0	94.54
21	-34.0	-30.0	-33.0	81.0	6.0	-33.0	13.0	18.0	90.31
22	-24.0	18.0	78.0	73.0	24.0	8.0	-27.0	37.0	91.95
23	127.0	16.0	78.0	-4.0	24.0	-6.0	32.0	33.0	90.31
24	-29.0	-37.0	-79.0	2.0	7.0	17.0	43.0	-3.0	93.37
25	-12.0	80.0	51.0	-47.0	24.0	17.0	-11.0	15.0	83.91
26	-128.0	-128.0	20.0	15.0	36.0	20.0	-59.0	1.0	91.95
27	-46.0	-123.0	-54.0	-14.0	-14.0	-81.0	46.0	-14.0	80.32
28	-64.0	-69.0	-84.0	-9.0	34.0	7.0	2.0	-54.0	74.39
29	76.0	106.0	0.0	-74.0	16.0	3.0	-85.0	22.0	69.7
30	27.0	-75.0	-82.0	-14.0	-16.0	17.0	5.0	23.0	65.39
31	-90.0	-77.0	0.0	-90.0	-12.0	4.0	-43.0	-10.0	61.13
32	-14.0	56.0	123.0	43.0	-17.0	9.0	80.0	18.0	59.65
33	127.0	127.0	18.0	9.0	8.0	12.0	5.0	-6.0	62.64
34	-17.0	127.0	14.0	36.0	-5.0	-59.0	14.0	-91.0	53.97
35	39.0	-27.0	-38.0	5.0	29.0	50.0	13.0	34.0	51.4
36	50.0	-60.0	17.0	1.0	-40.0	-17.0	29.0	97.0	58.07
37	-70.0	106.0	40.0	-45.0	6.0	34.0	-27.0	-75.0	48.69
38	-128.0	-128.0	-112.0	80.0	-31.0	-11.0	11.0	23.0	49.03
39	93.0	-14.0	-10.0	0.0	11.0	-50.0	-4.0	88.0	48.21
40	79.0	-16.0	1.0	15.0	23.0	-2.0	-128.0	27.0	47.8
41	16.0	-128.0	-79.0	-80.0	25.0	-6.0	12.0	-54.0	47.74
42	38.0	-48.0	16.0	34.0	-8.0	3.0	-65.0	44.0	48.61
43	-36.0	-55.0	67.0	-40.0	31.0	-66.0	-87.0	-45.0	48.83
44	-128.0	91.0	-30.0	31.0	-49.0	52.0	18.0	-59.0	48.4
45	126.0	57.0	-6.0	8.0	-41.0	12.0	-20.0	15.0	48.51
46	-106.0	93.0	31.0	49.0	18.0	-21.0	9.0	-50.0	48.21
47	40.0	-5.0	-5.0	15.0	-55.0	-13.0	26.0	-108.0	48.51
48	-103.0	-94.0	15.0	22.0	-6.0	10.0	4.0	1.0	49.39
49	-88.0	44.0	18.0	-7.0	-32.0	-31.0	9.0	0.0	59.65
50	-8.0	22.0	-12.0	-30.0	-22.0	43.0	-2.0	16.0	65.39
51	18.0	31.0	-38.0	-69.0	-12.0	-57.0	-2.0	-2.0	69.47
52	-75.0	106.0	-35.0	-128.0	23.0	23.0	64.0	-23.0	49.39
53	-128.0	-123.0	-9.0	67.0	14.0	15.0	-29.0	-70.0	61.73
54	-34.0	-40.0	11.0	-12.0	3.0	63.0	9.0	-33.0	48.83
55	-37.0	-93.0	33.0	-48.0	-4.0	7.0	15.0	-67.0	58.07
56	44.0	75.0	-114.0	41.0	11.0	20.0	-79.0	-48.0	61.13
57	122.0	115.0	103.0	-14.0	10.0	13.0	3.0	-14.0	58.21
58	2.0	-16.0	1.0	25.0	17.0	3.0	87.0	-1.0	53.97
59	-89.0	-128.0	-52.0	20.0	30.0	53.0	71.0	-11.0	59.87
60	-20.0	-106.0	13.0	35.0	-22.0	-3.0	32.0	-19.0	63.0
61	-21.0	39.0	-13.0	-4.0	-5.0	14.0	19.0	28.0	62.64
62	122.0	-128.0	9.0	76.0	-17.0	35.0	-16.0	-1.0	67.05
63	5.0	71.0	10.0	12.0	58.0	18.0	32.0	-16.0	63.29
64	-31.0	-59.0	4.0	10.0	-66.0	-56.0	97.0	84.0	69.47
65	25.0	-65.0	12.0	-49.0	-24.0	-6.0	-8.0	34.0	69.7
66	-61.0	-79.0	-10.0	19.0	53.0	5.0	-14.0	-10.0	73.33
67	-16.0	-37.0	-32.0	76.0	-12.0	-8.0	17.0	5.0	77.76
68	105.0	-128.0	-22.0	-20.0	-44.0	0.0	-10.0	-23.0	72.85
69	7.0	47.0	22.0	74.0	-9.0	-36.0	-68.0	-52.0	76.14
70	85.0	-68.0	-44.0	-45.0	0.0	61.0	48.0	-2.0	82.95
71	43.0	-128.0	-76.0	31.0	16.0	-13.0	-69.0	-11.0	80.01
72	-62.0	36.0	-33.0	-124.0	11.0	19.0	-36.0	-9.0	74.39
73	-110.0	38.0	-115.0	-6.0	-5.0	-30.0	25.0	10.0	79.69
74	127.0	-96.0	-51.0	-5.0	2.0	24.0	-20.0	-20.0	83.91
75	-26.0	58.0	-3.0	-17.0	-12.0	1.0	45.0	12.0	80.32
76	-117.0	-106.0	35.0	41.0	25.0	-9.0	60.0	-6.0	76.78
77	127.0	-128.0	13.0	36.0	-23.0	-35.0	-85.0	84.0	79.67
78	107.0	52.0	-37.0	-10.0	-92.0	-83.0	8.0	-128.0	80.74
79	-16.0	92.0	-61.0	41.0	-3.0	-3.0	-15.0	57.0	83.55
80	22.0	-117.0	-107.0	113.0	3.0	3.0	-28.0	-38.0	82.95
81	19.0	71.0	69.0	-42.0	-2.0	-3.0	-54.0	15.0	81.84
82	-46.0	127.0	12.0	-87.0	24.0	38.0	-30.0	27.0	87.83
83	124.0	-56.0	-92.0	-115.0	19.0	-48.0	121.0	96.0	80.45
84	2.0	16.0	-26.0	-71.0	-9.0	21.0	-77.0	-3.0	77.76
85	64.0	35.0	-98.0	-21.0	58.0	4.0	-8.0	-65.0	81.56
86	54.0	-24.0	80.0	-39.0	-10.0	3.0	-18.0	22.0	76.78
