0	-61.0	-5.0	-46.0	-52.0	27.0	-1.0	-11.0	-4.0	98.49
1	56.0	42.0	80.0	55.0	-18.0	2.0	21.0	-3.0	84.53
2	-29.0	53.0	-30.0	4.0	11.0	5.0	2.0	9.0	90.35
3	23.0	-112.0	43.0	-9.0	-13.0	19.0	13.0	-7.0	101.33
4	74.0	54.0	-88.0	71.0	-2.0	-5.0	-2.0	29.0	81.19
5	-40.0	-37.0	-128.0	-25.0	-16.0	-6.0	9.0	2.0	78.11
6	70.0	-128.0	-36.0	-51.0	-57.0	0.0	-9.0	3.0	62.74
7	-48.0	101.0	-9.0	-10.0	-14.0	10.0	3.0	17.0	59.43
8	-27.0	127.0	-1.0	-79.0	10.0	2.0	-1.0	-15.0	66.23
9	-74.0	84.0	17.0	19.0	47.0	-11.0	22.0	-22.0	56.09
10	90.0	-77.0	110.0	7.0	12.0	10.0	-8.0	8.0	68.32
11	-23.0	127.0	-16.0	22.0	3.0	-4.0	-12.0	-9.0	52.46
12	49.0	-109.0	-112.0	47.0	-18.0	-8.0	0.0	-10.0	66.23
13	-39.0	-128.0	13.0	95.0	9.0	-5.0	10.0	6.0	51.5
14	35.0	23.0	-40.0	-128.0	-13.0	4.0	-14.0	5.0	59.11
15	0.0	115.0	2.0	77.0	9.0	-10.0	-11.0	-14.0	51.5
16	-128.0	96.0	66.0	31.0	-2.0	-8.0	-5.0	-2.0	55.06
17	127.0	-67.0	-6.0	-15.0	4.0	-14.0	-14.0	-28.0	47.85
18	-30.0	48.0	-6.0	-32.0	-14.0	12.0	-1.0	5.0	49.82
19	11.0	-73.0	50.0	95.0	-10.0	-3.0	-6.0	-23.0	47.52
20	-24.0	78.0	84.0	-12.0	-8.0	-8.0	9.0	12.0	49.1
21	93.0	102.0	-33.0	10.0	-1.0	19.0	-13.0	0.0	44.88
22	112.0	-79.0	-15.0	62.0	0.0	27.0	-12.0	-11.0	43.76
23	11.0	-111.0	-26.0	-16.0	16.0	-11.0	-12.0	22.0	43.38
24	-39.0	10.0	19.0	-54.0	-14.0	-2.0	-5.0	14.0	43.35
25	-71.0	23.0	23.0	66.0	-23.0	-2.0	19.0	-22.0	43.35
26	-47.0	-58.0	-14.0	51.0	28.0	4.0	-2.0	14.0	52.35
27	42.0	127.0	-21.0	-81.0	-21.0	-7.0	-16.0	6.0	44.88
28	-128.0	110.0	74.0	9.0	-12.0	-2.0	3.0	8.0	45.6
29	92.0	-27.0	6.0	-29.0	21.0	16.0	2.0	-15.0	43.68
30	-35.0	16.0	59.0	2.0	3.0	10.0	-3.0	22.0	45.15
31	39.0	63.0	21.0	-18.0	-19.0	-3.0	12.0	0.0	50.58
32	-123.0	98.0	-103.0	44.0	65.0	-7.0	33.0	6.0	59.11
33	-128.0	37.0	24.0	83.0	19.0	-3.0	-3.0	6.0	54.68
34	-11.0	65.0	-33.0	27.0	-11.0	-3.0	5.0	-5.0	68.32
35	74.0	33.0	33.0	85.0	13.0	0.0	17.0	-35.0	70.97
36	80.0	34.0	9.0	-27.0	23.0	1.0	0.0	21.0	56.78
37	-11.0	-102.0	-16.0	45.0	9.0	-4.0	-7.0	-11.0	54.68
38	-50.0	107.0	22.0	2.0	12.0	7.0	-4.0	2.0	47.85
39	-122.0	-128.0	32.0	52.0	-3.0	-10.0	4.0	34.0	47.52
40	64.0	68.0	-128.0	23.0	-6.0	9.0	-18.0	-4.0	75.65
41	-17.0	-66.0	24.0	19.0	-5.0	7.0	-4.0	0.0	50.84
42	95.0	-31.0	-108.0	-37.0	-16.0	9.0	3.0	1.0	59.43
43	-73.0	-5.0	-5.0	-62.0	9.0	-2.0	-8.0	16.0	48.15
44	21.0	32.0	-85.0	-91.0	5.0	-7.0	21.0	6.0	49.82
45	-57.0	94.0	-19.0	-1.0	-1.0	7.0	-4.0	27.0	71.99
46	-33.0	-52.0	37.0	-49.0	-23.0	-17.0	-18.0	17.0	63.8
47	-18.0	33.0	30.0	-24.0	2.0	2.0	0.0	-8.0	75.65
48	94.0	-16.0	62.0	-15.0	9.0	-4.0	-7.0	-4.0	79.72
49	-116.0	-70.0	56.0	-74.0	21.0	-7.0	6.0	15.0	83.52
50	-43.0	-78.0	31.0	16.0	-18.0	0.0	2.0	19.0	75.79
51	79.0	40.0	1.0	-97.0	33.0	-8.0	4.0	3.0	80.11
52	-58.0	45.0	87.0	14.0	2.0	0.0	14.0	8.0	80.11
53	71.0	127.0	21.0	-92.0	-17.0	8.0	2.0	5.0	84.53
54	88.0	-96.0	9.0	-87.0	41.0	4.0	9.0	-15.0	101.29
55	127.0	-65.0	-54.0	65.0	18.0	1.0	10.0	-20.0	100.0
56	28.0	61.0	-73.0	2.0	-3.0	-7.0	14.0	-27.0	92.01
57	61.0	70.0	20.0	-53.0	7.0	13.0	-7.0	-3.0	101.05
58	19.0	9.0	-65.0	87.0	22.0	7.0	-10.0	-10.0	94.56
59	54.0	111.0	127.0	-57.0	-23.0	-13.0	29.0	-2.0	103.23
60	-83.0	-71.0	-41.0	34.0	-14.0	8.0	-3.0	-3.0	104.33
61	15.0	44.0	17.0	127.0	5.0	7.0	-17.0	-4.0	104.51
62	105.0	-30.0	49.0	-8.0	-8.0	2.0	-2.0	13.0	101.33
63	7.0	-22.0	43.0	-49.0	-14.0	-6.0	12.0	13.0	100.0
64	72.0	-21.0	-63.0	20.0	6.0	6.0	-12.0	25.0	81.13
65	42.0	-79.0	36.0	-64.0	-13.0	17.0	-2.0	-6.0	82.78
66	-37.0	78.0	-128.0	-22.0	0.0	-4.0	-1.0	33.0	88.13
67	95.0	-85.0	-103.0	-13.0	-35.0	-1.0	3.0	-1.0	83.52
68	92.0	-39.0	42.0	-24.0	-22.0	-13.0	-10.0	23.0	82.25
69	-59.0	111.0	-1.0	17.0	-15.0	-6.0	-3.0	34.0	100.45
70	-81.0	-7.0	-80.0	-32.0	-34.0	3.0	4.0	5.0	100.71
71	23.0	20.0	-31.0	10.0	14.0	6.0	14.0	0.0	103.84
72	87.0	51.0	-1.0	8.0	15.0	9.0	-15.0	-3.0	103.84
73	-10.0	50.0	-52.0	14.0	-20.0	-6.0	-24.0	15.0	97.27
74	8.0	-50.0	-99.0	-37.0	8.0	-10.0	13.0	-1.0	104.87
75	86.0	-128.0	25.0	70.0	1.0	-19.0	15.0	28.0	90.35
76	-14.0	-88.0	-25.0	-24.0	2.0	26.0	-2.0	-44.0	103.23
77	3.0	-128.0	-19.0	-20.0	-13.0	-15.0	-2.0	2.0	92.7
78	60.0	126.0	114.0	121.0	-1.0	-5.0	-5.0	8.0	82.78
79	89.0	-128.0	35.0	49.0	4.0	-7.0	-1.0	-7.0	100.45
80	15.0	6.0	22.0	-14.0	8.0	3.0	-9.0	17.0	101.68
81	20.0	-39.0	-85.0	-46.0	-4.0	7.0	8.0	2.0	104.33
82	40.0	-23.0	-33.0	-15.0	6.0	12.0	-7.0	-12.0	75.79
83	-91.0	-61.0	3.0	11.0	2.0	8.0	-24.0	-40.0	97.88
84	46.0	-128.0	127.0	-31.0	10.0	-4.0	-6.0	-8.0	100.36
