0	-27.0	81.0	-70.0	-57.0	-1.0	-26.0	-102.0	-67.0	105.36
1	-73.0	-94.0	-10.0	80.0	-22.0	-7.0	17.0	-54.0	104.94
2	1.0	-63.0	-5.0	12.0	-2.0	1.0	-11.0	81.0	109.35
3	127.0	-34.0	-8.0	116.0	18.0	-74.0	-28.0	86.0	109.63
4	110.0	-84.0	-51.0	-47.0	-6.0	40.0	8.0	-35.0	105.89
5	127.0	127.0	-29.0	-6.0	23.0	-30.0	6.0	9.0	110.0
6	-86.0	-26.0	21.0	-71.0	-3.0	2.0	-19.0	-63.0	107.48
7	-18.0	-128.0	59.0	14.0	-3.0	16.0	-63.0	76.0	104.49
8	1.0	-6.0	-80.0	89.0	-13.0	-36.0	38.0	-32.0	101.28
9	-89.0	-4.0	-11.0	17.0	7.0	-16.0	64.0	-70.0	109.66
10	-102.0	22.0	58.0	-67.0	47.0	94.0	47.0	-13.0	110.62
11	-104.0	114.0	5.0	-11.0	18.0	-7.0	28.0	4.0	112.83
12	127.0	-48.0	127.0	26.0	11.0	28.0	-4.0	-6.0	114.19
13	38.0	127.0	-28.0	28.0	-31.0	-54.0	-50.0	19.0	117.43
14	-67.0	-67.0	8.0	-8.0	18.0	-52.0	-78.0	12.0	115.67
15	-22.0	118.0	-1.0	-54.0	-13.0	-43.0	-19.0	-51.0	115.67
16	127.0	-111.0	87.0	63.0	10.0	38.0	54.0	3.0	120.31
17	-35.0	-75.0	-81.0	13.0	-19.0	17.0	127.0	-115.0	118.92
18	55.0	-109.0	-14.0	43.0	-20.0	-25.0	6.0	11.0	120.7
19	-114.0	-113.0	7.0	-39.0	19.0	-53.0	-25.0	-26.0	118.14
20	65.0	127.0	51.0	-29.0	29.0	8.0	-14.0	-7.0	118.14
21	6.0	126.0	5.0	-22.0	-4.0	-20.0	72.0	91.0	118.92
22	-89.0	17.0	-14.0	-51.0	18.0	4.0	-29.0	50.0	120.0
23	-94.0	-92.0	-118.0	-2.0	-21.0	-22.0	-38.0	-27.0	120.78
24	96.0	-125.0	-9.0	-69.0	-8.0	-27.0	5.0	-54.0	120.7
25	31.0	69.0	127.0	9.0	10.0	69.0	112.0	-28.0	114.14
26	18.0	-46.0	-2.0	-41.0	-2.0	-47.0	-1.0	-34.0	111.64
27	-34.0	-60.0	3.0	-10.0	24.0	5.0	3.0	12.0	110.62
28	120.0	-80.0	2.0	-78.0	23.0	-50.0	-2.0	-46.0	105.36
29	-26.0	68.0	-126.0	8.0	10.0	-15.0	-55.0	22.0	91.58
30	-99.0	6.0	82.0	-73.0	22.0	52.0	89.0	-20.0	79.42
31	69.0	-109.0	47.0	-17.0	16.0	-11.0	-110.0	-7.0	79.42
32	-104.0	-110.0	-3.0	6.0	23.0	-18.0	71.0	-6.0	73.72
33	120.0	127.0	-128.0	7.0	-26.0	28.0	-27.0	-25.0	70.37
34	-76.0	77.0	-72.0	-24.0	3.0	1.0	-10.0	31.0	61.65
35	-44.0	88.0	-46.0	-34.0	6.0	9.0	10.0	-21.0	58.04
36	93.0	58.0	-128.0	51.0	18.0	36.0	32.0	-6.0	59.3
37	119.0	59.0	21.0	19.0	-15.0	39.0	-46.0	-48.0	59.18
38	127.0	-28.0	-85.0	-16.0	13.0	-4.0	-101.0	-8.0	56.55
39	95.0	-1.0	-34.0	-9.0	21.0	-26.0	-14.0	47.0	53.46
40	-31.0	26.0	25.0	94.0	-2.0	11.0	63.0	81.0	53.64
41	-124.0	-85.0	16.0	54.0	-15.0	-35.0	9.0	49.0	56.55
42	12.0	127.0	42.0	-9.0	20.0	-32.0	-72.0	-67.0	56.55
43	-71.0	110.0	32.0	-107.0	41.0	36.0	81.0	40.0	53.46
44	-43.0	-128.0	63.0	-17.0	5.0	66.0	27.0	-36.0	46.38
45	31.0	35.0	-19.0	11.0	0.0	50.0	-17.0	85.0	46.54
46	119.0	-64.0	-58.0	-23.0	-12.0	28.0	127.0	27.0	48.41
47	-128.0	-121.0	-2.0	-50.0	2.0	-23.0	-73.0	-87.0	46.09
48	37.0	75.0	-57.0	72.0	15.0	-37.0	0.0	101.0	41.65
49	-26.0	-128.0	-2.0	127.0	-6.0	21.0	45.0	0.0	41.56
50	-18.0	117.0	-98.0	-26.0	-7.0	24.0	38.0	-43.0	41.65
51	81.0	-54.0	-58.0	-31.0	0.0	27.0	5.0	-3.0	41.05
52	-112.0	51.0	19.0	127.0	-14.0	33.0	-106.0	28.0	40.75
53	127.0	10.0	-21.0	5.0	24.0	24.0	16.0	-20.0	40.75
54	40.0	121.0	13.0	-19.0	23.0	-62.0	7.0	-46.0	40.82
55	-51.0	125.0	10.0	-24.0	9.0	20.0	96.0	-39.0	41.56
56	-128.0	-128.0	-9.0	-40.0	-3.0	21.0	-69.0	23.0	46.38
57	-1.0	-114.0	54.0	-34.0	22.0	67.0	-63.0	7.0	52.44
58	62.0	113.0	-41.0	18.0	10.0	18.0	-40.0	-20.0	58.04
59	96.0	-128.0	-22.0	5.0	13.0	-8.0	8.0	7.0	61.25
60	-28.0	-59.0	38.0	-1.0	-59.0	35.0	-101.0	-13.0	64.15
61	-36.0	-11.0	-23.0	3.0	-37.0	27.0	28.0	74.0	74.48
62	-128.0	127.0	-11.0	4.0	-12.0	25.0	127.0	-80.0	74.48
63	-79.0	81.0	127.0	96.0	-25.0	15.0	-7.0	-57.0	59.86
64	-75.0	-33.0	20.0	11.0	-75.0	-10.0	-97.0	106.0	61.65
65	94.0	-17.0	-38.0	-111.0	14.0	-65.0	-27.0	-13.0	64.15
66	-27.0	127.0	35.0	-5.0	-8.0	-31.0	36.0	-44.0	73.67
67	107.0	-3.0	-7.0	-1.0	1.0	69.0	-29.0	-5.0	73.72
68	84.0	-37.0	-34.0	14.0	-5.0	-11.0	3.0	112.0	76.9
69	-40.0	-64.0	39.0	1.0	11.0	42.0	-8.0	-25.0	81.98
70	-27.0	-86.0	-124.0	9.0	21.0	-75.0	10.0	-61.0	87.15
71	-88.0	127.0	0.0	-4.0	3.0	-3.0	-56.0	114.0	85.25
72	-30.0	49.0	-22.0	15.0	-42.0	-3.0	-59.0	127.0	76.56
73	83.0	-70.0	-61.0	-5.0	0.0	-128.0	77.0	-2.0	84.27
74	-100.0	-105.0	-14.0	25.0	-36.0	-11.0	-4.0	12.0	85.25
75	-24.0	16.0	-90.0	36.0	-18.0	-8.0	-72.0	-53.0	76.64
76	-5.0	79.0	2.0	20.0	-1.0	35.0	-45.0	2.0	76.56
77	12.0	127.0	92.0	-81.0	7.0	51.0	-6.0	-110.0	63.49
78	26.0	-57.0	-45.0	26.0	59.0	-14.0	116.0	63.0	84.27
79	2.0	-126.0	13.0	88.0	-5.0	-7.0	-36.0	45.0	97.52
80	82.0	-74.0	-35.0	15.0	2.0	-14.0	-10.0	67.0	89.71
81	-30.0	-79.0	-46.0	-50.0	29.0	16.0	76.0	12.0	97.52
82	-97.0	127.0	127.0	-10.0	-30.0	-44.0	-8.0	-25.0	105.89
83	-67.0	21.0	23.0	101.0	6.0	63.0	-33.0	-41.0	104.49
