0	124.0	5.0	-10.0	-81.0	28.0	8.0	21.0	4.0	83.15
1	-96.0	1.0	-41.0	102.0	2.0	-4.0	-18.0	16.0	86.43
2	-49.0	-49.0	38.0	9.0	0.0	26.0	12.0	0.0	95.76
3	110.0	20.0	-30.0	87.0	-2.0	11.0	6.0	-22.0	103.97
4	-38.0	-90.0	-38.0	-61.0	-1.0	-1.0	20.0	-13.0	100.89
5	48.0	-59.0	11.0	4.0	-47.0	-9.0	40.0	59.0	116.89
6	15.0	100.0	-67.0	-74.0	-29.0	4.0	34.0	3.0	111.66
7	66.0	-112.0	127.0	-117.0	2.0	-11.0	55.0	-38.0	113.59
8	-128.0	101.0	-16.0	-82.0	-18.0	-20.0	7.0	4.0	122.53
9	4.0	-128.0	96.0	-53.0	14.0	12.0	-73.0	-16.0	116.51
10	28.0	57.0	-29.0	-73.0	38.0	-16.0	12.0	3.0	119.39
11	-5.0	127.0	-110.0	-26.0	8.0	-17.0	10.0	23.0	113.57
12	71.0	-40.0	11.0	-55.0	-36.0	-25.0	48.0	-11.0	121.67
13	-3.0	7.0	68.0	-20.0	63.0	35.0	9.0	12.0	122.55
14	58.0	-2.0	-64.0	-74.0	-4.0	4.0	-36.0	-14.0	109.77
15	-38.0	104.0	45.0	105.0	1.0	12.0	-41.0	-4.0	119.46
16	8.0	-88.0	-124.0	-10.0	2.0	-47.0	11.0	19.0	107.92
17	119.0	-107.0	-119.0	45.0	-8.0	43.0	-45.0	31.0	109.77
18	-74.0	-88.0	40.0	8.0	34.0	-1.0	63.0	-11.0	107.1
19	37.0	41.0	-2.0	3.0	-30.0	-8.0	75.0	11.0	105.4
20	51.0	127.0	3.0	-79.0	0.0	18.0	-74.0	-23.0	103.97
21	-99.0	-61.0	67.0	22.0	1.0	-52.0	47.0	-6.0	107.92
22	-64.0	80.0	-7.0	-42.0	-13.0	-5.0	2.0	8.0	118.14
23	28.0	-98.0	24.0	-47.0	16.0	3.0	5.0	-30.0	99.67
24	6.0	-53.0	-2.0	-13.0	86.0	30.0	17.0	-50.0	115.28
25	7.0	-119.0	-88.0	-29.0	-12.0	-33.0	16.0	27.0	109.77
26	-105.0	-60.0	-8.0	79.0	-32.0	0.0	-4.0	-20.0	119.39
27	59.0	121.0	54.0	72.0	30.0	43.0	-36.0	22.0	119.46
28	7.0	-88.0	33.0	-128.0	9.0	-14.0	7.0	28.0	123.17
29	-112.0	100.0	3.0	-49.0	1.0	-30.0	5.0	-17.0	120.64
30	-17.0	-44.0	37.0	31.0	21.0	-31.0	0.0	-15.0	123.17
31	2.0	-128.0	-98.0	42.0	3.0	7.0	93.0	36.0	121.67
32	-93.0	57.0	-5.0	-18.0	31.0	7.0	-19.0	19.0	123.31
33	33.0	127.0	13.0	-14.0	-4.0	1.0	43.0	-7.0	123.25
34	-6.0	54.0	-41.0	3.0	-1.0	23.0	-47.0	11.0	123.25
35	127.0	-51.0	109.0	74.0	-9.0	0.0	-27.0	-2.0	121.22
36	-90.0	58.0	29.0	-15.0	12.0	15.0	-24.0	-14.0	115.28
37	102.0	-35.0	-10.0	11.0	15.0	-4.0	-44.0	10.0	106.44
38	9.0	-118.0	-76.0	5.0	-14.0	7.0	80.0	-34.0	95.76
39	29.0	45.0	31.0	-78.0	6.0	10.0	-25.0	22.0	90.28
40	-48.0	-128.0	-27.0	40.0	27.0	6.0	-24.0	11.0	92.93
41	-108.0	-4.0	-11.0	74.0	1.0	24.0	-123.0	-9.0	86.94
42	97.0	-89.0	62.0	-35.0	-13.0	5.0	44.0	-3.0	86.43
43	-128.0	113.0	41.0	-32.0	-7.0	6.0	14.0	4.0	85.38
44	14.0	24.0	46.0	-13.0	-1.0	19.0	-4.0	-12.0	84.25
45	-29.0	58.0	-18.0	-20.0	6.0	-5.0	4.0	-4.0	84.25
46	-53.0	127.0	-59.0	26.0	-17.0	3.0	44.0	6.0	76.08
47	-74.0	-71.0	58.0	63.0	-12.0	-24.0	6.0	9.0	77.43
48	52.0	63.0	78.0	-76.0	-13.0	-10.0	44.0	5.0	71.77
49	127.0	36.0	-11.0	12.0	1.0	17.0	-47.0	-16.0	77.58
50	-75.0	-97.0	-3.0	35.0	-21.0	-5.0	-2.0	-12.0	82.12
51	15.0	52.0	28.0	16.0	-10.0	12.0	9.0	38.0	81.56
52	27.0	-80.0	-128.0	20.0	-34.0	-32.0	13.0	9.0	77.43
53	-128.0	127.0	31.0	-91.0	21.0	1.0	15.0	11.0	82.12
54	39.0	-122.0	-23.0	103.0	9.0	-4.0	-57.0	-4.0	77.85
55	75.0	-15.0	-4.0	-52.0	6.0	-8.0	-4.0	19.0	69.16
56	22.0	-8.0	42.0	-84.0	-7.0	-7.0	-16.0	-6.0	66.9
57	96.0	-105.0	-19.0	-29.0	-8.0	27.0	0.0	-35.0	58.31
58	72.0	127.0	40.0	125.0	16.0	5.0	42.0	-10.0	66.11
59	6.0	95.0	13.0	49.0	-12.0	-16.0	37.0	21.0	64.17
60	104.0	-83.0	2.0	-22.0	-1.0	-8.0	-17.0	1.0	54.68
61	25.0	60.0	-1.0	41.0	33.0	-36.0	-4.0	-10.0	52.38
62	-106.0	-5.0	92.0	-63.0	13.0	-30.0	8.0	-7.0	51.18
63	-43.0	127.0	79.0	-7.0	-37.0	-15.0	26.0	41.0	51.18
64	-8.0	100.0	54.0	82.0	27.0	8.0	-62.0	-48.0	49.48
65	-39.0	127.0	32.0	1.0	2.0	19.0	-20.0	12.0	49.59
66	102.0	-46.0	-66.0	-94.0	-1.0	26.0	-11.0	-11.0	50.15
67	-105.0	-75.0	-67.0	46.0	3.0	-20.0	30.0	-40.0	50.92
68	116.0	-73.0	110.0	-10.0	-18.0	-49.0	-34.0	34.0	49.8
69	8.0	-93.0	-23.0	48.0	-3.0	1.0	-11.0	-47.0	49.59
70	113.0	-22.0	5.0	43.0	-22.0	-24.0	-33.0	7.0	52.78
71	52.0	86.0	20.0	59.0	-10.0	46.0	5.0	-7.0	50.92
72	89.0	-128.0	-43.0	-33.0	-9.0	-32.0	-18.0	61.0	66.11
73	-27.0	-43.0	-14.0	-39.0	9.0	13.0	-29.0	-8.0	63.16
74	-73.0	-49.0	-56.0	-128.0	-17.0	17.0	11.0	15.0	63.1
75	57.0	-7.0	103.0	-27.0	8.0	29.0	-2.0	22.0	58.31
76	-75.0	-81.0	-19.0	27.0	23.0	7.0	-73.0	-2.0	54.68
77	65.0	36.0	-96.0	-39.0	-15.0	24.0	-5.0	-43.0	54.37
78	-9.0	-35.0	-50.0	121.0	-19.0	-2.0	5.0	-50.0	66.79
79	-128.0	53.0	-42.0	21.0	1.0	10.0	0.0	-25.0	62.61
80	127.0	10.0	7.0	-16.0	-18.0	8.0	-3.0	-6.0	69.16
81	-96.0	96.0	-52.0	30.0	15.0	-10.0	10.0	-2.0	66.79
82	121.0	-14.0	127.0	-14.0	0.0	26.0	2.0	-18.0	82.96
