0	64.0	22.0	2.0	67.0	-15.0	-9.0	-8.0	-18.0	101.15
1	-17.0	-83.0	14.0	25.0	7.0	15.0	12.0	-7.0	102.01
2	89.0	-108.0	52.0	-76.0	16.0	-2.0	25.0	-4.0	99.39
3	119.0	81.0	-14.0	20.0	-4.0	-52.0	-15.0	10.0	97.24
4	-37.0	100.0	-108.0	-11.0	6.0	-20.0	-3.0	21.0	99.61
5	24.0	127.0	60.0	107.0	-25.0	19.0	6.0	-3.0	102.01
6	-128.0	92.0	-29.0	-38.0	8.0	-18.0	-15.0	21.0	100.46
7	-88.0	87.0	-56.0	-4.0	-5.0	1.0	-2.0	-15.0	101.99
8	-34.0	95.0	-40.0	-66.0	-15.0	-9.0	14.0	6.0	101.42
9	-39.0	-123.0	61.0	-33.0	-14.0	10.0	19.0	3.0	100.46
10	-78.0	2.0	-38.0	4.0	-9.0	44.0	3.0	16.0	99.61
11	-29.0	-128.0	19.0	19.0	0.0	-1.0	-67.0	17.0	97.13
12	-128.0	-79.0	127.0	-10.0	-59.0	-13.0	-11.0	-20.0	98.3
13	-6.0	116.0	-70.0	-5.0	-7.0	-6.0	-14.0	-29.0	92.65
14	48.0	-83.0	-3.0	-15.0	-2.0	-2.0	2.0	12.0	89.22
15	37.0	-29.0	21.0	-41.0	25.0	0.0	-8.0	-1.0	91.3
16	-39.0	53.0	37.0	-73.0	53.0	0.0	10.0	9.0	85.89
17	-89.0	-51.0	35.0	26.0	-8.0	-22.0	14.0	16.0	89.89
18	81.0	108.0	-104.0	55.0	-61.0	-3.0	4.0	18.0	87.18
19	54.0	90.0	-54.0	-69.0	-38.0	9.0	-54.0	-20.0	87.63
20	99.0	-35.0	16.0	-111.0	3.0	17.0	-5.0	2.0	90.76
21	-65.0	-128.0	127.0	-128.0	-9.0	-4.0	-8.0	-43.0	77.51
22	-128.0	107.0	-6.0	-103.0	-1.0	-19.0	3.0	18.0	85.56
23	15.0	127.0	-26.0	23.0	-9.0	2.0	-21.0	2.0	89.22
24	109.0	49.0	-89.0	88.0	18.0	23.0	2.0	38.0	93.76
25	-63.0	-90.0	-44.0	-85.0	0.0	-20.0	17.0	18.0	93.76
26	50.0	19.0	51.0	78.0	37.0	15.0	-7.0	7.0	96.24
27	-122.0	127.0	33.0	2.0	-49.0	-9.0	-6.0	-31.0	94.96
28	-124.0	-21.0	90.0	-1.0	32.0	-15.0	29.0	-33.0	80.32
29	65.0	-25.0	-1.0	-66.0	-47.0	11.0	-9.0	-18.0	71.29
30	52.0	106.0	11.0	-121.0	-4.0	4.0	-15.0	-10.0	66.47
31	127.0	-22.0	-28.0	-128.0	-14.0	24.0	3.0	16.0	61.62
32	90.0	91.0	94.0	78.0	-31.0	15.0	3.0	-6.0	60.38
33	-43.0	127.0	39.0	19.0	-22.0	10.0	-16.0	-2.0	51.0
34	-48.0	-73.0	-45.0	67.0	-28.0	4.0	0.0	3.0	44.6
35	108.0	127.0	114.0	-4.0	16.0	17.0	-11.0	4.0	51.08
36	33.0	110.0	-35.0	-24.0	34.0	-7.0	11.0	3.0	52.25
37	-73.0	7.0	-13.0	64.0	46.0	11.0	-7.0	-6.0	51.08
38	127.0	79.0	21.0	0.0	-5.0	-18.0	24.0	1.0	51.0
39	-43.0	127.0	-128.0	-7.0	0.0	-12.0	15.0	10.0	45.59
40	90.0	-121.0	55.0	46.0	-15.0	-9.0	5.0	26.0	43.53
41	127.0	-95.0	88.0	-9.0	15.0	-14.0	-8.0	22.0	43.53
42	-128.0	124.0	-111.0	-41.0	83.0	-1.0	-19.0	0.0	45.3
43	-36.0	7.0	-39.0	41.0	-19.0	-27.0	3.0	-1.0	45.3
44	11.0	-35.0	99.0	0.0	-3.0	4.0	-8.0	-45.0	42.81
45	27.0	127.0	27.0	-128.0	2.0	3.0	-24.0	0.0	41.34
46	65.0	-53.0	64.0	18.0	1.0	-6.0	11.0	4.0	43.14
47	48.0	-124.0	79.0	-16.0	20.0	-30.0	18.0	16.0	41.34
48	-16.0	126.0	59.0	127.0	-21.0	3.0	3.0	-12.0	45.06
49	15.0	-24.0	-92.0	-54.0	-5.0	5.0	23.0	-16.0	47.91
50	74.0	-128.0	20.0	-128.0	-24.0	12.0	-39.0	5.0	51.75
51	40.0	109.0	-40.0	127.0	-23.0	-17.0	3.0	45.0	56.15
52	-35.0	127.0	-113.0	-7.0	-18.0	-3.0	1.0	3.0	56.23
53	-17.0	-67.0	-112.0	56.0	2.0	2.0	30.0	-8.0	56.23
54	27.0	-42.0	41.0	37.0	-52.0	3.0	-60.0	8.0	53.99
55	-118.0	18.0	-9.0	23.0	30.0	-12.0	32.0	-36.0	55.37
56	-77.0	-66.0	-27.0	-44.0	-11.0	-10.0	16.0	-12.0	53.99
57	107.0	-53.0	88.0	-71.0	24.0	12.0	-15.0	-6.0	58.34
58	114.0	127.0	-47.0	52.0	-6.0	7.0	-35.0	-49.0	58.34
59	7.0	-86.0	38.0	10.0	19.0	-91.0	14.0	-2.0	60.08
60	102.0	72.0	17.0	5.0	16.0	-4.0	-15.0	-6.0	60.08
61	-96.0	82.0	-3.0	-106.0	38.0	-22.0	10.0	-3.0	58.58
62	5.0	127.0	17.0	93.0	-66.0	-3.0	-28.0	35.0	62.41
63	127.0	-128.0	78.0	-19.0	-3.0	4.0	-1.0	-13.0	62.41
64	80.0	-100.0	6.0	6.0	-16.0	-13.0	22.0	-28.0	72.54
65	70.0	-72.0	-16.0	-111.0	27.0	-14.0	6.0	15.0	87.18
66	-89.0	-128.0	95.0	106.0	39.0	14.0	-12.0	-35.0	91.3
67	17.0	-115.0	99.0	39.0	10.0	1.0	3.0	-34.0	89.89
68	-128.0	61.0	0.0	69.0	30.0	-15.0	10.0	12.0	86.55
69	-9.0	-42.0	63.0	13.0	3.0	-3.0	11.0	-5.0	86.55
70	62.0	73.0	127.0	127.0	-14.0	0.0	-5.0	-26.0	84.48
71	71.0	61.0	-13.0	-79.0	-9.0	-16.0	-12.0	26.0	77.22
72	4.0	-41.0	-128.0	-55.0	29.0	-38.0	4.0	29.0	74.34
73	115.0	127.0	-9.0	5.0	-78.0	8.0	5.0	31.0	72.54
74	-89.0	106.0	-100.0	-80.0	-7.0	1.0	-10.0	-38.0	77.22
75	-47.0	-31.0	35.0	51.0	-32.0	32.0	-18.0	-6.0	76.2
76	83.0	-59.0	104.0	-40.0	9.0	1.0	-12.0	-26.0	82.85
77	92.0	25.0	-54.0	31.0	-47.0	4.0	-11.0	3.0	69.03
78	7.0	32.0	-14.0	50.0	-9.0	-15.0	38.0	-39.0	68.57
79	43.0	68.0	55.0	48.0	16.0	-3.0	-16.0	12.0	68.57
80	74.0	96.0	14.0	51.0	18.0	-10.0	-8.0	-14.0	71.29
81	45.0	-52.0	1.0	127.0	-9.0	18.0	-24.0	18.0	77.51
82	11.0	-86.0	106.0	49.0	25.0	-14.0	-16.0	5.0	84.48
83	-20.0	61.0	-76.0	-17.0	46.0	-4.0	-12.0	36.0	84.49
84	15.0	127.0	5.0	-24.0	-13.0	-30.0	-1.0	12.0	96.24
85	27.0	59.0	-25.0	-4.0	-2.0	9.0	-7.0	-38.0	98.3
86	119.0	58.0	116.0	-68.0	-61.0	1.0	-11.0	-7.0	101.99
87	90.0	-128.0	31.0	-128.0	-50.0	10.0	-34.0	-36.0	101.83
