0	123.0	-114.0	-3.0	9.0	1.0	-34.0	-119.0	-20.0	74.14
1	-76.0	13.0	7.0	-12.0	2.0	83.0	18.0	12.0	98.09
2	51.0	69.0	46.0	-75.0	-13.0	-14.0	-20.0	26.0	68.58
3	71.0	-10.0	16.0	-22.0	-13.0	-13.0	-50.0	42.0	90.63
4	59.0	100.0	13.0	-47.0	7.0	3.0	-44.0	-15.0	91.44
5	-112.0	22.0	-12.0	66.0	-42.0	18.0	14.0	-79.0	102.61
6	5.0	103.0	-4.0	50.0	43.0	-45.0	-28.0	-9.0	104.11
7	49.0	-119.0	4.0	-28.0	-23.0	52.0	82.0	-21.0	102.61
8	88.0	107.0	-1.0	51.0	-31.0	10.0	12.0	3.0	102.98
9	28.0	-5.0	-29.0	73.0	-61.0	-15.0	-12.0	-10.0	104.67
10	127.0	-90.0	-90.0	92.0	7.0	-28.0	127.0	27.0	115.68
11	119.0	-115.0	76.0	-84.0	-2.0	14.0	37.0	-46.0	118.11
12	-18.0	94.0	32.0	0.0	-12.0	68.0	11.0	42.0	113.29
13	70.0	-91.0	-54.0	35.0	11.0	69.0	-61.0	-13.0	117.46
14	127.0	117.0	2.0	127.0	-1.0	4.0	-6.0	40.0	119.78
15	-91.0	127.0	-17.0	15.0	-6.0	-16.0	2.0	57.0	119.78
16	93.0	32.0	-40.0	-100.0	-23.0	18.0	-4.0	-14.0	118.62
17	-38.0	-21.0	-98.0	-42.0	54.0	-20.0	-66.0	0.0	119.8
18	-95.0	-5.0	45.0	57.0	-79.0	37.0	39.0	61.0	120.25
19	-55.0	-75.0	8.0	-6.0	8.0	-77.0	99.0	50.0	120.61
20	76.0	-103.0	9.0	76.0	9.0	4.0	-6.0	-35.0	120.61
21	-5.0	-128.0	-95.0	22.0	17.0	-47.0	57.0	34.0	120.57
22	34.0	-83.0	61.0	-4.0	-27.0	-16.0	-7.0	0.0	120.56
23	-80.0	120.0	13.0	49.0	29.0	4.0	4.0	4.0	120.55
24	104.0	52.0	111.0	-9.0	-47.0	-19.0	32.0	14.0	119.8
25	51.0	109.0	-22.0	114.0	-17.0	-97.0	84.0	26.0	114.76
26	127.0	71.0	-4.0	24.0	0.0	10.0	-86.0	-39.0	106.85
27	-89.0	0.0	103.0	-71.0	-18.0	24.0	-57.0	-11.0	108.72
28	89.0	46.0	-28.0	27.0	-16.0	-15.0	-75.0	17.0	110.74
29	100.0	-15.0	-128.0	-128.0	-7.0	-8.0	-105.0	42.0	108.72
30	-101.0	68.0	73.0	73.0	62.0	12.0	26.0	-33.0	117.46
31	101.0	-52.0	33.0	74.0	3.0	-66.0	-8.0	21.0	116.32
32	-85.0	-91.0	3.0	31.0	-58.0	-45.0	41.0	-15.0	110.7
33	-36.0	-128.0	-88.0	-46.0	10.0	42.0	78.0	3.0	113.07
34	-83.0	59.0	-2.0	58.0	22.0	-38.0	33.0	106.0	115.68
35	76.0	4.0	16.0	11.0	-30.0	-89.0	-70.0	12.0	102.97
36	-128.0	-1.0	-42.0	-32.0	24.0	9.0	-3.0	-51.0	111.83
37	112.0	-128.0	-42.0	-68.0	3.0	53.0	-20.0	1.0	105.57
38	103.0	108.0	-10.0	122.0	-10.0	-13.0	8.0	53.0	105.57
39	83.0	121.0	-1.0	-9.0	-58.0	10.0	22.0	-106.0	111.83
40	-29.0	20.0	-16.0	28.0	-25.0	36.0	-29.0	-35.0	114.76
41	-81.0	20.0	1.0	-76.0	26.0	-76.0	-39.0	-19.0	103.58
42	118.0	-106.0	69.0	-69.0	33.0	-7.0	-34.0	-1.0	103.67
43	-36.0	37.0	-30.0	-21.0	6.0	-69.0	59.0	31.0	103.58
44	-75.0	40.0	47.0	17.0	28.0	-16.0	15.0	-15.0	102.97
45	32.0	-65.0	12.0	4.0	17.0	-12.0	-115.0	-61.0	99.89
46	-77.0	-9.0	-125.0	65.0	-23.0	-16.0	-41.0	-74.0	93.07
47	-128.0	-67.0	-9.0	-128.0	22.0	57.0	116.0	-9.0	98.09
48	-124.0	22.0	40.0	10.0	16.0	-50.0	-48.0	0.0	88.75
49	14.0	-66.0	43.0	-128.0	-83.0	-31.0	85.0	15.0	88.75
50	127.0	-87.0	-44.0	-42.0	30.0	-2.0	-56.0	-54.0	101.14
51	-34.0	68.0	-107.0	-5.0	35.0	69.0	-21.0	-21.0	74.19
52	39.0	18.0	-13.0	-104.0	34.0	88.0	-3.0	20.0	65.94
53	127.0	-102.0	40.0	38.0	-12.0	59.0	-27.0	-40.0	65.94
54	-115.0	1.0	-64.0	11.0	0.0	35.0	8.0	-30.0	63.82
55	67.0	4.0	-1.0	-57.0	34.0	-45.0	-9.0	83.0	61.34
56	-50.0	82.0	-34.0	-56.0	19.0	6.0	-37.0	-47.0	60.56
57	50.0	-39.0	71.0	-30.0	-11.0	-13.0	26.0	-40.0	59.03
58	-90.0	115.0	-113.0	36.0	51.0	17.0	-43.0	69.0	58.75
59	-69.0	-126.0	9.0	-3.0	-28.0	-11.0	35.0	-5.0	57.65
60	-128.0	-19.0	-12.0	-60.0	55.0	-96.0	-4.0	-102.0	57.66
61	107.0	-20.0	3.0	44.0	36.0	88.0	-7.0	37.0	57.65
62	-61.0	89.0	55.0	-62.0	-40.0	80.0	95.0	80.0	57.26
63	127.0	127.0	-9.0	-47.0	6.0	-21.0	-36.0	53.0	57.48
64	-48.0	-52.0	2.0	33.0	15.0	34.0	18.0	-44.0	57.48
65	93.0	-39.0	-46.0	-40.0	-9.0	15.0	-55.0	-41.0	57.7
66	-128.0	-37.0	6.0	-121.0	35.0	-46.0	78.0	-16.0	58.75
67	-3.0	-41.0	-5.0	-44.0	24.0	9.0	-31.0	-36.0	60.56
68	64.0	-128.0	10.0	92.0	9.0	15.0	71.0	14.0	59.59
69	37.0	127.0	42.0	4.0	11.0	-28.0	-46.0	76.0	62.99
70	-83.0	-61.0	39.0	-96.0	27.0	2.0	17.0	43.0	62.99
71	39.0	127.0	-80.0	53.0	26.0	26.0	87.0	15.0	62.48
72	109.0	-113.0	108.0	-47.0	-79.0	37.0	8.0	11.0	60.69
73	86.0	127.0	-4.0	25.0	-41.0	-49.0	-90.0	-56.0	60.69
74	93.0	103.0	-125.0	-128.0	-5.0	26.0	5.0	-63.0	62.59
75	-43.0	-79.0	79.0	-8.0	15.0	88.0	-98.0	-9.0	63.75
76	-113.0	35.0	41.0	2.0	-14.0	-32.0	-54.0	41.0	64.56
77	-125.0	8.0	-12.0	-128.0	2.0	-45.0	-14.0	-22.0	74.14
78	46.0	-128.0	-45.0	62.0	27.0	67.0	43.0	21.0	70.55
79	-6.0	47.0	63.0	-4.0	-10.0	-23.0	18.0	48.0	87.72
80	109.0	54.0	12.0	-47.0	0.0	-9.0	-66.0	-3.0	70.55
81	94.0	83.0	13.0	-31.0	28.0	28.0	-62.0	-7.0	67.08
82	-12.0	127.0	23.0	10.0	-68.0	15.0	-26.0	21.0	90.18
83	78.0	-26.0	-9.0	-108.0	-26.0	-4.0	-23.0	45.0	91.44
84	-128.0	127.0	1.0	-2.0	-36.0	-28.0	0.0	10.0	90.18
