0	-60.0	90.0	17.0	8.0	-7.0	-18.0	-1.0	33.0	102.13
1	-76.0	-11.0	-106.0	-30.0	13.0	17.0	-44.0	-9.0	90.55
2	127.0	105.0	59.0	15.0	0.0	4.0	-7.0	10.0	81.21
3	75.0	-66.0	-23.0	10.0	2.0	8.0	-4.0	-14.0	83.41
4	48.0	58.0	-5.0	25.0	-20.0	14.0	-2.0	27.0	89.67
5	-6.0	1.0	7.0	-16.0	-5.0	-4.0	10.0	63.0	107.19
6	-120.0	-128.0	-52.0	-10.0	-4.0	-5.0	-15.0	5.0	90.59
7	112.0	46.0	-14.0	11.0	3.0	-22.0	-12.0	-75.0	106.39
8	69.0	12.0	74.0	34.0	18.0	37.0	-9.0	-30.0	109.33
9	40.0	4.0	-42.0	12.0	-38.0	5.0	48.0	36.0	109.26
10	107.0	5.0	-2.0	95.0	-5.0	22.0	47.0	5.0	111.82
11	-22.0	38.0	66.0	48.0	-46.0	-62.0	-8.0	33.0	111.82
12	-63.0	63.0	-35.0	-41.0	31.0	14.0	-27.0	31.0	111.66
13	-118.0	94.0	25.0	30.0	-23.0	12.0	-29.0	32.0	111.5
14	127.0	-78.0	114.0	41.0	22.0	12.0	-20.0	24.0	94.37
15	42.0	-29.0	96.0	27.0	-18.0	-22.0	-50.0	38.0	101.4
16	-64.0	111.0	-30.0	-7.0	-7.0	7.0	-40.0	1.0	101.4
17	-14.0	127.0	-128.0	-102.0	-28.0	25.0	-65.0	6.0	94.37
18	-46.0	-95.0	73.0	-59.0	7.0	29.0	15.0	-10.0	78.15
19	-52.0	-55.0	26.0	-38.0	20.0	-2.0	20.0	-6.0	77.02
20	101.0	32.0	22.0	36.0	-14.0	-16.0	-4.0	10.0	72.16
21	-51.0	7.0	4.0	-84.0	-3.0	-20.0	40.0	-8.0	68.47
22	-76.0	127.0	58.0	-33.0	-4.0	-5.0	77.0	-6.0	56.7
23	43.0	-128.0	74.0	-15.0	6.0	28.0	13.0	-16.0	50.77
24	-3.0	113.0	23.0	123.0	2.0	-6.0	127.0	17.0	57.09
25	4.0	41.0	-76.0	-74.0	34.0	-6.0	-8.0	-2.0	50.25
26	-4.0	86.0	-116.0	-74.0	-35.0	18.0	-70.0	19.0	50.72
27	127.0	35.0	-14.0	23.0	-12.0	-4.0	1.0	-62.0	53.4
28	-107.0	1.0	93.0	-61.0	-2.0	6.0	11.0	42.0	59.73
29	59.0	-5.0	91.0	21.0	-17.0	17.0	12.0	34.0	59.39
30	88.0	105.0	27.0	-109.0	-16.0	26.0	53.0	-61.0	54.6
31	55.0	111.0	-8.0	30.0	4.0	-19.0	3.0	-4.0	53.64
32	-96.0	127.0	9.0	-62.0	3.0	-8.0	-68.0	19.0	60.4
33	78.0	123.0	-81.0	44.0	-9.0	-4.0	-37.0	-9.0	55.6
34	127.0	-76.0	48.0	102.0	-12.0	3.0	21.0	18.0	53.64
35	44.0	127.0	-62.0	-32.0	1.0	-13.0	26.0	22.0	51.25
36	-21.0	3.0	-20.0	57.0	9.0	28.0	7.0	31.0	56.7
37	44.0	-107.0	34.0	-128.0	-12.0	4.0	-19.0	27.0	55.6
38	87.0	15.0	-7.0	89.0	22.0	2.0	13.0	18.0	55.74
39	-12.0	23.0	-18.0	-113.0	-19.0	-28.0	59.0	-8.0	60.4
40	62.0	-17.0	-37.0	65.0	-16.0	-26.0	10.0	4.0	65.27
41	-82.0	36.0	5.0	-97.0	-3.0	-28.0	8.0	13.0	58.59
42	3.0	112.0	34.0	-6.0	20.0	7.0	-8.0	-1.0	60.58
43	80.0	72.0	9.0	-117.0	6.0	4.0	20.0	-7.0	65.37
44	36.0	-85.0	32.0	33.0	-37.0	-3.0	53.0	18.0	68.47
45	8.0	103.0	127.0	38.0	45.0	10.0	-27.0	60.0	66.16
46	-118.0	-42.0	51.0	-17.0	3.0	6.0	-3.0	12.0	67.66
47	127.0	-28.0	-48.0	-59.0	21.0	-18.0	11.0	8.0	62.49
48	-5.0	-124.0	67.0	-99.0	-53.0	-7.0	35.0	-35.0	60.58
49	58.0	100.0	-40.0	63.0	-19.0	-6.0	-34.0	10.0	58.35
50	-12.0	-51.0	50.0	67.0	16.0	-16.0	44.0	9.0	51.92
51	46.0	-38.0	-41.0	127.0	3.0	-25.0	42.0	-3.0	51.25
52	54.0	-48.0	-40.0	-31.0	-16.0	-15.0	0.0	-12.0	50.77
53	-95.0	121.0	6.0	59.0	-31.0	32.0	-93.0	-19.0	49.94
54	26.0	-125.0	68.0	-67.0	-11.0	15.0	28.0	40.0	52.34
55	-128.0	-59.0	-108.0	-7.0	-12.0	-31.0	49.0	0.0	53.4
56	127.0	65.0	-94.0	10.0	-22.0	-14.0	50.0	-10.0	50.72
57	47.0	-92.0	-68.0	23.0	-4.0	-45.0	-33.0	26.0	57.09
58	-28.0	55.0	85.0	-15.0	18.0	-12.0	-73.0	39.0	58.28
59	71.0	117.0	17.0	45.0	-5.0	-35.0	-16.0	-2.0	59.73
60	-9.0	127.0	-35.0	-18.0	-15.0	-3.0	92.0	-16.0	67.66
61	-67.0	-95.0	26.0	-89.0	7.0	54.0	19.0	68.0	69.75
62	-21.0	127.0	87.0	-48.0	5.0	-9.0	-4.0	18.0	72.16
63	-9.0	-128.0	57.0	19.0	33.0	5.0	41.0	-63.0	74.25
64	88.0	56.0	9.0	112.0	-7.0	-5.0	-31.0	6.0	75.05
65	6.0	76.0	-57.0	-21.0	25.0	2.0	-11.0	38.0	74.25
66	-84.0	8.0	15.0	-80.0	-10.0	1.0	9.0	-3.0	76.31
67	-63.0	-122.0	9.0	56.0	-10.0	-17.0	-21.0	67.0	77.02
68	-78.0	-104.0	39.0	10.0	-4.0	18.0	-24.0	-7.0	78.15
69	-128.0	-25.0	17.0	51.0	19.0	-12.0	23.0	-22.0	80.07
70	12.0	18.0	52.0	-5.0	9.0	6.0	17.0	-21.0	82.87
71	-95.0	-76.0	-47.0	122.0	-16.0	0.0	4.0	-24.0	90.59
72	107.0	11.0	30.0	-11.0	0.0	9.0	-126.0	-45.0	84.89
73	91.0	-32.0	-90.0	1.0	-17.0	11.0	5.0	-56.0	104.07
74	83.0	-98.0	-11.0	-23.0	-16.0	-2.0	17.0	-53.0	111.21
75	-24.0	-64.0	0.0	95.0	-7.0	3.0	-37.0	53.0	89.67
76	-14.0	127.0	-73.0	-62.0	-5.0	0.0	25.0	15.0	92.98
77	-29.0	-114.0	-128.0	-17.0	8.0	35.0	15.0	8.0	92.98
78	116.0	65.0	38.0	-37.0	-12.0	18.0	-54.0	30.0	108.01
79	-67.0	-19.0	16.0	-1.0	11.0	-28.0	-30.0	-5.0	96.99
80	79.0	-79.0	-92.0	-25.0	-5.0	-23.0	-18.0	-25.0	106.39
81	-40.0	127.0	-12.0	-8.0	-4.0	29.0	0.0	18.0	109.26
82	-23.0	90.0	31.0	-9.0	-13.0	-51.0	19.0	-26.0	111.6
83	-17.0	43.0	-32.0	14.0	1.0	32.0	18.0	15.0	111.5
84	-53.0	-115.0	-31.0	-13.0	-2.0	8.0	18.0	10.0	107.67
85	50.0	-20.0	-16.0	-21.0	-1.0	34.0	12.0	-42.0	108.68
86	90.0	-112.0	54.0	-3.0	8.0	-72.0	-14.0	-43.0	108.68
