0	19.0	102.0	-12.0	-9.0	-9.0	13.0	51.0	24.0	57.81
1	127.0	-34.0	-19.0	-43.0	3.0	-10.0	-14.0	-34.0	69.63
2	-5.0	-106.0	-3.0	9.0	29.0	26.0	-44.0	-21.0	75.45
3	81.0	-8.0	17.0	44.0	-4.0	3.0	-14.0	-19.0	75.45
4	15.0	-10.0	-128.0	-61.0	-10.0	-20.0	43.0	18.0	81.6
5	-40.0	123.0	-25.0	10.0	-15.0	3.0	-79.0	27.0	78.03
6	-47.0	67.0	4.0	11.0	10.0	6.0	-7.0	-25.0	72.61
7	127.0	-54.0	-52.0	-39.0	18.0	-12.0	127.0	-19.0	76.76
8	80.0	-55.0	16.0	-93.0	-5.0	55.0	-23.0	-24.0	80.45
9	-128.0	49.0	124.0	5.0	2.0	9.0	59.0	-7.0	83.93
10	11.0	1.0	-17.0	4.0	-25.0	-4.0	9.0	22.0	89.61
11	-114.0	-11.0	6.0	-100.0	-11.0	45.0	57.0	25.0	111.48
12	16.0	16.0	33.0	20.0	-26.0	-50.0	0.0	-23.0	91.31
13	-127.0	-20.0	-6.0	-26.0	34.0	-63.0	-128.0	6.0	103.11
14	-93.0	94.0	-47.0	0.0	-27.0	55.0	6.0	1.0	96.7
15	127.0	-128.0	-67.0	35.0	14.0	9.0	-39.0	-7.0	102.43
16	78.0	62.0	78.0	4.0	34.0	-13.0	25.0	-12.0	113.49
17	41.0	4.0	-62.0	-62.0	7.0	3.0	-21.0	22.0	113.78
18	-1.0	127.0	-7.0	116.0	-10.0	-12.0	9.0	-25.0	114.52
19	19.0	-78.0	-33.0	29.0	-20.0	21.0	53.0	5.0	115.23
20	-96.0	76.0	-108.0	0.0	41.0	-9.0	99.0	29.0	114.52
21	-74.0	47.0	28.0	47.0	-15.0	32.0	-1.0	-49.0	113.88
22	-20.0	23.0	16.0	7.0	24.0	5.0	57.0	79.0	113.49
23	-102.0	-128.0	-53.0	-82.0	14.0	-18.0	53.0	-43.0	112.92
24	-27.0	77.0	-51.0	-22.0	-10.0	7.0	16.0	-25.0	105.43
25	-20.0	32.0	-2.0	-61.0	66.0	12.0	15.0	17.0	95.65
26	-98.0	-20.0	-4.0	28.0	-4.0	15.0	-12.0	-25.0	113.46
27	50.0	-13.0	-50.0	-128.0	4.0	5.0	-3.0	29.0	105.99
28	20.0	94.0	4.0	127.0	-2.0	-22.0	-42.0	3.0	83.62
29	62.0	27.0	2.0	-128.0	-52.0	5.0	-43.0	-33.0	92.48
30	-32.0	32.0	22.0	2.0	-25.0	0.0	-11.0	-2.0	86.21
31	50.0	-81.0	-52.0	-14.0	-21.0	-12.0	-6.0	-45.0	95.65
32	63.0	-45.0	-8.0	-39.0	-8.0	10.0	3.0	30.0	93.34
33	-53.0	60.0	14.0	-61.0	-17.0	35.0	-7.0	-30.0	92.48
34	0.0	12.0	-128.0	107.0	53.0	-27.0	7.0	22.0	87.43
35	38.0	-16.0	9.0	-41.0	41.0	-13.0	-13.0	6.0	102.06
36	5.0	-124.0	-7.0	-66.0	-31.0	-2.0	5.0	-43.0	105.99
37	-82.0	-69.0	27.0	75.0	-15.0	-25.0	30.0	14.0	105.43
38	-36.0	127.0	-17.0	-39.0	20.0	12.0	43.0	22.0	113.46
39	127.0	14.0	34.0	-56.0	-42.0	-46.0	6.0	-34.0	90.85
40	64.0	-4.0	-29.0	-15.0	6.0	10.0	-46.0	1.0	102.43
41	93.0	-80.0	4.0	-52.0	9.0	16.0	77.0	16.0	88.49
42	51.0	121.0	38.0	48.0	-11.0	-31.0	77.0	-2.0	90.85
43	49.0	-23.0	-92.0	-128.0	2.0	12.0	-6.0	-1.0	88.49
44	96.0	-19.0	-1.0	5.0	6.0	-11.0	24.0	48.0	86.21
45	-114.0	8.0	31.0	20.0	5.0	-6.0	-69.0	-1.0	81.6
46	-32.0	-56.0	0.0	21.0	-16.0	25.0	-46.0	-29.0	78.9
47	56.0	29.0	89.0	-14.0	15.0	4.0	-63.0	-6.0	80.45
48	71.0	100.0	58.0	-30.0	-4.0	-24.0	-22.0	12.0	73.7
49	71.0	-10.0	-7.0	-38.0	3.0	-7.0	2.0	-19.0	76.76
50	127.0	70.0	9.0	-86.0	23.0	12.0	68.0	35.0	74.38
51	-2.0	23.0	1.0	33.0	-7.0	-4.0	1.0	-8.0	71.1
52	-128.0	88.0	36.0	-91.0	-16.0	5.0	-19.0	-7.0	63.17
53	5.0	37.0	2.0	2.0	-3.0	13.0	12.0	7.0	49.57
54	1.0	49.0	19.0	21.0	-3.0	3.0	20.0	-7.0	35.57
55	127.0	105.0	-25.0	14.0	18.0	20.0	110.0	-39.0	48.04
56	-13.0	12.0	-39.0	13.0	3.0	-9.0	-37.0	-21.0	35.73
57	8.0	127.0	82.0	17.0	-8.0	-3.0	-29.0	1.0	42.19
58	67.0	19.0	33.0	-15.0	-20.0	15.0	36.0	18.0	59.21
59	-15.0	60.0	-37.0	-3.0	26.0	-32.0	-36.0	2.0	59.54
60	-122.0	-48.0	-14.0	-1.0	14.0	-33.0	-14.0	46.0	53.39
61	28.0	127.0	112.0	-22.0	-16.0	11.0	23.0	32.0	61.32
62	-72.0	-76.0	23.0	-61.0	-12.0	21.0	-52.0	1.0	35.99
63	-85.0	-60.0	26.0	-13.0	-12.0	31.0	16.0	16.0	48.04
64	118.0	112.0	-30.0	-7.0	26.0	3.0	-4.0	-26.0	48.41
65	102.0	26.0	36.0	127.0	36.0	-29.0	43.0	12.0	35.73
66	-56.0	95.0	-68.0	121.0	-22.0	-10.0	-42.0	-38.0	54.92
67	57.0	-90.0	-76.0	86.0	12.0	-5.0	29.0	7.0	47.57
68	-45.0	127.0	-4.0	13.0	10.0	10.0	26.0	-12.0	42.19
69	-36.0	80.0	31.0	-34.0	-16.0	-18.0	12.0	-47.0	48.41
70	125.0	-29.0	-75.0	58.0	-7.0	10.0	-51.0	17.0	61.18
71	-13.0	98.0	-13.0	-23.0	-21.0	16.0	-43.0	4.0	67.84
72	89.0	97.0	24.0	20.0	20.0	-19.0	-70.0	-36.0	68.22
73	9.0	-22.0	21.0	-33.0	-14.0	-18.0	5.0	60.0	63.13
74	45.0	-40.0	31.0	-99.0	7.0	10.0	17.0	-51.0	57.81
75	-128.0	-43.0	27.0	92.0	-6.0	-54.0	-93.0	18.0	57.18
76	127.0	48.0	-6.0	41.0	21.0	-8.0	2.0	27.0	70.89
77	-27.0	7.0	-91.0	-86.0	-11.0	6.0	34.0	-3.0	59.54
78	117.0	-35.0	22.0	-25.0	-20.0	-7.0	-78.0	28.0	63.17
79	-27.0	-96.0	123.0	-44.0	4.0	27.0	-34.0	7.0	70.89
80	-66.0	107.0	-12.0	4.0	8.0	12.0	18.0	51.0	65.91
81	-20.0	-76.0	-20.0	0.0	-16.0	21.0	-41.0	-15.0	64.89
82	-13.0	-29.0	-33.0	-15.0	-29.0	-23.0	-20.0	-27.0	64.89
83	114.0	46.0	66.0	9.0	-14.0	10.0	26.0	39.0	72.61
84	-10.0	-128.0	-91.0	-20.0	46.0	14.0	-23.0	2.0	67.84
85	-88.0	5.0	23.0	127.0	-6.0	-4.0	101.0	-40.0	53.66
86	39.0	33.0	37.0	43.0	-15.0	18.0	-9.0	31.0	59.21
