0	-46.0	-25.0	-128.0	35.0	53.0	43.0	-33.0	46.0	40.19
1	-28.0	23.0	-32.0	127.0	-1.0	-15.0	9.0	3.0	50.89
2	79.0	-8.0	-16.0	19.0	6.0	4.0	-2.0	2.0	60.6
3	71.0	66.0	7.0	-104.0	-68.0	6.0	29.0	54.0	67.49
4	-52.0	79.0	-44.0	-5.0	7.0	29.0	26.0	-38.0	53.51
5	-71.0	-114.0	-16.0	-32.0	1.0	-8.0	20.0	36.0	45.27
6	121.0	127.0	-27.0	-112.0	-53.0	-26.0	-21.0	5.0	41.68
7	-86.0	126.0	-14.0	-128.0	-16.0	-22.0	93.0	-12.0	54.77
8	77.0	-80.0	-21.0	-67.0	-49.0	-14.0	-42.0	-11.0	62.45
9	106.0	127.0	-32.0	-115.0	5.0	-24.0	8.0	55.0	67.7
10	-55.0	62.0	-17.0	106.0	-28.0	-14.0	5.0	42.0	69.63
11	8.0	37.0	91.0	-60.0	2.0	16.0	41.0	-4.0	73.32
12	-125.0	-128.0	-8.0	-128.0	34.0	45.0	16.0	-53.0	98.47
13	-5.0	-107.0	28.0	-21.0	15.0	-4.0	-34.0	2.0	98.8
14	8.0	8.0	-38.0	127.0	-4.0	7.0	112.0	-4.0	101.2
15	23.0	-128.0	5.0	-79.0	3.0	5.0	-21.0	14.0	102.34
16	-23.0	127.0	29.0	-128.0	13.0	7.0	127.0	-20.0	99.33
17	127.0	121.0	36.0	32.0	33.0	46.0	-86.0	-17.0	99.7
18	36.0	-28.0	-56.0	-42.0	59.0	-51.0	-24.0	4.0	101.25
19	18.0	-6.0	62.0	-124.0	-10.0	-25.0	54.0	19.0	103.05
20	109.0	-24.0	70.0	-53.0	-22.0	-35.0	-55.0	-83.0	103.88
21	47.0	-35.0	61.0	44.0	-37.0	-25.0	-7.0	-3.0	103.71
22	-50.0	73.0	-14.0	-44.0	-5.0	-24.0	32.0	72.0	103.88
23	-75.0	61.0	17.0	11.0	37.0	34.0	-15.0	-24.0	102.4
24	19.0	46.0	5.0	-55.0	-35.0	-12.0	14.0	-63.0	95.07
25	44.0	-98.0	-6.0	-19.0	7.0	-28.0	96.0	-68.0	100.1
26	52.0	75.0	-110.0	44.0	26.0	23.0	-11.0	-32.0	94.67
27	28.0	40.0	-84.0	-53.0	22.0	-1.0	-7.0	-1.0	91.18
28	-101.0	-50.0	-31.0	7.0	15.0	8.0	4.0	-9.0	98.8
29	127.0	-103.0	-4.0	-30.0	-9.0	16.0	-22.0	7.0	80.5
30	99.0	100.0	-33.0	-16.0	-2.0	-12.0	5.0	15.0	83.12
31	-103.0	47.0	42.0	-9.0	-9.0	-11.0	-39.0	29.0	88.41
32	-58.0	-24.0	-115.0	41.0	-3.0	-4.0	25.0	-28.0	99.7
33	83.0	108.0	14.0	-53.0	12.0	7.0	-14.0	-16.0	100.1
34	-102.0	-17.0	16.0	58.0	-41.0	10.0	-7.0	-40.0	103.01
35	20.0	48.0	-58.0	-33.0	6.0	-3.0	9.0	33.0	103.01
36	127.0	122.0	-50.0	-14.0	32.0	12.0	72.0	18.0	100.62
37	2.0	55.0	93.0	-89.0	2.0	37.0	9.0	46.0	96.65
38	-66.0	97.0	-76.0	-17.0	-24.0	2.0	-112.0	-5.0	102.56
39	66.0	-28.0	-5.0	54.0	-19.0	20.0	5.0	-12.0	102.4
40	59.0	2.0	-24.0	109.0	18.0	12.0	-21.0	26.0	101.25
41	-3.0	42.0	2.0	0.0	-7.0	-22.0	-59.0	-25.0	94.75
42	-111.0	-50.0	-83.0	96.0	3.0	-8.0	-13.0	-15.0	80.07
43	102.0	89.0	-54.0	-49.0	20.0	17.0	45.0	22.0	102.97
44	127.0	123.0	-16.0	33.0	19.0	-8.0	-13.0	-15.0	101.2
45	60.0	-29.0	52.0	-78.0	-1.0	-14.0	1.0	68.0	67.7
46	10.0	-128.0	-6.0	-47.0	-27.0	-5.0	7.0	40.0	88.41
47	-56.0	32.0	20.0	-38.0	-32.0	45.0	-29.0	9.0	102.97
48	-26.0	-128.0	-128.0	80.0	-42.0	43.0	-11.0	-12.0	96.65
49	50.0	46.0	-60.0	-97.0	-22.0	-35.0	-73.0	7.0	88.3
50	22.0	127.0	81.0	-10.0	-38.0	-22.0	11.0	-19.0	95.63
51	81.0	41.0	5.0	-93.0	37.0	27.0	10.0	-25.0	93.53
52	54.0	17.0	42.0	-61.0	-2.0	-10.0	-25.0	52.0	73.32
53	121.0	18.0	47.0	-16.0	46.0	-11.0	-11.0	27.0	69.2
54	54.0	127.0	22.0	2.0	5.0	21.0	87.0	28.0	69.2
55	22.0	24.0	7.0	-53.0	-9.0	54.0	-6.0	-11.0	66.66
56	-37.0	-66.0	-120.0	47.0	-10.0	34.0	-58.0	-12.0	61.78
57	77.0	69.0	-91.0	73.0	41.0	-98.0	31.0	-1.0	67.49
58	-31.0	11.0	81.0	-66.0	-22.0	32.0	-54.0	-12.0	64.51
59	-33.0	-2.0	111.0	-50.0	4.0	-29.0	-9.0	-9.0	60.6
60	-59.0	104.0	10.0	-20.0	6.0	-37.0	-64.0	2.0	40.79
61	-50.0	108.0	61.0	-128.0	28.0	-7.0	-44.0	32.0	43.99
62	-63.0	-128.0	74.0	80.0	5.0	-20.0	117.0	13.0	37.92
63	111.0	117.0	-34.0	12.0	-28.0	37.0	-38.0	-16.0	34.62
64	85.0	73.0	-77.0	-28.0	55.0	18.0	-13.0	-18.0	34.7
65	38.0	8.0	41.0	-104.0	21.0	17.0	1.0	-66.0	35.34
66	-45.0	77.0	25.0	-5.0	-6.0	-11.0	44.0	8.0	34.94
67	-77.0	127.0	-7.0	35.0	14.0	5.0	4.0	-11.0	37.11
68	7.0	-63.0	-12.0	47.0	-25.0	9.0	10.0	-38.0	41.68
69	97.0	-38.0	34.0	-14.0	-23.0	19.0	-7.0	-9.0	42.79
70	69.0	127.0	-27.0	4.0	4.0	2.0	102.0	32.0	59.23
71	64.0	73.0	10.0	-57.0	39.0	17.0	42.0	29.0	49.08
72	57.0	70.0	-22.0	-3.0	-2.0	-23.0	-23.0	38.0	35.06
73	70.0	14.0	-69.0	-4.0	21.0	3.0	3.0	-17.0	40.79
74	70.0	-66.0	-20.0	19.0	-4.0	22.0	-7.0	-4.0	59.23
75	-94.0	88.0	41.0	-106.0	7.0	-21.0	-32.0	2.0	35.54
76	127.0	25.0	-27.0	-2.0	35.0	-3.0	3.0	-41.0	34.94
77	102.0	-76.0	-102.0	-20.0	5.0	-25.0	-9.0	13.0	34.62
78	59.0	79.0	0.0	53.0	-47.0	24.0	-90.0	51.0	34.18
79	127.0	49.0	-118.0	55.0	-8.0	-41.0	13.0	-10.0	34.54
80	73.0	-7.0	65.0	118.0	-46.0	17.0	39.0	-10.0	34.18
81	-108.0	99.0	-38.0	11.0	-20.0	21.0	-4.0	46.0	37.11
82	-128.0	123.0	93.0	-42.0	-28.0	50.0	-17.0	-3.0	37.92
83	-72.0	100.0	44.0	105.0	-2.0	-16.0	11.0	-22.0	34.54
84	65.0	-43.0	-29.0	-3.0	19.0	-53.0	19.0	1.0	49.08
85	-71.0	32.0	-10.0	10.0	-10.0	23.0	-3.0	-28.0	53.51
86	32.0	-58.0	21.0	-37.0	0.0	43.0	-38.0	1.0	37.18
