0	-100.0	-124.0	107.0	88.0	14.0	-102.0	1.0	52.0	60.75
1	-42.0	32.0	-17.0	-77.0	111.0	-6.0	-25.0	-40.0	61.06
2	28.0	-37.0	-112.0	65.0	-4.0	-17.0	-22.0	51.0	62.53
3	111.0	64.0	46.0	64.0	7.0	44.0	-123.0	54.0	64.98
4	-2.0	127.0	-8.0	-44.0	-54.0	4.0	40.0	11.0	66.19
5	118.0	-109.0	26.0	75.0	9.0	-21.0	26.0	-9.0	70.96
6	-70.0	87.0	127.0	57.0	47.0	7.0	-62.0	-12.0	79.58
7	99.0	127.0	-120.0	38.0	-50.0	-96.0	108.0	47.0	78.44
8	-36.0	125.0	41.0	2.0	63.0	30.0	24.0	-89.0	78.44
9	85.0	-57.0	1.0	73.0	19.0	39.0	-12.0	48.0	86.78
10	127.0	-19.0	-104.0	58.0	-50.0	-128.0	123.0	-8.0	86.8
11	126.0	127.0	83.0	71.0	46.0	3.0	26.0	-57.0	86.82
12	127.0	97.0	12.0	-12.0	-11.0	16.0	-11.0	-2.0	89.78
13	79.0	90.0	2.0	-96.0	47.0	61.0	-18.0	-13.0	93.61
14	127.0	127.0	18.0	23.0	-14.0	127.0	-20.0	-63.0	91.55
15	127.0	-128.0	29.0	10.0	-12.0	62.0	18.0	34.0	97.13
16	42.0	57.0	-38.0	127.0	-13.0	-22.0	-128.0	63.0	105.94
17	-118.0	127.0	-23.0	-54.0	4.0	-65.0	32.0	-29.0	102.42
18	12.0	-128.0	111.0	26.0	19.0	13.0	-97.0	16.0	103.96
19	-85.0	-45.0	-112.0	-45.0	12.0	58.0	-86.0	30.0	104.64
20	-32.0	-88.0	-20.0	42.0	-12.0	-5.0	-94.0	14.0	106.66
21	0.0	127.0	3.0	-12.0	108.0	127.0	110.0	26.0	102.6
22	-122.0	-101.0	71.0	-98.0	4.0	76.0	-95.0	-24.0	101.84
23	-84.0	-64.0	32.0	-78.0	-13.0	-71.0	-73.0	47.0	106.66
24	-72.0	-7.0	127.0	-8.0	36.0	-31.0	-55.0	4.0	109.37
25	112.0	-128.0	-3.0	-29.0	100.0	-2.0	0.0	-31.0	107.26
26	-80.0	-111.0	-15.0	1.0	23.0	-31.0	10.0	-31.0	106.56
27	107.0	-8.0	81.0	-24.0	-34.0	27.0	-89.0	-94.0	112.94
28	101.0	120.0	15.0	-53.0	-18.0	16.0	5.0	30.0	114.57
29	-128.0	26.0	-21.0	13.0	-49.0	19.0	20.0	5.0	114.61
30	80.0	114.0	53.0	83.0	-30.0	-22.0	-125.0	46.0	113.86
31	127.0	82.0	-14.0	-36.0	58.0	-115.0	-79.0	-58.0	114.95
32	44.0	114.0	-46.0	-128.0	-15.0	77.0	50.0	-29.0	115.02
33	-17.0	97.0	96.0	-44.0	-60.0	-36.0	-32.0	-17.0	115.02
34	127.0	-77.0	56.0	26.0	-1.0	-14.0	-31.0	43.0	114.61
35	45.0	-13.0	30.0	-5.0	-39.0	-17.0	-121.0	19.0	112.94
36	44.0	-43.0	59.0	6.0	31.0	35.0	50.0	-30.0	111.0
37	-83.0	80.0	13.0	73.0	-25.0	102.0	-82.0	-77.0	108.32
38	127.0	61.0	-70.0	-82.0	33.0	-20.0	-113.0	-21.0	106.75
39	-119.0	0.0	-5.0	14.0	6.0	-27.0	-69.0	51.0	108.32
40	127.0	-102.0	9.0	127.0	4.0	-26.0	97.0	-25.0	97.13
41	-64.0	-53.0	-34.0	-118.0	-7.0	27.0	-108.0	-111.0	100.86
42	-100.0	-12.0	-48.0	-13.0	-35.0	-35.0	64.0	-85.0	104.75
43	3.0	-85.0	84.0	-57.0	44.0	-34.0	-75.0	110.0	104.5
44	-13.0	100.0	10.0	39.0	20.0	30.0	-36.0	27.0	108.93
45	-61.0	-34.0	46.0	-18.0	24.0	17.0	-35.0	-55.0	105.94
46	-32.0	112.0	43.0	-32.0	-28.0	-15.0	2.0	55.0	108.93
47	94.0	90.0	62.0	62.0	-10.0	28.0	6.0	71.0	104.3
48	53.0	-56.0	52.0	7.0	36.0	-12.0	33.0	-35.0	101.69
49	-52.0	127.0	-95.0	-57.0	-108.0	-43.0	8.0	86.0	101.84
50	127.0	-108.0	-16.0	83.0	-32.0	73.0	-27.0	-20.0	100.41
51	-49.0	127.0	-51.0	21.0	-18.0	11.0	-18.0	41.0	106.75
52	-60.0	-128.0	-23.0	83.0	-50.0	54.0	39.0	51.0	109.9
53	-95.0	127.0	-128.0	-4.0	5.0	82.0	-15.0	-92.0	112.65
54	118.0	-58.0	-100.0	-68.0	55.0	25.0	-121.0	-10.0	109.9
55	127.0	127.0	78.0	20.0	23.0	82.0	78.0	54.0	110.49
56	106.0	-114.0	-45.0	29.0	18.0	-37.0	-107.0	7.0	111.75
57	-49.0	70.0	-22.0	24.0	-17.0	-82.0	116.0	81.0	112.65
58	-105.0	85.0	12.0	-45.0	19.0	29.0	-64.0	8.0	107.46
59	87.0	-33.0	73.0	-5.0	-36.0	12.0	76.0	-15.0	104.5
60	102.0	58.0	-40.0	-39.0	57.0	38.0	-48.0	-1.0	104.3
61	127.0	-29.0	48.0	-128.0	14.0	-103.0	28.0	-40.0	93.61
62	63.0	17.0	42.0	107.0	-20.0	1.0	38.0	-52.0	89.78
63	-63.0	-19.0	7.0	85.0	29.0	-41.0	3.0	26.0	86.8
64	-58.0	-27.0	29.0	41.0	40.0	0.0	28.0	16.0	82.2
65	-15.0	3.0	58.0	-56.0	57.0	54.0	6.0	-32.0	71.29
66	-6.0	2.0	-8.0	-59.0	64.0	28.0	40.0	-55.0	70.96
67	-61.0	-76.0	-48.0	-16.0	-44.0	64.0	-81.0	8.0	66.19
68	85.0	105.0	2.0	-128.0	-25.0	-64.0	51.0	-69.0	67.34
69	-100.0	117.0	42.0	74.0	14.0	15.0	-116.0	54.0	66.06
70	-79.0	-41.0	42.0	97.0	-68.0	-49.0	-14.0	-51.0	63.68
71	-59.0	76.0	83.0	-60.0	21.0	-118.0	-128.0	-44.0	64.95
72	-63.0	7.0	41.0	-48.0	29.0	96.0	26.0	24.0	64.95
73	-89.0	127.0	26.0	32.0	-8.0	-26.0	77.0	-26.0	62.81
74	74.0	-17.0	37.0	92.0	-44.0	-32.0	-58.0	74.0	62.81
75	28.0	-57.0	105.0	-66.0	-2.0	-50.0	-58.0	7.0	62.53
76	-91.0	-62.0	-49.0	-26.0	-2.0	-59.0	-128.0	16.0	61.5
77	56.0	66.0	-115.0	15.0	-26.0	-19.0	117.0	-58.0	61.48
78	-19.0	91.0	19.0	-87.0	-28.0	5.0	73.0	-65.0	60.75
79	-53.0	32.0	-62.0	-32.0	32.0	-17.0	-75.0	-25.0	59.98
80	-74.0	-68.0	36.0	21.0	61.0	-96.0	-26.0	76.0	59.98
81	41.0	-89.0	-41.0	82.0	10.0	44.0	27.0	42.0	57.89
82	52.0	-88.0	-98.0	26.0	-24.0	48.0	13.0	28.0	56.96
83	-46.0	108.0	25.0	110.0	-35.0	-23.0	-80.0	37.0	58.57
84	104.0	114.0	42.0	15.0	-21.0	6.0	77.0	-75.0	57.89
85	119.0	98.0	-15.0	62.0	-64.0	39.0	127.0	8.0	59.29
