0	74.0	-128.0	-89.0	-56.0	-43.0	-1.0	6.0	64.0	60.56
1	127.0	97.0	-96.0	-8.0	23.0	-30.0	80.0	-21.0	89.36
2	32.0	3.0	14.0	-128.0	8.0	-26.0	107.0	16.0	92.71
3	-69.0	55.0	-5.0	20.0	-19.0	71.0	103.0	22.0	92.94
4	127.0	24.0	-54.0	-102.0	44.0	-27.0	75.0	70.0	91.4
5	126.0	-106.0	16.0	83.0	-10.0	-16.0	-8.0	51.0	97.85
6	-67.0	-97.0	35.0	33.0	24.0	-39.0	127.0	-14.0	98.94
7	42.0	79.0	65.0	-83.0	-7.0	-28.0	-107.0	19.0	102.11
8	-122.0	72.0	-15.0	-37.0	-16.0	19.0	-83.0	31.0	100.81
9	-77.0	51.0	127.0	60.0	25.0	12.0	43.0	66.0	102.85
10	127.0	-68.0	71.0	-85.0	-10.0	-26.0	-5.0	-90.0	102.11
11	88.0	98.0	12.0	69.0	-67.0	33.0	-34.0	-41.0	103.69
12	90.0	53.0	-9.0	-42.0	-42.0	98.0	-49.0	-15.0	106.97
13	73.0	115.0	-77.0	127.0	-30.0	-50.0	-74.0	-36.0	106.74
14	20.0	-57.0	-22.0	-58.0	-25.0	-14.0	-56.0	46.0	110.26
15	27.0	-46.0	-67.0	-1.0	-52.0	-3.0	121.0	15.0	113.2
16	-103.0	30.0	-16.0	-78.0	96.0	-12.0	-81.0	10.0	115.52
17	-128.0	-35.0	-9.0	30.0	-38.0	-17.0	-128.0	32.0	115.86
18	-4.0	-103.0	7.0	-128.0	-16.0	6.0	27.0	-19.0	114.61
19	28.0	-78.0	13.0	4.0	120.0	-5.0	-89.0	46.0	109.37
20	59.0	-115.0	-47.0	-10.0	20.0	-73.0	-54.0	-49.0	108.49
21	-106.0	127.0	-2.0	8.0	31.0	-39.0	122.0	32.0	106.04
22	127.0	127.0	-14.0	-51.0	-27.0	8.0	117.0	8.0	106.04
23	-128.0	45.0	97.0	-21.0	0.0	46.0	6.0	-25.0	106.74
24	127.0	29.0	-9.0	27.0	63.0	40.0	12.0	30.0	113.2
25	8.0	127.0	-47.0	-36.0	-12.0	-29.0	79.0	109.0	113.2
26	-78.0	127.0	-2.0	-69.0	-9.0	50.0	-99.0	-6.0	115.86
27	-128.0	-68.0	-25.0	-36.0	20.0	27.0	34.0	-43.0	115.83
28	-98.0	-72.0	4.0	30.0	14.0	40.0	46.0	21.0	114.79
29	117.0	127.0	-122.0	74.0	7.0	-57.0	62.0	-8.0	114.04
30	-95.0	-101.0	-116.0	11.0	-1.0	15.0	124.0	-67.0	115.83
31	-119.0	52.0	-79.0	-49.0	2.0	-63.0	-14.0	-55.0	114.79
32	-7.0	-123.0	-103.0	16.0	2.0	-32.0	-108.0	66.0	111.98
33	-128.0	127.0	84.0	-19.0	20.0	-1.0	-80.0	-17.0	109.37
34	63.0	97.0	1.0	-101.0	63.0	15.0	-41.0	-56.0	108.49
35	97.0	-82.0	-4.0	-74.0	-52.0	0.0	-89.0	-20.0	105.1
36	6.0	-123.0	-18.0	63.0	110.0	83.0	-88.0	-7.0	103.69
37	-99.0	102.0	-10.0	-121.0	-27.0	-36.0	47.0	-42.0	103.39
38	117.0	113.0	-108.0	2.0	-14.0	-29.0	-37.0	-13.0	100.81
39	-3.0	37.0	86.0	52.0	21.0	-88.0	41.0	23.0	99.68
40	127.0	66.0	-51.0	-5.0	-59.0	14.0	63.0	-87.0	98.62
41	77.0	106.0	38.0	21.0	-25.0	-42.0	37.0	-10.0	98.3
42	-81.0	-128.0	-69.0	-44.0	-37.0	2.0	-43.0	95.0	97.85
43	7.0	127.0	127.0	-49.0	4.0	24.0	-32.0	19.0	97.99
44	-20.0	-33.0	7.0	-31.0	-14.0	-17.0	12.0	-30.0	97.68
45	-80.0	63.0	-24.0	5.0	34.0	-56.0	-31.0	-6.0	97.68
46	124.0	75.0	-30.0	26.0	-8.0	80.0	-37.0	17.0	97.76
47	-128.0	-15.0	32.0	57.0	-10.0	-27.0	-128.0	112.0	94.74
48	-51.0	14.0	-8.0	-110.0	-19.0	20.0	112.0	-34.0	96.58
49	24.0	-47.0	-41.0	-5.0	-4.0	-18.0	7.0	-35.0	85.31
50	94.0	106.0	-23.0	-41.0	14.0	79.0	-43.0	11.0	89.36
51	-84.0	123.0	48.0	5.0	4.0	-7.0	25.0	52.0	92.71
52	-95.0	66.0	-4.0	5.0	20.0	85.0	55.0	5.0	90.53
53	94.0	-128.0	-96.0	27.0	-24.0	18.0	23.0	-38.0	94.74
54	127.0	-102.0	-26.0	26.0	-16.0	26.0	-3.0	127.0	91.4
55	-1.0	20.0	61.0	-42.0	-57.0	-6.0	1.0	-17.0	96.29
56	-128.0	-105.0	122.0	107.0	-19.0	14.0	8.0	60.0	67.86
57	-18.0	-16.0	-25.0	-45.0	7.0	-54.0	19.0	22.0	85.31
58	127.0	-83.0	-95.0	127.0	-29.0	30.0	53.0	-5.0	61.32
59	34.0	110.0	57.0	-24.0	-23.0	12.0	-38.0	27.0	78.99
60	-77.0	127.0	58.0	1.0	-11.0	52.0	-108.0	28.0	62.79
61	55.0	42.0	7.0	93.0	11.0	-53.0	-8.0	15.0	88.11
62	88.0	62.0	19.0	-71.0	-105.0	-18.0	-65.0	52.0	61.42
63	66.0	79.0	119.0	-10.0	-56.0	127.0	-70.0	23.0	73.75
64	127.0	127.0	-43.0	26.0	11.0	-99.0	-65.0	58.0	72.97
65	86.0	1.0	-26.0	-45.0	20.0	-97.0	94.0	36.0	78.99
66	127.0	-61.0	-32.0	-15.0	40.0	39.0	127.0	9.0	60.11
67	-16.0	-123.0	83.0	-31.0	0.0	14.0	15.0	-81.0	67.86
68	-25.0	11.0	12.0	26.0	23.0	84.0	66.0	28.0	80.75
69	-112.0	-95.0	-119.0	-46.0	-3.0	38.0	12.0	-52.0	58.66
70	37.0	-1.0	-78.0	36.0	-8.0	14.0	104.0	-28.0	60.56
71	105.0	-128.0	95.0	-101.0	-14.0	-81.0	13.0	78.0	72.74
72	57.0	-76.0	-9.0	-27.0	2.0	43.0	-2.0	31.0	60.92
73	126.0	-128.0	-109.0	-35.0	42.0	28.0	71.0	62.0	73.75
74	10.0	65.0	-18.0	64.0	28.0	-2.0	-11.0	25.0	84.46
75	-71.0	10.0	127.0	-103.0	-5.0	77.0	-80.0	33.0	80.18
76	127.0	70.0	4.0	10.0	-43.0	43.0	98.0	7.0	60.92
77	127.0	98.0	-116.0	-70.0	6.0	26.0	-33.0	116.0	59.56
78	42.0	-102.0	59.0	48.0	-14.0	67.0	28.0	-8.0	57.49
79	127.0	4.0	19.0	-10.0	-53.0	19.0	65.0	85.0	58.2
80	51.0	93.0	127.0	93.0	-11.0	-88.0	-81.0	51.0	57.21
81	112.0	-128.0	23.0	35.0	-15.0	-10.0	-84.0	70.0	57.02
82	-16.0	-128.0	-40.0	48.0	1.0	-10.0	60.0	99.0	56.84
83	98.0	-24.0	-122.0	-23.0	4.0	38.0	35.0	-28.0	57.21
84	-128.0	13.0	103.0	31.0	46.0	12.0	27.0	-85.0	57.02
85	-30.0	127.0	35.0	-28.0	52.0	-82.0	13.0	-94.0	58.27
86	69.0	38.0	18.0	-14.0	-11.0	-38.0	-71.0	-12.0	58.66
