0	127.0	-99.0	63.0	-46.0	12.0	-12.0	-73.0	-27.0	60.62
1	110.0	74.0	8.0	51.0	-71.0	3.0	-128.0	78.0	62.49
2	-70.0	-94.0	-32.0	-16.0	92.0	119.0	81.0	-55.0	62.01
3	-121.0	20.0	37.0	-37.0	19.0	98.0	-128.0	72.0	62.49
4	76.0	-64.0	8.0	-30.0	-10.0	-70.0	4.0	38.0	65.38
5	30.0	-91.0	-26.0	32.0	-29.0	31.0	114.0	-21.0	72.15
6	69.0	25.0	-28.0	-34.0	6.0	-4.0	-128.0	1.0	88.32
7	-76.0	-74.0	60.0	24.0	62.0	16.0	-41.0	-45.0	95.95
8	-27.0	-12.0	15.0	18.0	5.0	71.0	39.0	-44.0	95.07
9	-54.0	-80.0	-66.0	67.0	25.0	40.0	19.0	33.0	100.28
10	67.0	113.0	49.0	125.0	13.0	-33.0	21.0	31.0	102.61
11	12.0	62.0	22.0	-106.0	23.0	-1.0	58.0	90.0	102.61
12	-37.0	12.0	-7.0	-58.0	35.0	-2.0	47.0	25.0	105.6
13	-41.0	-68.0	-84.0	29.0	-7.0	75.0	-69.0	44.0	107.17
14	66.0	23.0	-93.0	-16.0	14.0	-45.0	36.0	-64.0	108.91
15	104.0	84.0	29.0	-113.0	25.0	-26.0	14.0	108.0	112.35
16	127.0	102.0	-43.0	14.0	42.0	-103.0	47.0	47.0	112.5
17	-52.0	58.0	-24.0	55.0	68.0	-77.0	65.0	1.0	112.5
18	31.0	-107.0	-62.0	3.0	-3.0	85.0	-94.0	11.0	113.4
19	78.0	-75.0	61.0	26.0	12.0	-37.0	-10.0	-49.0	113.4
20	-125.0	-81.0	61.0	29.0	20.0	94.0	-128.0	-24.0	111.7
21	45.0	-35.0	-6.0	-38.0	45.0	62.0	-48.0	-52.0	112.35
22	59.0	31.0	112.0	82.0	-58.0	64.0	89.0	-58.0	111.7
23	-50.0	79.0	-5.0	-3.0	-32.0	-71.0	50.0	17.0	110.23
24	-18.0	-123.0	-63.0	-90.0	-56.0	23.0	125.0	115.0	108.91
25	124.0	61.0	33.0	59.0	46.0	-59.0	-14.0	3.0	108.14
26	127.0	-15.0	7.0	-53.0	8.0	-13.0	-128.0	-4.0	111.34
27	-78.0	127.0	75.0	-101.0	-33.0	84.0	73.0	14.0	111.99
28	32.0	-74.0	61.0	24.0	23.0	-70.0	77.0	13.0	112.49
29	106.0	-8.0	64.0	66.0	44.0	-18.0	-105.0	22.0	112.61
30	10.0	-62.0	-94.0	11.0	-11.0	2.0	-79.0	21.0	112.64
31	106.0	127.0	75.0	-35.0	-38.0	-91.0	81.0	-93.0	110.62
32	35.0	-102.0	-2.0	-33.0	2.0	17.0	25.0	-11.0	107.44
33	-128.0	-128.0	-28.0	39.0	-32.0	-65.0	126.0	26.0	107.44
34	106.0	86.0	47.0	41.0	90.0	-30.0	17.0	-79.0	107.94
35	-18.0	85.0	-36.0	39.0	-16.0	52.0	-37.0	30.0	109.13
36	44.0	-124.0	31.0	-62.0	-19.0	53.0	26.0	8.0	109.13
37	27.0	-72.0	-37.0	21.0	50.0	-8.0	83.0	51.0	106.07
38	119.0	-1.0	97.0	-48.0	10.0	-83.0	50.0	57.0	106.89
39	-15.0	-124.0	62.0	-127.0	13.0	61.0	125.0	-67.0	111.34
40	127.0	109.0	47.0	-44.0	20.0	-11.0	46.0	-79.0	106.07
41	-21.0	121.0	34.0	-83.0	6.0	49.0	-6.0	-26.0	106.89
42	-67.0	-51.0	-11.0	35.0	-11.0	29.0	38.0	11.0	105.6
43	63.0	49.0	-8.0	52.0	-26.0	-103.0	-105.0	61.0	104.76
44	68.0	-43.0	-23.0	-27.0	31.0	53.0	-13.0	63.0	104.65
45	-31.0	-35.0	-27.0	47.0	-46.0	-6.0	-84.0	83.0	100.77
46	-32.0	46.0	-87.0	118.0	14.0	-84.0	-33.0	40.0	99.53
47	16.0	77.0	-56.0	1.0	6.0	31.0	-25.0	-63.0	96.76
48	-101.0	38.0	34.0	-11.0	0.0	-70.0	81.0	36.0	92.55
49	-46.0	110.0	6.0	-64.0	94.0	70.0	-99.0	19.0	91.75
50	12.0	45.0	32.0	3.0	3.0	8.0	-68.0	-34.0	90.94
51	-39.0	34.0	59.0	26.0	-15.0	73.0	87.0	35.0	70.76
52	45.0	-57.0	70.0	69.0	93.0	-11.0	10.0	8.0	88.32
53	-75.0	7.0	-26.0	3.0	-15.0	79.0	-31.0	-48.0	82.79
54	53.0	93.0	42.0	-55.0	31.0	62.0	-76.0	-18.0	85.47
55	-78.0	-99.0	27.0	22.0	78.0	-22.0	-33.0	67.0	90.94
56	110.0	121.0	-6.0	78.0	-46.0	41.0	10.0	-24.0	72.15
57	24.0	21.0	-17.0	-43.0	-9.0	-4.0	-3.0	22.0	82.79
58	8.0	15.0	-102.0	-91.0	3.0	68.0	-79.0	0.0	96.76
59	74.0	57.0	127.0	-123.0	-96.0	97.0	-92.0	-13.0	99.49
60	-87.0	56.0	-27.0	55.0	-84.0	-3.0	22.0	34.0	96.54
61	127.0	-69.0	7.0	51.0	83.0	94.0	-81.0	45.0	99.53
62	-57.0	15.0	-2.0	43.0	14.0	20.0	-30.0	-81.0	99.78
63	127.0	-128.0	60.0	-107.0	47.0	34.0	21.0	-98.0	95.07
64	-5.0	27.0	103.0	-25.0	-37.0	4.0	0.0	-100.0	79.86
65	12.0	-66.0	94.0	56.0	-48.0	37.0	-27.0	40.0	80.54
66	50.0	124.0	-39.0	-128.0	-31.0	-13.0	-128.0	-44.0	89.64
67	127.0	127.0	-79.0	51.0	-56.0	-15.0	-58.0	55.0	68.47
68	96.0	-36.0	-63.0	-72.0	19.0	-16.0	127.0	83.0	64.82
69	-108.0	11.0	15.0	-24.0	0.0	-61.0	127.0	-83.0	68.47
70	-63.0	-74.0	-79.0	7.0	-19.0	48.0	-22.0	9.0	64.82
71	127.0	25.0	-29.0	-19.0	-3.0	-62.0	82.0	-29.0	64.78
72	74.0	127.0	39.0	10.0	-29.0	52.0	-34.0	43.0	62.01
73	-4.0	33.0	-7.0	-12.0	28.0	-51.0	18.0	-18.0	54.86
74	-70.0	66.0	24.0	-48.0	79.0	-5.0	21.0	-18.0	57.68
75	-68.0	-128.0	-14.0	29.0	-25.0	-84.0	9.0	-78.0	59.83
76	-67.0	-102.0	-30.0	-27.0	-15.0	-9.0	-80.0	48.0	59.83
77	-32.0	115.0	-20.0	68.0	-17.0	101.0	4.0	-128.0	56.84
78	-116.0	57.0	62.0	17.0	2.0	98.0	-2.0	-49.0	56.84
79	-110.0	127.0	0.0	-6.0	53.0	-47.0	-20.0	17.0	53.14
80	111.0	63.0	9.0	-26.0	44.0	-1.0	127.0	-7.0	52.57
81	114.0	-105.0	-14.0	-81.0	-38.0	55.0	-128.0	23.0	53.07
82	-8.0	-9.0	52.0	-45.0	-3.0	14.0	-70.0	31.0	55.31
83	39.0	21.0	-22.0	3.0	-32.0	78.0	27.0	96.0	52.57
84	-92.0	-85.0	14.0	-7.0	-34.0	75.0	-116.0	17.0	52.62
85	18.0	-128.0	73.0	-47.0	26.0	45.0	-20.0	-52.0	56.49
86	-106.0	88.0	-27.0	-7.0	32.0	57.0	56.0	-32.0	55.31
87	-112.0	62.0	-65.0	93.0	32.0	-68.0	118.0	-57.0	53.07
