0	-5.0	-75.0	8.0	15.0	20.0	-36.0	127.0	45.0	109.66
1	-18.0	-94.0	20.0	17.0	3.0	27.0	-72.0	106.0	109.35
2	-26.0	114.0	-14.0	-39.0	16.0	63.0	-106.0	-3.0	109.63
3	-51.0	35.0	-35.0	-41.0	-20.0	4.0	-38.0	-44.0	105.36
4	37.0	125.0	-9.0	-71.0	-75.0	-31.0	47.0	-46.0	105.89
5	127.0	-114.0	-72.0	63.0	-8.0	-22.0	-19.0	47.0	105.36
6	-28.0	-110.0	-34.0	-34.0	29.0	-18.0	17.0	-57.0	105.89
7	81.0	88.0	-46.0	-1.0	7.0	66.0	5.0	-7.0	104.94
8	96.0	58.0	21.0	-78.0	-1.0	16.0	127.0	127.0	104.49
9	94.0	21.0	-2.0	-50.0	24.0	17.0	-102.0	-70.0	101.28
10	-40.0	10.0	2.0	-10.0	-42.0	18.0	-29.0	50.0	97.52
11	-100.0	-84.0	-28.0	11.0	9.0	-23.0	10.0	-41.0	91.58
12	127.0	-92.0	13.0	-111.0	11.0	-43.0	6.0	114.0	87.15
13	-34.0	81.0	19.0	-10.0	-1.0	-35.0	-28.0	-48.0	64.15
14	-30.0	-128.0	127.0	127.0	18.0	-26.0	-50.0	-87.0	56.55
15	-124.0	22.0	-14.0	-1.0	-5.0	50.0	-1.0	7.0	56.55
16	-76.0	-86.0	-124.0	-81.0	0.0	-7.0	112.0	12.0	70.37
17	107.0	-60.0	16.0	-11.0	29.0	24.0	3.0	76.0	81.98
18	12.0	127.0	-9.0	12.0	-26.0	-30.0	10.0	67.0	76.56
19	-30.0	127.0	-70.0	-29.0	-12.0	-75.0	45.0	7.0	73.67
20	127.0	127.0	-22.0	6.0	-6.0	-16.0	-69.0	-43.0	84.27
21	1.0	-128.0	3.0	-57.0	-2.0	-37.0	-56.0	9.0	76.64
22	82.0	-46.0	51.0	80.0	-3.0	2.0	71.0	-110.0	73.72
23	-99.0	-79.0	-80.0	-24.0	23.0	-32.0	-7.0	19.0	74.48
24	-44.0	121.0	-38.0	19.0	10.0	-52.0	89.0	-6.0	79.42
25	-88.0	117.0	-34.0	-6.0	23.0	-20.0	38.0	12.0	85.25
26	-79.0	69.0	-29.0	-50.0	-13.0	15.0	77.0	112.0	76.56
27	119.0	-70.0	39.0	5.0	-7.0	1.0	-73.0	-20.0	84.27
28	-27.0	26.0	-45.0	8.0	10.0	28.0	-55.0	-67.0	79.42
29	119.0	127.0	-128.0	94.0	24.0	-27.0	8.0	-25.0	59.18
30	110.0	59.0	-58.0	-40.0	-25.0	1.0	-14.0	63.0	59.86
31	-102.0	-34.0	59.0	4.0	13.0	-47.0	64.0	-28.0	63.49
32	-73.0	-33.0	47.0	-69.0	0.0	67.0	-78.0	12.0	61.65
33	-18.0	-80.0	5.0	-22.0	47.0	-11.0	-14.0	0.0	64.15
34	-89.0	-63.0	127.0	14.0	22.0	36.0	-101.0	81.0	56.55
35	-67.0	-74.0	-22.0	13.0	-4.0	5.0	76.0	-35.0	52.44
36	-31.0	-48.0	127.0	26.0	14.0	-44.0	-17.0	-5.0	46.38
37	-71.0	127.0	63.0	9.0	-3.0	-53.0	-27.0	-20.0	41.56
38	31.0	126.0	-41.0	26.0	-21.0	-14.0	38.0	2.0	41.65
39	-104.0	127.0	35.0	-9.0	18.0	28.0	27.0	101.0	46.54
40	-26.0	-128.0	-23.0	88.0	-14.0	11.0	16.0	-13.0	48.41
41	62.0	-121.0	-98.0	-17.0	1.0	33.0	-8.0	-13.0	58.04
42	127.0	118.0	10.0	-23.0	2.0	-8.0	-36.0	49.0	58.04
43	-22.0	-111.0	0.0	-107.0	-6.0	8.0	-19.0	-26.0	61.25
44	-27.0	-113.0	-3.0	51.0	23.0	38.0	-4.0	-80.0	74.48
45	-89.0	-59.0	-58.0	101.0	23.0	-50.0	81.0	27.0	59.3
46	120.0	-54.0	54.0	43.0	0.0	-11.0	-8.0	28.0	46.09
47	-128.0	127.0	32.0	-19.0	22.0	-14.0	-72.0	-6.0	41.05
48	-114.0	-85.0	13.0	127.0	-2.0	21.0	-45.0	-25.0	40.82
49	96.0	-6.0	42.0	11.0	10.0	51.0	9.0	-46.0	41.56
50	18.0	77.0	-61.0	-31.0	18.0	-65.0	-25.0	-27.0	40.75
51	127.0	-4.0	92.0	-34.0	15.0	20.0	63.0	-8.0	40.75
52	-128.0	-126.0	5.0	-5.0	18.0	27.0	-46.0	-39.0	41.65
53	-24.0	-28.0	-2.0	18.0	-15.0	24.0	-10.0	23.0	53.46
54	83.0	110.0	-7.0	-73.0	21.0	36.0	36.0	31.0	46.38
55	31.0	6.0	-14.0	-47.0	-19.0	21.0	-59.0	-25.0	53.46
56	-112.0	-128.0	-1.0	-24.0	11.0	-7.0	-27.0	-63.0	53.64
57	65.0	127.0	-2.0	89.0	21.0	-62.0	-2.0	-7.0	61.65
58	-94.0	-37.0	-57.0	7.0	59.0	-7.0	5.0	4.0	73.72
59	40.0	-17.0	-19.0	-67.0	6.0	39.0	-97.0	91.0	76.9
60	1.0	127.0	-10.0	15.0	-8.0	52.0	0.0	-115.0	85.25
61	-86.0	-64.0	-118.0	116.0	-3.0	35.0	-33.0	-20.0	89.71
62	69.0	75.0	-126.0	20.0	7.0	-3.0	-11.0	-2.0	97.52
63	120.0	-11.0	23.0	-51.0	-36.0	-26.0	-6.0	-61.0	104.49
64	55.0	-105.0	-11.0	-4.0	-13.0	-15.0	28.0	85.0	107.48
65	26.0	51.0	58.0	54.0	-59.0	-11.0	-4.0	12.0	110.62
66	-97.0	-67.0	-51.0	-26.0	-12.0	42.0	-63.0	81.0	110.0
67	-128.0	-26.0	-21.0	-9.0	3.0	35.0	-29.0	-54.0	118.92
68	-104.0	-128.0	-5.0	28.0	-18.0	-8.0	127.0	-6.0	118.14
69	-43.0	-64.0	38.0	9.0	-2.0	-4.0	7.0	74.0	120.0
70	93.0	49.0	-11.0	-5.0	6.0	-128.0	-63.0	-32.0	120.31
71	95.0	113.0	25.0	-2.0	13.0	-3.0	-101.0	-54.0	120.78
72	2.0	16.0	-128.0	25.0	18.0	69.0	96.0	22.0	120.7
73	-75.0	-109.0	-85.0	5.0	2.0	-74.0	54.0	3.0	120.7
74	84.0	79.0	21.0	14.0	19.0	25.0	-10.0	-34.0	117.43
75	-35.0	17.0	-81.0	3.0	5.0	69.0	6.0	-53.0	110.62
76	6.0	-57.0	82.0	1.0	-30.0	9.0	72.0	86.0	114.14
77	38.0	-109.0	-46.0	-16.0	-37.0	94.0	116.0	40.0	114.19
78	-36.0	-3.0	2.0	-17.0	-22.0	-54.0	-110.0	-13.0	118.14
79	-27.0	81.0	127.0	72.0	-31.0	16.0	32.0	-67.0	115.67
80	-67.0	127.0	-90.0	36.0	10.0	-25.0	-40.0	-36.0	111.64
81	127.0	68.0	-8.0	-54.0	-5.0	28.0	28.0	11.0	115.67
82	-1.0	-1.0	87.0	-8.0	41.0	-10.0	8.0	-51.0	112.83
83	12.0	-125.0	7.0	96.0	-15.0	40.0	3.0	-21.0	118.92
