0	90.0	30.0	17.0	40.0	-7.0	7.0	12.0	-25.0	59.06
1	-27.0	92.0	-71.0	0.0	-17.0	16.0	-2.0	29.0	69.72
2	24.0	-90.0	-72.0	0.0	27.0	9.0	-13.0	7.0	77.38
3	64.0	127.0	-9.0	78.0	22.0	13.0	-3.0	-6.0	84.63
4	-87.0	-87.0	-66.0	38.0	12.0	-8.0	-6.0	-17.0	75.45
5	-81.0	19.0	-25.0	-15.0	-12.0	-29.0	-6.0	39.0	63.57
6	50.0	-13.0	8.0	-16.0	-1.0	-8.0	3.0	-8.0	57.32
7	-65.0	114.0	-45.0	28.0	-7.0	23.0	-24.0	-64.0	52.97
8	127.0	-89.0	-12.0	13.0	-12.0	-5.0	-9.0	69.0	52.86
9	41.0	79.0	-89.0	62.0	-10.0	-7.0	-6.0	-26.0	52.86
10	-53.0	117.0	-28.0	-54.0	39.0	-19.0	14.0	-19.0	52.97
11	82.0	2.0	22.0	-31.0	-16.0	35.0	-16.0	-19.0	52.46
12	-41.0	70.0	47.0	50.0	-1.0	9.0	19.0	55.0	54.06
13	-83.0	-114.0	-39.0	-22.0	-13.0	-28.0	-13.0	-41.0	54.41
14	117.0	-87.0	-26.0	-18.0	32.0	15.0	7.0	19.0	55.24
15	19.0	110.0	-12.0	-20.0	-11.0	5.0	-23.0	26.0	53.16
16	-45.0	95.0	39.0	92.0	3.0	-3.0	-92.0	-20.0	58.9
17	-128.0	-34.0	-54.0	-34.0	-7.0	39.0	12.0	14.0	58.9
18	4.0	-128.0	41.0	30.0	20.0	-10.0	60.0	-1.0	62.6
19	100.0	31.0	-31.0	31.0	-18.0	35.0	-3.0	10.0	65.69
20	-1.0	8.0	110.0	-90.0	0.0	-12.0	29.0	53.0	70.08
21	68.0	-75.0	32.0	35.0	-20.0	8.0	-8.0	13.0	60.75
22	-116.0	9.0	-13.0	-20.0	-4.0	-13.0	-6.0	2.0	57.32
23	23.0	-78.0	26.0	24.0	7.0	-11.0	17.0	28.0	69.72
24	127.0	-128.0	18.0	-4.0	-13.0	6.0	-22.0	11.0	75.45
25	2.0	-73.0	8.0	72.0	17.0	-3.0	-25.0	0.0	82.92
26	71.0	-128.0	42.0	-46.0	-4.0	19.0	28.0	-28.0	74.01
27	-101.0	84.0	-16.0	6.0	-4.0	1.0	23.0	-12.0	71.98
28	-79.0	113.0	5.0	-55.0	-7.0	-17.0	10.0	2.0	76.09
29	-78.0	-94.0	121.0	-21.0	-8.0	19.0	-54.0	-23.0	77.38
30	12.0	-96.0	-52.0	-67.0	33.0	-18.0	-14.0	0.0	74.23
31	-72.0	127.0	-2.0	0.0	5.0	4.0	8.0	-14.0	76.53
32	-92.0	-88.0	-96.0	-67.0	16.0	9.0	-40.0	-29.0	63.57
33	34.0	113.0	42.0	25.0	11.0	-11.0	5.0	6.0	80.14
34	80.0	-38.0	-128.0	35.0	0.0	2.0	17.0	-9.0	77.43
35	-128.0	42.0	-6.0	-63.0	30.0	25.0	-14.0	28.0	77.43
36	-4.0	50.0	19.0	-38.0	-26.0	-9.0	25.0	5.0	84.63
37	-89.0	-106.0	78.0	6.0	-1.0	4.0	-5.0	9.0	81.87
38	47.0	26.0	-21.0	-75.0	-36.0	5.0	2.0	13.0	83.57
39	-81.0	-26.0	-71.0	74.0	-41.0	38.0	-10.0	-21.0	80.14
40	-94.0	71.0	-19.0	44.0	-10.0	-40.0	-2.0	-11.0	70.08
41	70.0	22.0	-49.0	-16.0	-12.0	0.0	21.0	-29.0	85.81
42	78.0	-48.0	23.0	16.0	18.0	-20.0	-6.0	-65.0	89.83
43	84.0	12.0	40.0	-30.0	-13.0	-34.0	80.0	6.0	102.49
44	-21.0	101.0	42.0	80.0	-21.0	32.0	-16.0	16.0	102.49
45	-15.0	-101.0	10.0	103.0	-22.0	-3.0	6.0	8.0	93.38
46	107.0	-23.0	-14.0	11.0	14.0	-13.0	15.0	7.0	94.01
47	9.0	-71.0	34.0	82.0	-6.0	-1.0	-25.0	31.0	89.83
48	-2.0	-79.0	3.0	55.0	16.0	-5.0	-24.0	-25.0	85.81
49	127.0	-89.0	1.0	-10.0	-5.0	28.0	2.0	39.0	100.29
50	115.0	20.0	99.0	57.0	17.0	-12.0	3.0	22.0	100.29
51	-128.0	46.0	-58.0	45.0	35.0	34.0	-8.0	-19.0	107.41
52	75.0	-61.0	-32.0	3.0	5.0	-12.0	-1.0	-10.0	107.41
53	2.0	80.0	61.0	-128.0	-39.0	-2.0	-24.0	58.0	108.37
54	-33.0	-103.0	23.0	80.0	14.0	-42.0	25.0	-33.0	108.15
55	18.0	47.0	-61.0	-49.0	6.0	-1.0	-16.0	13.0	102.89
56	3.0	61.0	36.0	3.0	-11.0	-5.0	30.0	11.0	101.12
57	14.0	45.0	23.0	26.0	4.0	5.0	-8.0	-5.0	99.78
58	61.0	-30.0	79.0	-25.0	-16.0	37.0	-20.0	-35.0	108.61
59	39.0	75.0	52.0	92.0	-15.0	8.0	8.0	-15.0	108.47
60	-71.0	-128.0	31.0	-30.0	-2.0	-2.0	13.0	-12.0	107.96
61	21.0	-94.0	30.0	-53.0	-1.0	-64.0	-3.0	-24.0	108.8
62	-72.0	-86.0	20.0	-28.0	2.0	-18.0	-5.0	14.0	107.54
63	-70.0	11.0	-84.0	79.0	17.0	-10.0	-16.0	28.0	107.24
64	41.0	33.0	-38.0	-4.0	23.0	0.0	12.0	-61.0	108.62
65	-48.0	-24.0	7.0	51.0	9.0	15.0	-4.0	-74.0	108.39
66	89.0	127.0	-32.0	-9.0	-3.0	3.0	-33.0	21.0	108.61
67	33.0	-43.0	-10.0	-56.0	12.0	0.0	-36.0	-59.0	107.54
68	-100.0	-76.0	82.0	-69.0	9.0	-2.0	-12.0	25.0	106.37
69	-76.0	22.0	4.0	-62.0	-17.0	2.0	3.0	-41.0	102.41
70	-128.0	-104.0	-40.0	-36.0	24.0	-2.0	-5.0	15.0	108.61
71	84.0	18.0	19.0	-5.0	18.0	4.0	-2.0	-5.0	106.7
72	61.0	-97.0	-53.0	64.0	-12.0	13.0	-36.0	-32.0	102.89
73	-92.0	-11.0	-7.0	1.0	25.0	-23.0	-12.0	-14.0	108.61
74	48.0	-9.0	-19.0	-5.0	8.0	37.0	4.0	-85.0	107.96
75	-114.0	-80.0	-38.0	71.0	-3.0	-9.0	70.0	-42.0	108.39
76	-26.0	18.0	68.0	26.0	-3.0	-33.0	-43.0	40.0	97.52
77	28.0	-66.0	-109.0	-27.0	13.0	-16.0	10.0	-24.0	95.23
78	102.0	91.0	-29.0	-16.0	-22.0	-14.0	-16.0	24.0	94.5
79	20.0	-116.0	-28.0	-8.0	-1.0	27.0	44.0	-21.0	94.5
80	-28.0	26.0	69.0	95.0	10.0	-21.0	-14.0	-44.0	94.01
81	19.0	48.0	-9.0	-92.0	-9.0	-28.0	-15.0	22.0	88.3
82	-51.0	-85.0	-10.0	-65.0	29.0	-6.0	-22.0	5.0	85.02
83	82.0	-44.0	-12.0	8.0	12.0	3.0	11.0	4.0	85.02
84	-128.0	26.0	15.0	91.0	-1.0	-16.0	53.0	4.0	74.23
85	111.0	-17.0	-60.0	10.0	7.0	-11.0	4.0	22.0	84.33
86	-20.0	-32.0	42.0	1.0	-10.0	-4.0	-10.0	20.0	66.53
87	-71.0	-72.0	-12.0	66.0	2.0	16.0	-43.0	-26.0	55.24
