0	-11.0	59.0	-28.0	118.0	1.0	-4.0	10.0	-68.0	91.63
1	81.0	127.0	113.0	-22.0	-12.0	9.0	93.0	36.0	94.31
2	-12.0	9.0	20.0	-8.0	3.0	-24.0	83.0	16.0	89.92
3	-75.0	5.0	21.0	-68.0	-8.0	11.0	7.0	0.0	81.04
4	-13.0	-62.0	69.0	-77.0	-5.0	-4.0	-61.0	75.0	100.39
5	15.0	-70.0	-112.0	-70.0	-3.0	-6.0	-7.0	-33.0	89.92
6	25.0	-13.0	48.0	-18.0	28.0	-39.0	13.0	-20.0	80.92
7	127.0	-11.0	-68.0	-121.0	19.0	9.0	-15.0	27.0	81.96
8	-51.0	-118.0	0.0	-9.0	14.0	7.0	9.0	-40.0	74.5
9	-128.0	12.0	-124.0	84.0	10.0	-15.0	13.0	-37.0	71.53
10	46.0	63.0	112.0	52.0	24.0	-11.0	-31.0	51.0	71.18
11	-118.0	12.0	61.0	31.0	-25.0	6.0	-15.0	19.0	71.18
12	-75.0	-75.0	72.0	-17.0	-16.0	24.0	54.0	48.0	80.07
13	18.0	-61.0	13.0	82.0	-10.0	22.0	10.0	57.0	73.08
14	93.0	48.0	79.0	-25.0	-10.0	-3.0	27.0	5.0	69.57
15	122.0	13.0	47.0	29.0	-18.0	33.0	-21.0	2.0	68.85
16	-107.0	75.0	-10.0	2.0	17.0	12.0	68.0	3.0	59.13
17	74.0	26.0	-38.0	-66.0	26.0	4.0	-17.0	-41.0	59.13
18	23.0	-59.0	-67.0	-35.0	4.0	-5.0	55.0	-19.0	47.97
19	119.0	-18.0	24.0	1.0	2.0	3.0	-3.0	23.0	61.26
20	83.0	-92.0	37.0	-23.0	-8.0	-6.0	18.0	-1.0	54.46
21	14.0	-63.0	-22.0	-61.0	-8.0	-9.0	-75.0	19.0	48.03
22	109.0	127.0	23.0	-7.0	-12.0	0.0	13.0	-6.0	47.93
23	10.0	45.0	3.0	89.0	5.0	-1.0	37.0	16.0	47.61
24	-27.0	127.0	22.0	-101.0	-10.0	4.0	-38.0	4.0	49.53
25	127.0	-10.0	-20.0	127.0	12.0	11.0	-17.0	0.0	55.48
26	46.0	18.0	93.0	-52.0	15.0	-8.0	-31.0	-35.0	67.96
27	102.0	64.0	66.0	25.0	-8.0	-29.0	-18.0	12.0	48.03
28	78.0	-56.0	-128.0	21.0	11.0	22.0	-34.0	-51.0	56.45
29	-63.0	-62.0	-33.0	24.0	-12.0	-33.0	-52.0	14.0	66.71
30	-22.0	74.0	-30.0	-53.0	-1.0	8.0	63.0	49.0	67.96
31	-34.0	54.0	6.0	-46.0	27.0	12.0	45.0	6.0	61.75
32	-44.0	-46.0	90.0	112.0	-10.0	-14.0	-10.0	8.0	58.24
33	49.0	-106.0	-57.0	127.0	8.0	5.0	-53.0	10.0	57.81
34	40.0	-125.0	-64.0	54.0	-20.0	-16.0	22.0	-12.0	64.83
35	56.0	-82.0	81.0	47.0	13.0	-33.0	20.0	-32.0	63.44
36	-128.0	64.0	58.0	2.0	-8.0	65.0	37.0	-5.0	54.73
37	-75.0	108.0	39.0	-38.0	1.0	9.0	-18.0	-13.0	56.45
38	25.0	30.0	5.0	-22.0	-21.0	4.0	-11.0	-1.0	49.5
39	-57.0	-14.0	-9.0	44.0	-8.0	-8.0	16.0	2.0	54.46
40	109.0	15.0	-79.0	-85.0	-19.0	9.0	1.0	-4.0	51.28
41	-12.0	-92.0	-50.0	55.0	46.0	37.0	-27.0	7.0	48.42
42	124.0	45.0	-30.0	55.0	39.0	-12.0	108.0	34.0	47.61
43	127.0	-26.0	115.0	-23.0	-7.0	28.0	7.0	-22.0	47.97
44	-35.0	-34.0	34.0	15.0	-21.0	-24.0	-15.0	23.0	64.83
45	3.0	-10.0	28.0	-90.0	0.0	9.0	15.0	-14.0	48.42
46	27.0	61.0	68.0	3.0	-1.0	-19.0	-5.0	7.0	63.44
47	-3.0	65.0	-58.0	-128.0	-41.0	-6.0	-11.0	-2.0	71.53
48	1.0	127.0	106.0	93.0	13.0	21.0	-26.0	-11.0	73.08
49	-93.0	23.0	16.0	-98.0	-9.0	-37.0	-34.0	12.0	78.62
50	-71.0	-9.0	47.0	88.0	20.0	18.0	-9.0	-10.0	76.04
51	-35.0	-31.0	-38.0	9.0	5.0	-15.0	34.0	28.0	74.5
52	18.0	82.0	-18.0	57.0	13.0	-2.0	-24.0	0.0	80.07
53	80.0	-82.0	-18.0	26.0	0.0	-34.0	22.0	56.0	76.22
54	93.0	67.0	-18.0	3.0	44.0	8.0	-33.0	-11.0	80.92
55	-37.0	-31.0	-98.0	-128.0	-32.0	-13.0	-10.0	18.0	81.04
56	86.0	94.0	-62.0	-11.0	-38.0	2.0	-16.0	-21.0	89.94
57	75.0	49.0	-79.0	-9.0	-11.0	1.0	17.0	-26.0	90.68
58	53.0	-69.0	-40.0	80.0	-6.0	-13.0	-6.0	-29.0	90.96
59	5.0	44.0	-8.0	47.0	-3.0	6.0	76.0	-6.0	108.37
60	-53.0	37.0	12.0	30.0	-6.0	3.0	48.0	-7.0	110.58
61	126.0	91.0	1.0	94.0	-6.0	8.0	-50.0	-11.0	110.03
62	-71.0	18.0	13.0	-58.0	11.0	15.0	-17.0	17.0	99.6
63	57.0	26.0	106.0	71.0	7.0	4.0	-17.0	-28.0	110.81
64	32.0	77.0	-109.0	-14.0	5.0	9.0	-11.0	27.0	110.58
65	68.0	-58.0	-13.0	51.0	38.0	8.0	-10.0	-39.0	110.37
66	82.0	127.0	-59.0	-58.0	19.0	24.0	-30.0	-2.0	110.37
67	51.0	-119.0	-24.0	87.0	-5.0	-21.0	0.0	-1.0	104.12
68	24.0	-72.0	38.0	-115.0	12.0	-11.0	-16.0	3.0	100.39
69	38.0	113.0	20.0	-9.0	4.0	9.0	-21.0	-67.0	94.31
70	74.0	30.0	127.0	-6.0	4.0	3.0	13.0	23.0	102.93
71	10.0	-47.0	-72.0	-57.0	-59.0	31.0	-17.0	22.0	106.39
72	-115.0	18.0	51.0	-36.0	20.0	-9.0	23.0	-16.0	100.34
73	-44.0	60.0	-33.0	-128.0	-1.0	17.0	19.0	15.0	91.85
74	26.0	104.0	28.0	96.0	-10.0	39.0	-13.0	-2.0	92.69
75	116.0	-85.0	-116.0	11.0	17.0	6.0	49.0	54.0	98.91
76	-26.0	66.0	20.0	7.0	6.0	-1.0	-56.0	36.0	98.91
77	127.0	-21.0	-76.0	28.0	-48.0	13.0	40.0	27.0	100.95
78	46.0	10.0	43.0	-68.0	34.0	-4.0	33.0	-41.0	109.56
79	-14.0	-40.0	-11.0	-8.0	-9.0	-3.0	-22.0	59.0	106.56
80	19.0	-95.0	58.0	-13.0	-9.0	29.0	0.0	11.0	106.56
81	-77.0	127.0	72.0	-78.0	-61.0	-2.0	-13.0	-15.0	108.74
82	99.0	-6.0	-88.0	-62.0	18.0	1.0	21.0	-49.0	106.04
83	88.0	52.0	27.0	31.0	-12.0	-17.0	-58.0	4.0	100.95
84	15.0	58.0	-128.0	-112.0	-13.0	-12.0	-2.0	-28.0	108.74
