0	47.0	127.0	70.0	-44.0	14.0	-20.0	-39.0	24.0	116.6
1	18.0	86.0	-6.0	26.0	30.0	5.0	-53.0	43.0	116.73
2	-38.0	70.0	-43.0	19.0	7.0	15.0	-9.0	61.0	116.6
3	127.0	-30.0	-13.0	23.0	23.0	33.0	28.0	-7.0	115.96
4	32.0	10.0	11.0	-16.0	27.0	-26.0	10.0	9.0	116.26
5	7.0	-12.0	41.0	-32.0	-12.0	-28.0	60.0	23.0	116.14
6	-11.0	99.0	43.0	7.0	-46.0	30.0	-4.0	-56.0	104.36
7	49.0	-127.0	64.0	-1.0	-78.0	-21.0	-85.0	0.0	94.23
8	127.0	-128.0	10.0	-9.0	-3.0	-1.0	-29.0	-40.0	100.32
9	127.0	78.0	-52.0	64.0	-3.0	-2.0	21.0	12.0	85.4
10	104.0	-80.0	-31.0	-26.0	16.0	-2.0	-102.0	9.0	91.02
11	13.0	52.0	-55.0	110.0	-25.0	-6.0	-51.0	-59.0	88.65
12	86.0	-8.0	-110.0	49.0	29.0	-24.0	19.0	-51.0	79.87
13	97.0	66.0	-91.0	12.0	1.0	-9.0	-52.0	-27.0	90.0
14	67.0	-102.0	-128.0	-6.0	-19.0	13.0	-25.0	56.0	88.65
15	-86.0	-6.0	16.0	-128.0	-29.0	6.0	39.0	-1.0	89.3
16	-40.0	25.0	22.0	31.0	16.0	24.0	-94.0	-18.0	82.9
17	62.0	-1.0	17.0	-20.0	16.0	30.0	62.0	41.0	93.92
18	68.0	114.0	88.0	127.0	-3.0	26.0	8.0	36.0	90.79
19	94.0	96.0	-54.0	-53.0	-14.0	-1.0	-29.0	-4.0	76.14
20	-52.0	62.0	-17.0	56.0	-10.0	-27.0	47.0	36.0	82.9
21	-37.0	-82.0	4.0	-103.0	-28.0	-10.0	62.0	15.0	82.54
22	-12.0	64.0	45.0	-64.0	-29.0	12.0	-8.0	10.0	69.6
23	54.0	-44.0	31.0	118.0	10.0	-2.0	30.0	-25.0	67.82
24	127.0	69.0	-12.0	36.0	-14.0	-24.0	-43.0	-24.0	62.63
25	85.0	-75.0	90.0	64.0	65.0	-28.0	-108.0	-5.0	57.42
26	-96.0	69.0	55.0	-91.0	-8.0	-38.0	4.0	0.0	57.58
27	-128.0	73.0	-30.0	12.0	7.0	27.0	-15.0	5.0	55.47
28	88.0	-34.0	71.0	-10.0	10.0	47.0	44.0	4.0	62.63
29	-128.0	127.0	21.0	-62.0	-13.0	11.0	-14.0	-8.0	60.19
30	89.0	-31.0	88.0	-30.0	-36.0	32.0	59.0	-13.0	60.02
31	127.0	-78.0	-105.0	44.0	-14.0	-26.0	-3.0	33.0	48.44
32	91.0	-28.0	3.0	19.0	-36.0	8.0	13.0	49.0	50.69
33	-66.0	120.0	-2.0	-2.0	4.0	-44.0	-40.0	-9.0	45.11
34	-66.0	-30.0	8.0	44.0	23.0	1.0	-49.0	2.0	44.64
35	-52.0	3.0	20.0	-87.0	40.0	38.0	-39.0	-20.0	45.97
36	127.0	-109.0	5.0	2.0	14.0	43.0	106.0	-23.0	44.64
37	127.0	-90.0	95.0	-12.0	-21.0	-35.0	-24.0	40.0	44.46
38	62.0	127.0	10.0	-27.0	15.0	-27.0	5.0	11.0	44.46
39	71.0	-98.0	-27.0	4.0	11.0	-22.0	70.0	44.0	46.96
40	-80.0	112.0	-128.0	-44.0	5.0	-26.0	53.0	-15.0	46.35
41	14.0	-18.0	0.0	-51.0	41.0	30.0	-97.0	-15.0	46.2
42	-71.0	-128.0	119.0	-16.0	18.0	-27.0	-17.0	56.0	47.82
43	-25.0	-98.0	56.0	-38.0	-19.0	38.0	110.0	-9.0	45.33
44	54.0	60.0	-14.0	19.0	-35.0	23.0	81.0	41.0	44.49
45	110.0	-23.0	60.0	-19.0	14.0	4.0	10.0	-50.0	45.33
46	39.0	111.0	14.0	-128.0	-15.0	-24.0	-38.0	-20.0	47.82
47	-70.0	-106.0	-114.0	-128.0	-13.0	8.0	-19.0	32.0	54.42
48	127.0	65.0	33.0	103.0	41.0	19.0	-10.0	26.0	48.44
49	-29.0	127.0	77.0	107.0	-29.0	-35.0	0.0	51.0	51.76
50	65.0	-108.0	127.0	23.0	18.0	-38.0	-46.0	-34.0	55.47
51	-108.0	127.0	-128.0	-42.0	-18.0	3.0	4.0	-5.0	54.42
52	-124.0	84.0	11.0	9.0	-2.0	12.0	5.0	-4.0	60.19
53	-128.0	6.0	23.0	-46.0	-24.0	-20.0	95.0	11.0	65.67
54	-8.0	-60.0	-45.0	-93.0	-1.0	-18.0	0.0	-12.0	62.9
55	75.0	-29.0	116.0	106.0	19.0	0.0	25.0	37.0	68.32
56	104.0	-94.0	-4.0	-48.0	-5.0	-2.0	-7.0	-19.0	66.12
57	67.0	-75.0	43.0	82.0	53.0	12.0	-34.0	-15.0	67.82
58	11.0	127.0	-19.0	-30.0	-46.0	-41.0	-6.0	45.0	90.0
59	47.0	111.0	64.0	8.0	-46.0	9.0	-51.0	14.0	77.28
60	-128.0	127.0	76.0	-27.0	-25.0	6.0	0.0	28.0	73.92
61	90.0	-80.0	3.0	-57.0	-16.0	32.0	79.0	21.0	72.08
62	79.0	-128.0	-114.0	44.0	12.0	5.0	95.0	7.0	76.14
63	-32.0	-58.0	-4.0	-30.0	13.0	-3.0	-28.0	-44.0	71.02
64	-41.0	65.0	75.0	-58.0	-4.0	21.0	8.0	-18.0	79.21
65	-128.0	127.0	87.0	2.0	-19.0	13.0	-26.0	-38.0	71.02
66	51.0	92.0	104.0	12.0	-32.0	3.0	59.0	21.0	77.28
67	-11.0	-118.0	81.0	-28.0	-54.0	-9.0	78.0	32.0	74.21
68	81.0	87.0	43.0	26.0	10.0	-24.0	-12.0	53.0	94.23
69	40.0	97.0	-12.0	10.0	2.0	-35.0	-11.0	9.0	79.87
70	-39.0	-24.0	51.0	-5.0	6.0	-31.0	-3.0	-15.0	72.08
71	-128.0	93.0	-29.0	21.0	-5.0	9.0	-41.0	-21.0	93.79
72	-18.0	92.0	-128.0	40.0	24.0	-26.0	-22.0	1.0	104.6
73	112.0	58.0	53.0	-2.0	-2.0	-3.0	-47.0	-77.0	116.26
74	26.0	97.0	7.0	-111.0	-18.0	15.0	-1.0	63.0	115.78
75	82.0	94.0	15.0	-59.0	-25.0	11.0	21.0	21.0	115.96
76	97.0	15.0	28.0	-22.0	21.0	-24.0	44.0	28.0	104.67
77	52.0	97.0	-31.0	-128.0	-17.0	-22.0	1.0	5.0	104.67
78	-69.0	-82.0	37.0	-7.0	-32.0	-29.0	-8.0	-86.0	114.95
79	46.0	64.0	22.0	-20.0	-43.0	23.0	-24.0	13.0	116.26
80	-97.0	-71.0	-24.0	67.0	-2.0	4.0	-37.0	-8.0	116.62
81	16.0	74.0	0.0	-61.0	15.0	-38.0	-22.0	62.0	116.77
82	66.0	70.0	-48.0	-41.0	-10.0	26.0	31.0	22.0	116.8
83	68.0	47.0	-49.0	91.0	37.0	-24.0	-25.0	-41.0	116.77
