0	51.0	65.0	12.0	16.0	-11.0	24.0	-23.0	15.0	89.02
1	90.0	127.0	11.0	-116.0	-9.0	12.0	92.0	-37.0	81.02
2	24.0	-114.0	76.0	-21.0	-21.0	-35.0	107.0	0.0	80.21
3	80.0	82.0	39.0	21.0	13.0	-13.0	-47.0	-7.0	76.88
4	117.0	-77.0	-86.0	6.0	12.0	-8.0	-100.0	39.0	76.16
5	-128.0	61.0	52.0	77.0	5.0	-15.0	28.0	-10.0	76.88
6	77.0	66.0	-8.0	-46.0	21.0	55.0	-2.0	-23.0	71.1
7	127.0	-65.0	32.0	20.0	13.0	-25.0	54.0	24.0	70.01
8	-121.0	-103.0	74.0	-13.0	40.0	-22.0	-3.0	41.0	72.21
9	31.0	-12.0	-114.0	8.0	-4.0	13.0	-7.0	-18.0	72.21
10	-24.0	127.0	76.0	50.0	-2.0	20.0	-73.0	25.0	66.36
11	84.0	47.0	-18.0	-82.0	14.0	23.0	-21.0	-13.0	61.56
12	-71.0	104.0	60.0	26.0	31.0	7.0	67.0	-100.0	62.09
13	-14.0	-76.0	2.0	1.0	1.0	-18.0	-1.0	50.0	61.57
14	96.0	-51.0	-26.0	-5.0	37.0	-5.0	-3.0	-8.0	62.9
15	63.0	31.0	33.0	31.0	-41.0	-10.0	-85.0	-8.0	62.98
16	104.0	35.0	-36.0	-115.0	10.0	8.0	-46.0	10.0	61.76
17	62.0	-109.0	56.0	93.0	8.0	11.0	112.0	31.0	61.56
18	84.0	7.0	29.0	-11.0	-23.0	6.0	25.0	-33.0	62.98
19	33.0	64.0	10.0	26.0	12.0	-19.0	-14.0	59.0	65.37
20	-39.0	-82.0	10.0	75.0	3.0	-8.0	-10.0	25.0	62.9
21	114.0	-23.0	59.0	-15.0	0.0	0.0	-12.0	-8.0	66.36
22	41.0	-108.0	85.0	82.0	33.0	17.0	7.0	-28.0	67.11
23	-66.0	-113.0	-66.0	111.0	4.0	-10.0	-15.0	59.0	65.68
24	-4.0	96.0	26.0	-52.0	0.0	7.0	-8.0	-11.0	68.37
25	-99.0	53.0	5.0	-24.0	2.0	6.0	38.0	51.0	72.01
26	3.0	-128.0	-1.0	-3.0	16.0	38.0	-27.0	-9.0	70.01
27	127.0	-79.0	-54.0	6.0	-1.0	18.0	5.0	-26.0	73.82
28	-97.0	24.0	5.0	0.0	10.0	-19.0	-29.0	27.0	74.14
29	41.0	47.0	-88.0	13.0	-24.0	-13.0	-18.0	-24.0	74.14
30	53.0	38.0	7.0	115.0	-28.0	9.0	-41.0	-61.0	78.92
31	-43.0	-7.0	-5.0	70.0	-1.0	42.0	12.0	-36.0	78.42
32	75.0	-73.0	1.0	40.0	4.0	-22.0	44.0	66.0	82.96
33	81.0	50.0	127.0	10.0	-5.0	51.0	112.0	44.0	81.81
34	127.0	-68.0	-60.0	-14.0	12.0	10.0	-55.0	-60.0	81.81
35	-53.0	-7.0	-69.0	14.0	10.0	4.0	22.0	30.0	77.68
36	-85.0	9.0	-70.0	-63.0	5.0	16.0	32.0	-44.0	78.42
37	38.0	53.0	16.0	-12.0	-21.0	-4.0	-25.0	3.0	79.95
38	87.0	-87.0	55.0	118.0	7.0	-12.0	-18.0	21.0	81.02
39	100.0	-68.0	-42.0	-33.0	-21.0	25.0	11.0	-30.0	81.6
40	-87.0	74.0	12.0	114.0	-26.0	7.0	-40.0	45.0	84.31
41	-111.0	-46.0	-6.0	-15.0	20.0	9.0	-10.0	-25.0	85.68
42	93.0	20.0	-1.0	48.0	-24.0	-2.0	-3.0	15.0	91.41
43	67.0	-36.0	22.0	-29.0	-11.0	-1.0	-3.0	-7.0	88.6
44	127.0	26.0	75.0	-25.0	1.0	18.0	33.0	-17.0	92.45
45	-78.0	75.0	14.0	25.0	18.0	49.0	-32.0	9.0	91.4
46	-41.0	127.0	11.0	9.0	-22.0	-19.0	-46.0	10.0	93.21
47	98.0	127.0	-48.0	100.0	2.0	29.0	9.0	-10.0	94.3
48	27.0	21.0	-27.0	-9.0	-2.0	-5.0	40.0	56.0	94.91
49	82.0	-48.0	-109.0	-23.0	-7.0	-74.0	19.0	-31.0	101.68
50	127.0	57.0	101.0	-128.0	-15.0	-55.0	-128.0	31.0	94.3
51	-95.0	102.0	124.0	104.0	12.0	1.0	21.0	-74.0	103.63
52	-128.0	59.0	-12.0	101.0	28.0	-26.0	15.0	12.0	106.17
53	91.0	10.0	6.0	-74.0	-9.0	-4.0	-34.0	-5.0	107.04
54	46.0	-105.0	-10.0	-40.0	1.0	29.0	11.0	-1.0	112.58
55	118.0	-19.0	46.0	-2.0	2.0	-2.0	63.0	56.0	108.88
56	-55.0	127.0	-102.0	6.0	-9.0	20.0	-25.0	75.0	109.23
57	2.0	-39.0	77.0	-78.0	-2.0	7.0	7.0	-74.0	109.08
58	-31.0	26.0	-10.0	-28.0	1.0	8.0	-29.0	-24.0	112.22
59	62.0	2.0	39.0	31.0	33.0	12.0	-68.0	-1.0	112.58
60	-128.0	6.0	-60.0	25.0	-11.0	12.0	95.0	-3.0	109.23
61	64.0	127.0	84.0	16.0	28.0	1.0	28.0	-48.0	108.39
62	121.0	75.0	-8.0	8.0	-20.0	-9.0	0.0	46.0	107.4
63	-128.0	-40.0	49.0	-11.0	29.0	-20.0	16.0	4.0	105.27
64	-70.0	110.0	3.0	23.0	-12.0	-17.0	6.0	-13.0	105.18
65	47.0	-47.0	-68.0	-2.0	-8.0	-14.0	-21.0	-30.0	105.1
66	-36.0	4.0	-9.0	-119.0	-17.0	10.0	-7.0	20.0	105.1
67	-75.0	6.0	86.0	30.0	-54.0	-22.0	-29.0	-5.0	105.27
68	127.0	-30.0	75.0	-75.0	-24.0	-10.0	-46.0	10.0	102.76
69	-91.0	119.0	-9.0	127.0	-14.0	-24.0	14.0	-5.0	102.76
70	15.0	-120.0	-17.0	0.0	13.0	16.0	-2.0	11.0	95.53
71	-77.0	127.0	1.0	40.0	-23.0	-10.0	37.0	-4.0	93.31
72	32.0	-97.0	52.0	-74.0	-3.0	-17.0	-39.0	-2.0	92.45
73	-14.0	-5.0	-7.0	7.0	8.0	9.0	45.0	-16.0	82.28
74	-15.0	-51.0	28.0	22.0	30.0	-13.0	-68.0	-6.0	81.33
75	-128.0	21.0	34.0	69.0	34.0	12.0	-6.0	17.0	87.78
76	-67.0	-47.0	17.0	72.0	54.0	2.0	11.0	17.0	85.68
77	91.0	-128.0	-2.0	-56.0	13.0	-47.0	-3.0	-26.0	88.1
78	18.0	80.0	-67.0	-40.0	-28.0	30.0	8.0	-9.0	89.02
79	-8.0	37.0	-52.0	25.0	15.0	16.0	34.0	-6.0	91.4
80	-54.0	-28.0	-1.0	-11.0	-9.0	-31.0	-64.0	18.0	82.96
81	49.0	-64.0	30.0	81.0	3.0	17.0	89.0	67.0	88.6
82	-87.0	94.0	68.0	-27.0	29.0	-16.0	7.0	-3.0	90.16
