0	127.0	10.0	-36.0	-63.0	-19.0	79.0	40.0	-22.0	114.25
1	-128.0	127.0	32.0	-6.0	-12.0	34.0	10.0	-38.0	120.29
2	52.0	8.0	3.0	90.0	-1.0	-5.0	24.0	117.0	113.17
3	33.0	31.0	-41.0	-30.0	26.0	-88.0	-28.0	-25.0	117.9
4	-46.0	-114.0	-67.0	5.0	-6.0	27.0	-4.0	10.0	116.13
5	-51.0	-23.0	28.0	-58.0	8.0	-30.0	101.0	2.0	120.3
6	113.0	1.0	19.0	-116.0	2.0	-2.0	-61.0	-8.0	121.81
7	-63.0	65.0	-29.0	-23.0	-50.0	27.0	68.0	0.0	122.04
8	5.0	127.0	31.0	-14.0	8.0	4.0	-11.0	-75.0	121.81
9	91.0	8.0	84.0	-5.0	24.0	-19.0	-65.0	-32.0	121.45
10	26.0	81.0	-61.0	50.0	-7.0	23.0	10.0	16.0	120.29
11	-98.0	-32.0	-76.0	2.0	-7.0	-71.0	-120.0	-27.0	117.33
12	68.0	-81.0	62.0	-128.0	-37.0	34.0	15.0	-14.0	116.13
13	66.0	-21.0	28.0	-46.0	-17.0	8.0	79.0	9.0	114.25
14	-128.0	40.0	2.0	-67.0	-16.0	70.0	-26.0	-33.0	110.33
15	76.0	-32.0	-52.0	-23.0	29.0	5.0	-61.0	-64.0	111.39
16	-13.0	37.0	7.0	-3.0	-11.0	49.0	-25.0	-25.0	107.41
17	124.0	96.0	-61.0	51.0	23.0	-31.0	-29.0	96.0	87.23
18	-31.0	127.0	127.0	-19.0	4.0	68.0	22.0	-66.0	84.72
19	62.0	-79.0	-69.0	9.0	12.0	-70.0	77.0	51.0	77.66
20	-16.0	-102.0	-2.0	-37.0	-22.0	8.0	-49.0	4.0	78.08
21	-5.0	68.0	-85.0	44.0	-29.0	-27.0	-70.0	-8.0	76.96
22	-93.0	-87.0	35.0	-71.0	15.0	26.0	32.0	25.0	75.13
23	116.0	-29.0	-29.0	53.0	3.0	-8.0	119.0	-68.0	76.55
24	36.0	-40.0	127.0	23.0	17.0	-14.0	-41.0	46.0	74.77
25	85.0	91.0	3.0	-47.0	-12.0	29.0	39.0	8.0	73.38
26	-71.0	113.0	-106.0	-3.0	12.0	-9.0	24.0	16.0	70.18
27	127.0	31.0	-13.0	-1.0	11.0	-8.0	-90.0	30.0	69.05
28	87.0	68.0	-2.0	49.0	-7.0	-3.0	36.0	3.0	61.86
29	-89.0	-68.0	-3.0	-35.0	-34.0	69.0	105.0	68.0	54.96
30	127.0	80.0	51.0	-13.0	4.0	-100.0	-6.0	6.0	50.67
31	-72.0	127.0	-108.0	-18.0	-8.0	-22.0	95.0	8.0	47.4
32	-81.0	57.0	-86.0	61.0	17.0	-50.0	-6.0	54.0	47.48
33	24.0	-24.0	64.0	-92.0	4.0	42.0	7.0	12.0	50.47
34	-73.0	124.0	-22.0	-13.0	6.0	8.0	-59.0	80.0	47.11
35	-108.0	-79.0	-3.0	43.0	-4.0	58.0	-29.0	-35.0	47.18
36	81.0	21.0	118.0	76.0	9.0	-5.0	-21.0	-3.0	54.96
37	25.0	29.0	-57.0	-65.0	-6.0	-39.0	82.0	-46.0	56.72
38	-42.0	-108.0	-73.0	127.0	-7.0	-25.0	-6.0	-69.0	58.64
39	57.0	-103.0	118.0	-20.0	9.0	-13.0	46.0	-31.0	56.31
40	-81.0	127.0	-6.0	27.0	-53.0	33.0	-3.0	10.0	56.72
41	127.0	60.0	-44.0	-33.0	32.0	-77.0	23.0	33.0	74.77
42	48.0	-68.0	-61.0	-7.0	-41.0	22.0	-36.0	-11.0	70.18
43	109.0	12.0	4.0	-36.0	37.0	-5.0	18.0	-103.0	63.04
44	-128.0	-13.0	12.0	-14.0	33.0	2.0	63.0	-21.0	63.17
45	-17.0	105.0	16.0	82.0	2.0	-18.0	6.0	4.0	61.86
46	106.0	-128.0	-27.0	5.0	-25.0	55.0	-49.0	97.0	50.47
47	127.0	45.0	-11.0	12.0	-10.0	7.0	13.0	-38.0	66.83
48	27.0	26.0	12.0	-51.0	-1.0	-2.0	1.0	50.0	52.84
49	116.0	-18.0	5.0	34.0	34.0	11.0	26.0	-17.0	63.04
50	113.0	100.0	-47.0	68.0	-2.0	-23.0	-35.0	54.0	52.62
51	-128.0	32.0	29.0	47.0	11.0	-16.0	22.0	-19.0	47.43
52	127.0	33.0	-35.0	23.0	-9.0	15.0	110.0	-26.0	47.18
53	-91.0	127.0	17.0	-29.0	-6.0	58.0	-35.0	17.0	51.3
54	105.0	-128.0	28.0	28.0	-3.0	-33.0	8.0	48.0	51.76
55	127.0	33.0	-49.0	4.0	-3.0	-8.0	55.0	-15.0	47.48
56	-4.0	92.0	-68.0	-107.0	-3.0	-42.0	67.0	28.0	62.73
57	-66.0	-112.0	5.0	28.0	80.0	5.0	37.0	-64.0	52.62
58	41.0	47.0	89.0	-128.0	-36.0	16.0	-56.0	-16.0	51.3
59	21.0	85.0	-16.0	100.0	10.0	-108.0	-88.0	60.0	63.64
60	5.0	127.0	56.0	-24.0	-18.0	-8.0	-1.0	-20.0	63.64
61	85.0	61.0	119.0	74.0	13.0	17.0	53.0	6.0	71.94
62	2.0	115.0	-65.0	22.0	19.0	4.0	90.0	15.0	66.16
63	127.0	-107.0	79.0	107.0	23.0	25.0	-14.0	-21.0	69.05
64	-128.0	127.0	10.0	-65.0	-48.0	-107.0	35.0	89.0	74.21
65	47.0	-128.0	15.0	0.0	-47.0	-5.0	-128.0	2.0	76.96
66	86.0	-36.0	31.0	-59.0	-18.0	-19.0	7.0	127.0	79.46
67	-30.0	-37.0	-70.0	8.0	32.0	-17.0	47.0	-31.0	84.72
68	111.0	-21.0	-55.0	-22.0	-2.0	42.0	-65.0	-88.0	83.96
69	-28.0	-128.0	-34.0	-31.0	-26.0	3.0	-9.0	127.0	89.2
70	38.0	106.0	90.0	-26.0	27.0	27.0	-18.0	-47.0	76.55
71	127.0	127.0	-34.0	35.0	26.0	-77.0	-7.0	99.0	89.5
72	42.0	-95.0	-9.0	-87.0	-16.0	9.0	46.0	21.0	87.12
73	10.0	-34.0	17.0	-2.0	-44.0	-83.0	-16.0	-107.0	100.07
74	-11.0	-109.0	-80.0	-23.0	-4.0	-8.0	-86.0	3.0	89.5
75	61.0	15.0	1.0	-17.0	-7.0	0.0	69.0	18.0	83.17
76	-95.0	22.0	-24.0	30.0	15.0	-11.0	-72.0	26.0	79.46
77	76.0	15.0	49.0	-66.0	-33.0	5.0	114.0	-55.0	87.89
78	-61.0	-43.0	21.0	27.0	7.0	-35.0	22.0	108.0	87.23
79	-57.0	69.0	13.0	-81.0	25.0	54.0	50.0	37.0	103.7
80	127.0	77.0	49.0	1.0	17.0	44.0	-37.0	-30.0	107.41
81	48.0	124.0	1.0	51.0	32.0	6.0	-61.0	-55.0	111.39
82	-116.0	107.0	52.0	-80.0	7.0	-8.0	12.0	68.0	114.59
83	12.0	97.0	-30.0	127.0	2.0	40.0	-22.0	-38.0	118.22
84	-13.0	31.0	15.0	3.0	20.0	-35.0	-32.0	23.0	119.16
85	52.0	-60.0	7.0	47.0	48.0	-16.0	4.0	55.0	117.33
86	-6.0	102.0	-21.0	62.0	-16.0	-48.0	-10.0	39.0	120.3
