0	60.0	87.0	0.0	69.0	-22.0	23.0	-13.0	51.0	43.18
1	117.0	-5.0	2.0	6.0	5.0	8.0	-32.0	19.0	44.74
2	-99.0	-47.0	-26.0	-47.0	22.0	-38.0	16.0	4.0	44.74
3	-58.0	-36.0	-40.0	5.0	14.0	-27.0	-33.0	28.0	45.12
4	127.0	20.0	95.0	-10.0	-18.0	9.0	5.0	-27.0	60.87
5	-56.0	33.0	-9.0	37.0	-19.0	18.0	1.0	-5.0	49.09
6	-13.0	52.0	-27.0	-35.0	-4.0	-12.0	-18.0	-10.0	58.95
7	8.0	61.0	-14.0	35.0	39.0	0.0	-49.0	33.0	50.18
8	124.0	-72.0	10.0	11.0	23.0	27.0	-84.0	-10.0	46.77
9	-108.0	102.0	50.0	75.0	22.0	0.0	41.0	7.0	67.16
10	72.0	-18.0	-94.0	-6.0	-66.0	-40.0	-18.0	11.0	58.95
11	113.0	127.0	-65.0	14.0	22.0	-5.0	89.0	25.0	69.06
12	8.0	30.0	-3.0	-2.0	-30.0	-1.0	8.0	11.0	49.09
13	24.0	-128.0	-15.0	1.0	6.0	-16.0	-67.0	-11.0	50.18
14	-65.0	56.0	48.0	67.0	-13.0	3.0	-54.0	16.0	48.01
15	-100.0	-86.0	-49.0	-5.0	-1.0	-13.0	-77.0	-14.0	67.16
16	37.0	-16.0	63.0	-21.0	-21.0	18.0	19.0	37.0	51.55
17	-89.0	86.0	-46.0	59.0	-26.0	25.0	89.0	-21.0	64.63
18	100.0	-109.0	44.0	94.0	30.0	-11.0	-91.0	-8.0	60.87
19	-50.0	71.0	6.0	-2.0	-10.0	31.0	-55.0	3.0	81.93
20	-102.0	42.0	71.0	17.0	-84.0	-55.0	5.0	9.0	85.86
21	93.0	-128.0	-11.0	19.0	25.0	-17.0	-77.0	-22.0	93.51
22	65.0	33.0	66.0	-7.0	53.0	32.0	9.0	37.0	86.05
23	53.0	-31.0	33.0	64.0	-21.0	-59.0	-97.0	37.0	93.46
24	-62.0	-47.0	6.0	11.0	-38.0	25.0	0.0	51.0	102.43
25	-34.0	-9.0	-72.0	44.0	18.0	0.0	22.0	-28.0	95.8
26	3.0	-36.0	33.0	-28.0	73.0	-25.0	-13.0	21.0	96.32
27	96.0	98.0	28.0	-45.0	-23.0	11.0	30.0	-11.0	89.75
28	-18.0	-74.0	28.0	29.0	13.0	-23.0	-64.0	-52.0	88.21
29	-1.0	1.0	-69.0	21.0	-5.0	4.0	-22.0	-14.0	91.02
30	-35.0	-93.0	-102.0	-46.0	5.0	-19.0	89.0	23.0	73.89
31	16.0	21.0	18.0	12.0	11.0	-1.0	-9.0	11.0	99.33
32	-16.0	38.0	-23.0	-15.0	-38.0	24.0	-36.0	14.0	99.8
33	1.0	-24.0	-128.0	-10.0	-3.0	7.0	72.0	-3.0	92.24
34	90.0	50.0	-10.0	-23.0	12.0	9.0	103.0	15.0	99.8
35	60.0	-9.0	30.0	25.0	5.0	3.0	-26.0	-33.0	102.1
36	127.0	62.0	-46.0	-128.0	-28.0	43.0	13.0	-25.0	103.05
37	4.0	-79.0	51.0	77.0	1.0	56.0	107.0	41.0	103.05
38	37.0	-6.0	-23.0	-128.0	-7.0	-7.0	-16.0	-44.0	101.97
39	-39.0	34.0	25.0	81.0	-15.0	23.0	5.0	-9.0	103.61
40	-106.0	-101.0	41.0	77.0	1.0	-50.0	5.0	25.0	115.46
41	127.0	40.0	-10.0	33.0	29.0	-23.0	95.0	24.0	102.43
42	48.0	85.0	-15.0	-20.0	19.0	2.0	-97.0	37.0	103.05
43	-98.0	-13.0	32.0	-36.0	27.0	-5.0	-43.0	-18.0	111.14
44	-14.0	98.0	-69.0	108.0	7.0	-4.0	-21.0	12.0	102.1
45	-59.0	28.0	6.0	-74.0	24.0	-10.0	-26.0	-14.0	115.92
46	-5.0	-102.0	-9.0	-22.0	2.0	11.0	-13.0	-8.0	115.92
47	-28.0	-82.0	-29.0	52.0	18.0	-78.0	-57.0	-10.0	111.14
48	76.0	25.0	111.0	14.0	-2.0	9.0	94.0	12.0	103.05
49	-17.0	-53.0	7.0	-126.0	-12.0	9.0	-29.0	26.0	111.23
50	-58.0	-65.0	-12.0	-17.0	-21.0	16.0	-2.0	14.0	102.64
51	-70.0	45.0	17.0	-77.0	2.0	-23.0	4.0	16.0	102.79
52	41.0	-50.0	27.0	33.0	-10.0	31.0	-18.0	-8.0	107.55
53	-79.0	-64.0	-29.0	-91.0	8.0	-5.0	33.0	9.0	96.32
54	-79.0	-7.0	-9.0	127.0	-18.0	8.0	90.0	-14.0	91.02
55	98.0	121.0	-77.0	-128.0	5.0	-3.0	-18.0	-11.0	95.8
56	-60.0	7.0	15.0	-1.0	-26.0	18.0	-2.0	-10.0	100.37
57	60.0	56.0	-17.0	5.0	-9.0	29.0	-17.0	-18.0	95.97
58	-17.0	123.0	-58.0	6.0	1.0	23.0	-12.0	78.0	98.18
59	91.0	23.0	-14.0	25.0	-3.0	-3.0	-101.0	16.0	93.46
60	5.0	-72.0	23.0	15.0	31.0	-17.0	-9.0	-22.0	91.94
61	-128.0	95.0	72.0	21.0	-20.0	51.0	0.0	-33.0	92.24
62	24.0	-59.0	-84.0	15.0	-16.0	-15.0	35.0	4.0	81.15
63	-77.0	-55.0	-94.0	-95.0	7.0	-23.0	-61.0	19.0	77.47
64	26.0	49.0	-40.0	93.0	20.0	-16.0	-2.0	27.0	91.38
65	115.0	86.0	-3.0	-8.0	22.0	19.0	14.0	-14.0	81.15
66	69.0	-62.0	-5.0	104.0	13.0	-6.0	-18.0	-40.0	86.05
67	84.0	127.0	-17.0	40.0	-30.0	-9.0	-29.0	-26.0	71.07
68	45.0	61.0	-23.0	-127.0	-3.0	-17.0	-39.0	24.0	69.06
69	41.0	-22.0	37.0	-5.0	-14.0	4.0	9.0	32.0	73.46
70	-57.0	-108.0	-96.0	-22.0	48.0	12.0	5.0	23.0	83.12
71	77.0	-103.0	96.0	53.0	-8.0	-9.0	73.0	-33.0	64.53
72	-116.0	48.0	-12.0	-70.0	-19.0	-9.0	-68.0	17.0	54.98
73	-14.0	62.0	12.0	-8.0	-24.0	11.0	-26.0	39.0	61.62
74	69.0	-98.0	-23.0	-7.0	15.0	26.0	-61.0	-9.0	73.46
75	18.0	22.0	88.0	-33.0	10.0	22.0	4.0	-10.0	71.07
76	34.0	28.0	-26.0	-53.0	6.0	-28.0	16.0	-41.0	73.12
77	-64.0	-10.0	0.0	103.0	27.0	-37.0	-6.0	-21.0	70.85
78	-84.0	-6.0	-38.0	68.0	-6.0	25.0	47.0	7.0	70.5
79	44.0	-106.0	91.0	-19.0	-12.0	18.0	2.0	22.0	53.53
80	7.0	-128.0	32.0	2.0	10.0	10.0	27.0	39.0	61.62
81	-23.0	-46.0	60.0	46.0	-38.0	-4.0	-43.0	-2.0	48.01
82	-20.0	-128.0	-4.0	-43.0	68.0	-35.0	-53.0	-57.0	46.1
83	-128.0	127.0	-13.0	-9.0	-3.0	-43.0	113.0	70.0	43.37
84	37.0	-53.0	80.0	-32.0	-9.0	21.0	-5.0	1.0	45.12
85	66.0	49.0	11.0	74.0	-10.0	51.0	-30.0	1.0	43.95
86	-2.0	64.0	-8.0	-45.0	-15.0	-2.0	-13.0	-11.0	43.18
87	98.0	-86.0	79.0	-110.0	5.0	-97.0	8.0	26.0	43.37
