0	33.0	-77.0	-14.0	1.0	3.0	-11.0	-12.0	-18.0	52.91
1	-34.0	105.0	4.0	-53.0	23.0	11.0	14.0	2.0	41.67
2	2.0	57.0	-51.0	-53.0	-22.0	9.0	25.0	1.0	40.16
3	3.0	-49.0	1.0	-18.0	-7.0	-2.0	-2.0	2.0	40.89
4	125.0	-2.0	61.0	-33.0	-13.0	-4.0	21.0	1.0	39.66
5	-7.0	-9.0	-45.0	-72.0	-9.0	-2.0	3.0	59.0	39.66
6	116.0	127.0	-54.0	43.0	26.0	-11.0	-40.0	8.0	40.89
7	122.0	-78.0	31.0	119.0	-13.0	-1.0	-11.0	-4.0	41.08
8	-71.0	124.0	25.0	1.0	-43.0	12.0	-26.0	-11.0	42.87
9	-66.0	103.0	-64.0	-4.0	-20.0	-22.0	-4.0	-20.0	49.68
10	93.0	-18.0	-73.0	-4.0	-7.0	-37.0	-44.0	8.0	53.85
11	-44.0	-73.0	-39.0	29.0	-8.0	-9.0	10.0	8.0	48.91
12	25.0	58.0	52.0	0.0	-15.0	-19.0	2.0	-5.0	52.91
13	-106.0	127.0	-92.0	-87.0	-1.0	-2.0	2.0	-7.0	57.59
14	-99.0	122.0	62.0	-41.0	116.0	-20.0	22.0	0.0	56.85
15	26.0	-6.0	-14.0	-80.0	20.0	6.0	-1.0	0.0	62.82
16	-93.0	66.0	-29.0	28.0	-9.0	-5.0	26.0	-9.0	63.09
17	39.0	111.0	10.0	-25.0	-19.0	24.0	-68.0	25.0	63.03
18	-48.0	-19.0	10.0	12.0	-3.0	-6.0	-9.0	38.0	60.91
19	8.0	11.0	-26.0	-70.0	-2.0	-4.0	9.0	5.0	59.11
20	77.0	-29.0	23.0	57.0	-37.0	9.0	8.0	-9.0	60.75
21	-67.0	127.0	-115.0	10.0	-85.0	-13.0	-7.0	12.0	64.58
22	112.0	91.0	11.0	-9.0	7.0	-18.0	26.0	-7.0	61.4
23	-125.0	-59.0	26.0	-36.0	10.0	6.0	-14.0	-4.0	65.81
24	107.0	114.0	19.0	20.0	-3.0	12.0	-16.0	20.0	60.93
25	107.0	34.0	-34.0	-94.0	0.0	-4.0	-13.0	13.0	60.99
26	25.0	-31.0	-31.0	-59.0	-6.0	-39.0	4.0	-1.0	60.91
27	-84.0	-62.0	-19.0	60.0	-22.0	-2.0	0.0	-25.0	60.95
28	6.0	7.0	2.0	108.0	-49.0	-1.0	-14.0	-21.0	74.1
29	-59.0	-30.0	66.0	9.0	-11.0	1.0	-12.0	0.0	78.12
30	108.0	-128.0	127.0	105.0	19.0	16.0	7.0	-45.0	64.26
31	17.0	50.0	-1.0	16.0	-22.0	-10.0	15.0	6.0	67.46
32	43.0	17.0	47.0	-7.0	32.0	27.0	-12.0	-3.0	75.18
33	40.0	27.0	-9.0	-50.0	6.0	2.0	-38.0	40.0	67.46
34	-88.0	38.0	-29.0	-128.0	26.0	-4.0	5.0	2.0	68.76
35	72.0	24.0	-35.0	67.0	7.0	-1.0	14.0	-5.0	63.09
36	43.0	100.0	-4.0	-5.0	39.0	5.0	-19.0	-9.0	64.58
37	-49.0	-65.0	7.0	11.0	104.0	-7.0	-17.0	-9.0	86.21
38	3.0	-105.0	54.0	1.0	-10.0	-14.0	-3.0	-9.0	86.21
39	-40.0	84.0	1.0	2.0	15.0	-14.0	-11.0	1.0	92.52
40	66.0	41.0	48.0	17.0	-14.0	24.0	-5.0	-20.0	95.87
41	127.0	88.0	113.0	-11.0	-33.0	-46.0	14.0	-16.0	100.34
42	-93.0	-41.0	34.0	-94.0	66.0	9.0	-15.0	8.0	105.1
43	14.0	-52.0	-40.0	-5.0	0.0	-27.0	-17.0	-13.0	104.44
44	-83.0	-73.0	-82.0	-128.0	-16.0	-1.0	4.0	6.0	104.44
45	-128.0	-77.0	-17.0	2.0	-11.0	-4.0	-4.0	-8.0	104.0
46	23.0	26.0	-15.0	10.0	-7.0	0.0	-5.0	0.0	103.27
47	26.0	-128.0	119.0	-39.0	13.0	19.0	4.0	-27.0	102.78
48	94.0	85.0	-4.0	-119.0	-30.0	3.0	-5.0	3.0	104.96
49	87.0	-6.0	24.0	-94.0	-11.0	-14.0	-6.0	36.0	102.78
50	25.0	-26.0	-17.0	36.0	-41.0	12.0	17.0	-17.0	94.04
51	-120.0	-77.0	127.0	-5.0	-6.0	-5.0	26.0	-4.0	103.63
52	-51.0	22.0	90.0	-77.0	5.0	15.0	-13.0	6.0	104.0
53	95.0	-24.0	14.0	-65.0	0.0	-1.0	-4.0	9.0	101.81
54	-44.0	127.0	-52.0	-56.0	11.0	-1.0	41.0	-2.0	98.94
55	-29.0	-101.0	-75.0	127.0	-13.0	-2.0	-6.0	-6.0	96.83
56	-55.0	99.0	-19.0	-59.0	-74.0	2.0	-11.0	-17.0	96.83
57	5.0	122.0	-4.0	103.0	0.0	-2.0	-5.0	-1.0	100.34
58	117.0	-51.0	-103.0	-2.0	-17.0	-13.0	-2.0	-7.0	97.27
59	17.0	127.0	-125.0	-15.0	11.0	-14.0	-18.0	-25.0	101.67
60	-128.0	-12.0	-59.0	-5.0	-51.0	-2.0	-14.0	-15.0	101.81
61	-50.0	-105.0	15.0	5.0	40.0	0.0	-11.0	25.0	90.54
62	114.0	-127.0	-115.0	-34.0	6.0	3.0	12.0	-20.0	90.14
63	-14.0	46.0	26.0	-10.0	-10.0	-18.0	-22.0	-15.0	90.54
64	-46.0	56.0	-30.0	-1.0	-18.0	-18.0	12.0	46.0	99.6
65	75.0	127.0	-47.0	28.0	3.0	-17.0	-10.0	-7.0	94.61
66	87.0	-31.0	123.0	-84.0	-6.0	7.0	6.0	38.0	97.27
67	-102.0	-118.0	-27.0	106.0	9.0	39.0	-18.0	-2.0	90.14
68	66.0	-5.0	-128.0	61.0	-24.0	-4.0	10.0	15.0	74.1
69	18.0	112.0	33.0	-40.0	13.0	11.0	-15.0	-4.0	85.91
70	26.0	-20.0	49.0	23.0	-8.0	18.0	8.0	-11.0	88.1
71	51.0	-52.0	-60.0	26.0	10.0	-9.0	22.0	-8.0	71.86
72	-19.0	127.0	67.0	-72.0	-12.0	3.0	-16.0	9.0	75.18
73	127.0	-54.0	-50.0	-48.0	-6.0	5.0	32.0	-36.0	83.46
74	-85.0	109.0	79.0	-46.0	8.0	-27.0	1.0	-37.0	72.09
75	14.0	15.0	-46.0	-39.0	1.0	-8.0	4.0	-8.0	73.83
76	-45.0	-128.0	-18.0	-72.0	-29.0	5.0	-22.0	-4.0	83.46
77	47.0	54.0	127.0	94.0	23.0	-4.0	-14.0	7.0	68.76
78	-15.0	-5.0	-17.0	48.0	-57.0	-9.0	-3.0	30.0	61.4
79	-40.0	75.0	-84.0	15.0	-9.0	-4.0	-23.0	-25.0	58.84
80	30.0	95.0	15.0	40.0	-21.0	-7.0	-7.0	-2.0	59.11
81	-8.0	-81.0	40.0	-47.0	1.0	-19.0	0.0	-24.0	53.85
82	98.0	46.0	-52.0	-9.0	-8.0	-49.0	-31.0	12.0	49.68
83	-30.0	127.0	-41.0	-39.0	-1.0	-10.0	8.0	-9.0	51.23
84	-17.0	8.0	0.0	8.0	-8.0	16.0	-6.0	17.0	56.85
85	127.0	-59.0	-3.0	11.0	-8.0	4.0	-2.0	-1.0	56.75
