0	31.0	66.0	48.0	8.0	0.0	-10.0	-3.0	-15.0	60.22
1	61.0	-6.0	9.0	-63.0	7.0	-29.0	-10.0	-10.0	56.85
2	-57.0	-25.0	47.0	-34.0	10.0	15.0	4.0	1.0	61.62
3	76.0	-5.0	-20.0	-10.0	-2.0	-1.0	12.0	-29.0	77.72
4	90.0	-31.0	27.0	30.0	-14.0	-16.0	5.0	4.0	82.47
5	-9.0	-91.0	75.0	-17.0	0.0	3.0	4.0	-2.0	80.99
6	12.0	85.0	6.0	-9.0	-9.0	11.0	1.0	9.0	85.17
7	39.0	41.0	62.0	-85.0	7.0	-10.0	-2.0	0.0	88.62
8	2.0	107.0	34.0	80.0	1.0	-2.0	2.0	3.0	94.29
9	-83.0	-7.0	-83.0	-128.0	3.0	-9.0	-5.0	1.0	86.14
10	-1.0	-7.0	36.0	21.0	6.0	-26.0	-7.0	-1.0	98.03
11	15.0	-44.0	-65.0	-31.0	4.0	2.0	-7.0	6.0	112.3
12	101.0	-56.0	42.0	127.0	10.0	-5.0	3.0	8.0	121.76
13	113.0	10.0	13.0	-14.0	0.0	-15.0	8.0	-6.0	114.94
14	-49.0	105.0	7.0	-19.0	-11.0	-1.0	-2.0	4.0	120.95
15	-11.0	-128.0	55.0	-52.0	-9.0	6.0	1.0	7.0	117.02
16	120.0	61.0	-15.0	87.0	-3.0	-32.0	3.0	3.0	106.41
17	-125.0	27.0	10.0	-4.0	-6.0	-4.0	0.0	10.0	94.29
18	14.0	94.0	72.0	106.0	5.0	-13.0	-6.0	-5.0	118.76
19	-50.0	127.0	25.0	35.0	4.0	14.0	12.0	11.0	120.68
20	-66.0	-39.0	33.0	11.0	4.0	-10.0	-11.0	5.0	120.68
21	17.0	-30.0	-7.0	0.0	-5.0	7.0	3.0	-6.0	107.74
22	26.0	-22.0	-12.0	-33.0	-1.0	-3.0	-2.0	2.0	122.37
23	26.0	23.0	21.0	17.0	6.0	-1.0	6.0	-7.0	122.37
24	-4.0	0.0	-128.0	6.0	4.0	4.0	-3.0	18.0	122.21
25	82.0	-36.0	-16.0	1.0	-7.0	4.0	14.0	8.0	109.6
26	-59.0	-90.0	0.0	48.0	-3.0	12.0	-7.0	19.0	111.55
27	-17.0	20.0	6.0	-122.0	0.0	15.0	0.0	-8.0	91.14
28	-68.0	-88.0	-60.0	43.0	2.0	17.0	2.0	6.0	103.61
29	-10.0	-2.0	26.0	22.0	5.0	-8.0	0.0	16.0	111.55
30	-88.0	28.0	-24.0	22.0	2.0	1.0	-2.0	0.0	120.07
31	-21.0	-13.0	127.0	8.0	9.0	-4.0	3.0	-9.0	116.49
32	84.0	4.0	5.0	-22.0	-5.0	-6.0	-2.0	2.0	102.62
33	27.0	15.0	2.0	96.0	7.0	-3.0	-5.0	16.0	107.74
34	90.0	11.0	-11.0	-14.0	5.0	3.0	2.0	-26.0	121.52
35	29.0	-27.0	-102.0	64.0	-16.0	10.0	-5.0	29.0	121.16
36	-11.0	-52.0	35.0	-96.0	2.0	-5.0	5.0	-29.0	121.16
37	-31.0	-2.0	-110.0	34.0	1.0	2.0	-24.0	-8.0	118.76
38	-73.0	-39.0	111.0	-33.0	-5.0	-7.0	-8.0	-12.0	90.53
39	51.0	44.0	-62.0	-27.0	-5.0	8.0	-18.0	5.0	86.14
40	127.0	-4.0	-10.0	0.0	3.0	-30.0	-12.0	3.0	85.17
41	-7.0	81.0	32.0	-7.0	-14.0	-5.0	1.0	29.0	72.85
42	27.0	46.0	-117.0	127.0	4.0	-18.0	2.0	8.0	71.55
43	-81.0	-51.0	33.0	115.0	-3.0	0.0	-5.0	1.0	75.35
44	-10.0	28.0	-48.0	14.0	-31.0	-5.0	7.0	-23.0	73.42
45	-39.0	-44.0	-8.0	-17.0	3.0	-5.0	-5.0	-10.0	56.53
46	-11.0	127.0	-116.0	-41.0	9.0	-8.0	-4.0	15.0	50.84
47	-21.0	53.0	-48.0	9.0	-6.0	10.0	-1.0	-10.0	54.12
48	-94.0	70.0	13.0	-41.0	1.0	-3.0	-10.0	1.0	51.1
49	24.0	-55.0	17.0	-4.0	-6.0	15.0	-1.0	2.0	51.77
50	25.0	53.0	-29.0	14.0	0.0	-9.0	-5.0	-26.0	53.36
51	22.0	-41.0	-5.0	0.0	-6.0	9.0	12.0	5.0	56.31
52	-119.0	-60.0	-45.0	87.0	1.0	3.0	0.0	-21.0	54.61
53	37.0	-112.0	-13.0	-51.0	1.0	-9.0	-8.0	27.0	54.86
54	-1.0	36.0	-6.0	1.0	-1.0	-1.0	-1.0	-3.0	56.31
55	21.0	-101.0	-35.0	9.0	5.0	17.0	3.0	4.0	71.55
56	21.0	102.0	31.0	3.0	-1.0	-2.0	-15.0	-39.0	65.28
57	67.0	-56.0	88.0	-106.0	0.0	7.0	4.0	-5.0	59.22
58	-11.0	-79.0	-14.0	-89.0	0.0	12.0	8.0	5.0	56.67
59	-33.0	-17.0	-128.0	48.0	4.0	-4.0	-9.0	-38.0	54.61
60	-65.0	3.0	-35.0	-10.0	-6.0	7.0	4.0	8.0	51.78
61	-85.0	114.0	-9.0	-9.0	-2.0	-3.0	-6.0	-45.0	67.87
62	10.0	-85.0	46.0	38.0	11.0	1.0	-1.0	-2.0	59.13
63	10.0	112.0	47.0	-34.0	7.0	-10.0	-3.0	14.0	57.75
64	52.0	68.0	-62.0	2.0	3.0	-12.0	-4.0	-2.0	51.36
65	-4.0	37.0	29.0	-77.0	-10.0	21.0	-8.0	4.0	50.96
66	-50.0	43.0	46.0	-19.0	-9.0	22.0	-6.0	-20.0	50.39
67	-22.0	105.0	85.0	-42.0	-3.0	10.0	2.0	1.0	51.44
68	104.0	-35.0	2.0	-12.0	-3.0	-5.0	2.0	-20.0	51.36
69	-4.0	105.0	-87.0	22.0	9.0	-10.0	-17.0	-12.0	50.39
70	127.0	-100.0	33.0	-69.0	1.0	-6.0	-3.0	-10.0	50.73
71	21.0	-123.0	10.0	42.0	20.0	-45.0	-3.0	-19.0	64.8
72	-31.0	-67.0	1.0	-19.0	-5.0	-1.0	-3.0	12.0	52.31
73	-12.0	5.0	-46.0	-8.0	3.0	-19.0	-6.0	-6.0	53.96
74	-13.0	23.0	-4.0	15.0	-3.0	0.0	-5.0	-4.0	53.36
75	-100.0	-22.0	95.0	-32.0	-12.0	24.0	5.0	2.0	53.96
76	-33.0	-68.0	-31.0	34.0	-5.0	11.0	4.0	7.0	65.28
77	75.0	-63.0	24.0	103.0	-20.0	-7.0	3.0	34.0	55.17
78	17.0	-15.0	-29.0	-6.0	16.0	-9.0	-6.0	-10.0	56.67
