0	56.0	-128.0	-52.0	-2.0	-8.0	6.0	26.0	-4.0	100.51
1	-79.0	-123.0	-126.0	17.0	-3.0	-10.0	-26.0	16.0	101.1
2	-9.0	18.0	2.0	-51.0	-11.0	-18.0	-60.0	18.0	108.42
3	42.0	26.0	0.0	-89.0	-13.0	6.0	-10.0	36.0	114.69
4	-12.0	-23.0	-90.0	-33.0	-1.0	-3.0	21.0	-5.0	114.91
5	43.0	-113.0	28.0	8.0	-29.0	3.0	23.0	-6.0	114.05
6	19.0	38.0	-128.0	-19.0	5.0	54.0	22.0	-45.0	112.05
7	-128.0	55.0	68.0	-16.0	1.0	-12.0	-2.0	17.0	96.51
8	-12.0	69.0	-87.0	-12.0	8.0	16.0	3.0	-2.0	103.99
9	-54.0	-8.0	127.0	18.0	-5.0	30.0	-10.0	-17.0	105.1
10	63.0	-4.0	-128.0	-115.0	8.0	17.0	-9.0	36.0	104.42
11	-92.0	-102.0	1.0	9.0	1.0	-5.0	-8.0	2.0	110.18
12	-54.0	-106.0	-121.0	-4.0	11.0	-9.0	-37.0	-5.0	82.48
13	127.0	-57.0	88.0	-27.0	4.0	-34.0	18.0	-9.0	91.48
14	35.0	-106.0	-58.0	2.0	-17.0	-8.0	12.0	-44.0	101.98
15	-111.0	12.0	-31.0	-1.0	8.0	-15.0	-86.0	-16.0	89.28
16	-35.0	74.0	-7.0	85.0	1.0	-9.0	8.0	-32.0	113.03
17	123.0	71.0	4.0	-20.0	1.0	9.0	45.0	41.0	114.69
18	106.0	-16.0	-99.0	-18.0	19.0	-11.0	-44.0	-1.0	114.09
19	83.0	99.0	-104.0	16.0	-8.0	6.0	-29.0	35.0	114.6
20	2.0	-43.0	-34.0	9.0	0.0	-40.0	-3.0	-123.0	107.95
21	36.0	38.0	-17.0	-8.0	-9.0	-3.0	-2.0	54.0	96.82
22	111.0	75.0	-34.0	-27.0	6.0	-18.0	-2.0	30.0	80.34
23	100.0	-22.0	-64.0	-1.0	15.0	-7.0	15.0	-20.0	86.21
24	-68.0	-64.0	53.0	-22.0	-7.0	-18.0	26.0	-14.0	86.21
25	62.0	-72.0	-128.0	23.0	-15.0	8.0	-1.0	-22.0	72.45
26	-60.0	-31.0	53.0	-4.0	-11.0	-8.0	17.0	-8.0	92.75
27	-40.0	-23.0	-23.0	91.0	8.0	5.0	2.0	-14.0	100.51
28	17.0	-61.0	-10.0	-68.0	-2.0	-10.0	8.0	11.0	83.02
29	71.0	5.0	-15.0	26.0	-19.0	20.0	-7.0	15.0	68.66
30	52.0	110.0	-9.0	-67.0	1.0	6.0	22.0	2.0	68.66
31	-4.0	-47.0	26.0	43.0	17.0	-2.0	71.0	-19.0	68.26
32	69.0	-108.0	-32.0	-62.0	5.0	-7.0	4.0	14.0	49.97
33	35.0	-89.0	2.0	-22.0	10.0	-18.0	11.0	-13.0	58.11
34	64.0	71.0	-72.0	23.0	-13.0	27.0	-64.0	28.0	48.77
35	-56.0	-45.0	105.0	64.0	0.0	-14.0	-15.0	-29.0	43.57
36	-42.0	-106.0	-16.0	-128.0	3.0	7.0	-1.0	22.0	43.57
37	-49.0	102.0	-24.0	111.0	-13.0	11.0	-46.0	-47.0	45.31
38	-25.0	78.0	-72.0	-128.0	-18.0	-4.0	15.0	-5.0	45.63
39	-35.0	-75.0	78.0	94.0	-10.0	20.0	-31.0	-6.0	48.24
40	42.0	-105.0	-47.0	-128.0	5.0	-8.0	-19.0	38.0	45.63
41	-109.0	14.0	22.0	-6.0	10.0	-4.0	-18.0	-3.0	45.17
42	-44.0	0.0	-16.0	65.0	4.0	-15.0	-21.0	-26.0	45.13
43	-8.0	-45.0	4.0	-14.0	-10.0	-2.0	-11.0	39.0	40.5
44	17.0	101.0	-39.0	41.0	20.0	5.0	-15.0	-32.0	45.13
45	10.0	-18.0	-22.0	-67.0	20.0	-22.0	24.0	13.0	49.22
46	-41.0	29.0	-124.0	32.0	6.0	14.0	-16.0	-5.0	62.08
47	-128.0	30.0	-60.0	-124.0	11.0	-2.0	-24.0	23.0	51.41
48	127.0	-16.0	10.0	103.0	-5.0	-6.0	16.0	0.0	61.53
49	127.0	38.0	-96.0	-57.0	12.0	14.0	21.0	36.0	49.78
50	80.0	9.0	58.0	8.0	-12.0	-63.0	-57.0	14.0	50.77
51	-29.0	18.0	-10.0	-9.0	11.0	-7.0	51.0	-1.0	47.93
52	10.0	3.0	43.0	-10.0	-11.0	1.0	-19.0	-47.0	45.41
53	-107.0	-3.0	26.0	-95.0	20.0	-16.0	103.0	-46.0	48.15
54	-54.0	40.0	-10.0	-11.0	-8.0	0.0	14.0	23.0	48.24
55	-37.0	-128.0	-72.0	-111.0	5.0	-5.0	-26.0	-60.0	51.41
56	14.0	15.0	113.0	-28.0	-6.0	-7.0	-26.0	12.0	58.11
57	-40.0	28.0	-5.0	-24.0	-1.0	4.0	-2.0	40.0	64.59
58	75.0	-62.0	-11.0	-35.0	2.0	12.0	-100.0	21.0	73.13
59	73.0	83.0	33.0	-128.0	-14.0	27.0	8.0	17.0	64.36
60	44.0	-2.0	-6.0	75.0	-3.0	3.0	70.0	16.0	68.95
61	-128.0	-26.0	9.0	-12.0	-10.0	-15.0	23.0	-17.0	73.13
62	24.0	38.0	80.0	-120.0	-32.0	-21.0	49.0	21.0	75.83
63	-18.0	0.0	-128.0	8.0	-6.0	18.0	35.0	-39.0	79.27
64	-27.0	-23.0	125.0	-32.0	1.0	22.0	-5.0	-2.0	93.44
65	66.0	15.0	-64.0	65.0	-5.0	-13.0	10.0	5.0	80.34
66	30.0	5.0	39.0	-48.0	7.0	-8.0	-29.0	62.0	102.26
67	-52.0	83.0	-4.0	-55.0	2.0	7.0	-4.0	-38.0	112.05
68	-32.0	-8.0	-22.0	28.0	-17.0	-16.0	-9.0	-13.0	97.85
69	51.0	116.0	20.0	126.0	-2.0	9.0	-34.0	-16.0	97.29
70	-97.0	94.0	-25.0	-46.0	11.0	19.0	41.0	0.0	103.99
71	67.0	13.0	67.0	-128.0	-4.0	-5.0	-37.0	6.0	82.75
72	108.0	-122.0	-22.0	40.0	9.0	14.0	-4.0	-19.0	93.88
73	67.0	37.0	-9.0	-128.0	-1.0	-21.0	-23.0	11.0	106.19
74	-41.0	51.0	17.0	-32.0	13.0	34.0	8.0	34.0	92.75
75	-61.0	-67.0	-128.0	-43.0	-20.0	0.0	-13.0	-11.0	105.1
76	44.0	-83.0	127.0	-3.0	-3.0	29.0	12.0	-37.0	97.85
77	-127.0	16.0	-78.0	21.0	-18.0	-19.0	-15.0	77.0	114.09
