0	-39.0	-6.0	34.0	-3.0	-1.0	-26.0	19.0	4.0	55.93
1	-128.0	-11.0	-62.0	-6.0	3.0	-15.0	-10.0	-7.0	55.93
2	127.0	-72.0	-128.0	16.0	-12.0	12.0	-10.0	12.0	54.79
3	-88.0	-6.0	-15.0	59.0	-9.0	10.0	-10.0	31.0	53.97
4	-106.0	127.0	-23.0	19.0	4.0	-8.0	-7.0	3.0	54.83
5	127.0	127.0	-38.0	-56.0	18.0	-22.0	-5.0	-4.0	58.0
6	-100.0	-50.0	127.0	-66.0	-7.0	-1.0	6.0	-16.0	54.83
7	42.0	37.0	-38.0	22.0	20.0	17.0	-52.0	1.0	69.04
8	39.0	62.0	-29.0	31.0	-3.0	-4.0	-13.0	23.0	65.17
9	-47.0	39.0	-23.0	-47.0	-12.0	39.0	-23.0	-2.0	72.26
10	-101.0	51.0	91.0	-12.0	7.0	-23.0	-10.0	13.0	74.4
11	-29.0	7.0	31.0	-9.0	33.0	-1.0	-12.0	-12.0	83.81
12	-128.0	-128.0	-123.0	-15.0	10.0	-4.0	-2.0	-22.0	88.31
13	-34.0	96.0	-40.0	-38.0	3.0	-12.0	0.0	-11.0	86.09
14	7.0	40.0	-11.0	-128.0	21.0	14.0	-7.0	-13.0	91.46
15	-18.0	-36.0	-29.0	43.0	5.0	16.0	6.0	76.0	94.76
16	13.0	9.0	-22.0	9.0	4.0	-12.0	-22.0	11.0	106.95
17	46.0	22.0	-123.0	-49.0	-11.0	3.0	-25.0	-12.0	113.05
18	90.0	-56.0	-24.0	-31.0	0.0	-34.0	-14.0	-6.0	104.37
19	1.0	127.0	0.0	25.0	-8.0	-42.0	-5.0	-28.0	114.59
20	-34.0	-46.0	-31.0	-84.0	9.0	-9.0	-3.0	3.0	118.53
21	-95.0	-76.0	-4.0	-21.0	2.0	-2.0	18.0	3.0	118.53
22	-26.0	127.0	111.0	-128.0	-2.0	10.0	-4.0	-7.0	124.31
23	127.0	-34.0	-102.0	13.0	-5.0	-5.0	-10.0	-4.0	122.33
24	127.0	-6.0	-80.0	10.0	-38.0	-12.0	-16.0	-28.0	124.82
25	-102.0	-36.0	-45.0	-13.0	-7.0	2.0	-14.0	3.0	125.5
26	-102.0	59.0	3.0	46.0	1.0	-42.0	5.0	-23.0	119.04
27	49.0	117.0	-2.0	-27.0	-1.0	14.0	1.0	7.0	121.03
28	127.0	-40.0	6.0	-2.0	-10.0	14.0	20.0	8.0	121.03
29	-101.0	127.0	-19.0	-18.0	-1.0	-3.0	-19.0	-8.0	117.47
30	7.0	-81.0	34.0	-95.0	-4.0	62.0	-18.0	28.0	116.0
31	17.0	-91.0	32.0	119.0	-1.0	-14.0	-8.0	25.0	115.05
32	43.0	-84.0	-12.0	-36.0	-5.0	1.0	7.0	3.0	110.61
33	3.0	-128.0	78.0	-23.0	-10.0	6.0	17.0	-6.0	116.0
34	23.0	19.0	-23.0	0.0	7.0	0.0	-3.0	-33.0	114.59
35	110.0	61.0	8.0	-4.0	3.0	-7.0	-25.0	17.0	104.41
36	2.0	25.0	-17.0	-67.0	14.0	14.0	-25.0	-12.0	96.4
37	31.0	-28.0	-43.0	-4.0	3.0	8.0	22.0	23.0	97.33
38	22.0	-96.0	68.0	-6.0	5.0	-19.0	-8.0	-15.0	108.85
39	-12.0	-78.0	16.0	-9.0	-2.0	34.0	4.0	-50.0	101.17
40	43.0	-108.0	-15.0	-45.0	-3.0	-25.0	0.0	-9.0	107.44
41	117.0	-1.0	44.0	5.0	10.0	17.0	-2.0	6.0	106.95
42	32.0	-25.0	68.0	-15.0	-3.0	-10.0	18.0	-11.0	96.23
43	2.0	-46.0	-29.0	-17.0	-10.0	14.0	-7.0	-3.0	96.23
44	-62.0	-5.0	-29.0	-10.0	-1.0	-28.0	3.0	10.0	96.4
45	31.0	12.0	-14.0	45.0	-6.0	3.0	13.0	31.0	93.55
46	-32.0	-126.0	-27.0	2.0	-1.0	8.0	13.0	-9.0	93.65
47	27.0	41.0	-43.0	0.0	0.0	-5.0	28.0	1.0	91.46
48	120.0	-2.0	111.0	34.0	-4.0	43.0	9.0	7.0	86.09
49	-14.0	-105.0	-14.0	47.0	13.0	-9.0	-7.0	-1.0	88.47
50	-128.0	5.0	-42.0	-4.0	-7.0	-34.0	-3.0	-4.0	84.67
51	6.0	-109.0	-23.0	38.0	-4.0	-34.0	1.0	39.0	84.67
52	15.0	51.0	-2.0	13.0	-9.0	43.0	16.0	-10.0	80.07
53	-54.0	127.0	34.0	2.0	4.0	-15.0	1.0	16.0	79.17
54	23.0	-87.0	44.0	-50.0	-24.0	16.0	-5.0	11.0	72.52
55	31.0	-13.0	19.0	-6.0	-13.0	22.0	38.0	-1.0	57.08
56	-96.0	-9.0	-81.0	-27.0	5.0	0.0	0.0	22.0	62.04
57	80.0	127.0	-9.0	-50.0	12.0	-19.0	-5.0	-3.0	59.13
58	-10.0	-49.0	12.0	-9.0	13.0	11.0	8.0	-18.0	62.04
59	-107.0	11.0	-22.0	105.0	-20.0	35.0	-13.0	4.0	70.78
60	-25.0	34.0	-7.0	3.0	5.0	-6.0	5.0	-45.0	63.51
61	127.0	5.0	25.0	-34.0	-5.0	37.0	-21.0	-1.0	62.69
62	81.0	-128.0	116.0	-3.0	0.0	19.0	28.0	0.0	72.52
63	-105.0	94.0	37.0	123.0	12.0	-7.0	1.0	0.0	75.88
64	-88.0	42.0	21.0	2.0	-11.0	-4.0	-14.0	16.0	63.51
65	-77.0	-27.0	5.0	23.0	-13.0	3.0	9.0	-2.0	51.97
66	15.0	11.0	21.0	-15.0	-4.0	-6.0	13.0	-3.0	54.87
67	-19.0	83.0	27.0	-4.0	-6.0	-28.0	-7.0	-3.0	55.61
68	-88.0	-60.0	-4.0	13.0	-9.0	-1.0	1.0	-5.0	51.03
69	-97.0	-5.0	58.0	47.0	22.0	37.0	-18.0	17.0	51.03
70	-85.0	74.0	101.0	18.0	11.0	21.0	-5.0	-42.0	49.52
71	11.0	32.0	-26.0	-128.0	4.0	7.0	-8.0	-14.0	49.14
72	43.0	-63.0	-26.0	-12.0	-3.0	8.0	-5.0	4.0	49.31
73	-62.0	9.0	-19.0	127.0	-1.0	9.0	22.0	17.0	52.06
74	-98.0	83.0	-43.0	74.0	22.0	16.0	0.0	-23.0	52.06
75	-83.0	-22.0	-39.0	-4.0	10.0	5.0	4.0	12.0	48.97
76	-24.0	20.0	-30.0	34.0	-7.0	16.0	2.0	-36.0	50.24
