0	31.0	8.0	-79.0	-2.0	-12.0	8.0	3.0	2.0	59.72
1	-28.0	-48.0	62.0	127.0	-4.0	-6.0	-17.0	7.0	47.88
2	17.0	-128.0	-22.0	-17.0	-2.0	-5.0	3.0	-12.0	50.05
3	26.0	89.0	99.0	1.0	4.0	19.0	-7.0	12.0	64.56
4	-9.0	-52.0	-3.0	2.0	6.0	-1.0	3.0	-7.0	65.4
5	-79.0	23.0	-128.0	-29.0	2.0	3.0	22.0	4.0	76.47
6	-26.0	8.0	-69.0	30.0	-1.0	3.0	15.0	-10.0	95.47
7	-25.0	-18.0	116.0	70.0	-4.0	6.0	-1.0	7.0	78.21
8	7.0	-6.0	-49.0	-39.0	2.0	14.0	8.0	0.0	77.96
9	39.0	19.0	57.0	-11.0	2.0	16.0	-7.0	-7.0	87.08
10	-5.0	10.0	-1.0	18.0	5.0	-6.0	-3.0	-11.0	69.57
11	5.0	14.0	-17.0	-4.0	-7.0	-18.0	10.0	-2.0	86.85
12	-23.0	-2.0	17.0	-4.0	7.0	-4.0	12.0	-1.0	105.48
13	-1.0	8.0	11.0	-8.0	-12.0	3.0	-1.0	6.0	97.07
14	-23.0	84.0	-10.0	-30.0	-6.0	-17.0	-4.0	-5.0	91.28
15	21.0	-17.0	49.0	8.0	3.0	7.0	-2.0	8.0	102.21
16	48.0	-110.0	-99.0	-14.0	-3.0	-7.0	5.0	-15.0	116.64
17	-37.0	-10.0	-6.0	86.0	-7.0	-1.0	7.0	-2.0	127.2
18	50.0	-57.0	16.0	38.0	-10.0	-13.0	10.0	-15.0	117.71
19	-40.0	12.0	-24.0	-89.0	1.0	-7.0	-9.0	0.0	106.5
20	-6.0	32.0	66.0	-9.0	1.0	-4.0	-13.0	-2.0	104.89
21	24.0	-38.0	-28.0	-11.0	1.0	7.0	3.0	9.0	114.13
22	-26.0	106.0	-49.0	7.0	-2.0	2.0	2.0	-9.0	130.4
23	-48.0	-17.0	-14.0	-17.0	7.0	-11.0	3.0	-7.0	130.4
24	-54.0	6.0	-11.0	-18.0	3.0	5.0	4.0	15.0	125.99
25	102.0	53.0	-1.0	9.0	10.0	9.0	-12.0	4.0	122.18
26	37.0	-17.0	-4.0	-13.0	-8.0	3.0	0.0	-1.0	111.23
27	-14.0	44.0	-64.0	107.0	2.0	23.0	-4.0	-14.0	104.89
28	-10.0	-24.0	2.0	3.0	-5.0	-1.0	0.0	-23.0	131.46
29	-38.0	-28.0	-2.0	1.0	2.0	-24.0	15.0	23.0	114.13
30	49.0	110.0	9.0	2.0	-8.0	-1.0	9.0	-8.0	128.82
31	55.0	31.0	-3.0	-42.0	-4.0	-26.0	-15.0	-11.0	110.1
32	7.0	-21.0	-5.0	-8.0	4.0	14.0	0.0	11.0	128.82
33	-18.0	-17.0	24.0	12.0	15.0	26.0	2.0	-21.0	127.2
34	-12.0	-20.0	10.0	-2.0	-2.0	-13.0	-8.0	-6.0	113.21
35	-25.0	-9.0	-34.0	-11.0	-3.0	-13.0	4.0	30.0	131.12
36	48.0	17.0	63.0	-14.0	-13.0	-1.0	-8.0	8.0	134.68
37	-18.0	99.0	9.0	-2.0	-18.0	6.0	1.0	-11.0	131.14
38	6.0	67.0	-76.0	32.0	-3.0	20.0	-3.0	-3.0	131.46
39	84.0	-11.0	-15.0	-40.0	3.0	18.0	1.0	7.0	116.64
40	6.0	-11.0	-21.0	-26.0	21.0	-1.0	3.0	25.0	131.44
41	16.0	-4.0	-4.0	-13.0	21.0	17.0	-12.0	0.0	134.68
42	11.0	-17.0	13.0	-10.0	-3.0	-9.0	0.0	-14.0	131.45
43	-34.0	-4.0	-4.0	-10.0	22.0	4.0	-4.0	-9.0	132.91
44	-15.0	7.0	-24.0	-124.0	-13.0	6.0	-11.0	-9.0	97.07
45	-6.0	-42.0	38.0	16.0	8.0	0.0	-3.0	-5.0	77.96
46	-48.0	-9.0	-11.0	17.0	4.0	-2.0	4.0	-2.0	77.65
47	93.0	28.0	-8.0	20.0	-2.0	-3.0	-4.0	-3.0	68.25
48	-39.0	-20.0	-12.0	42.0	-8.0	9.0	4.0	-11.0	73.41
49	-16.0	2.0	-26.0	-36.0	-15.0	-3.0	0.0	20.0	77.65
50	15.0	127.0	127.0	1.0	19.0	21.0	4.0	-18.0	87.08
51	5.0	46.0	0.0	-7.0	10.0	1.0	12.0	1.0	68.25
52	-33.0	-25.0	4.0	-33.0	-7.0	15.0	6.0	-12.0	45.26
53	-8.0	9.0	-14.0	-69.0	4.0	-7.0	19.0	-2.0	53.08
54	2.0	65.0	0.0	78.0	-6.0	-11.0	14.0	-12.0	58.84
55	-14.0	-34.0	-16.0	-59.0	-6.0	-8.0	-15.0	-2.0	41.2
56	-2.0	-94.0	30.0	30.0	-3.0	1.0	2.0	28.0	42.98
57	-8.0	-21.0	1.0	-19.0	-2.0	-11.0	-10.0	17.0	37.91
58	31.0	7.0	-47.0	44.0	8.0	14.0	12.0	-2.0	38.09
59	17.0	-16.0	-42.0	-13.0	6.0	6.0	3.0	-19.0	44.45
60	-112.0	-29.0	3.0	-15.0	-2.0	3.0	1.0	-10.0	59.72
61	-16.0	-56.0	104.0	-12.0	-14.0	-5.0	-6.0	6.0	38.09
62	27.0	-5.0	-40.0	-31.0	30.0	-1.0	8.0	12.0	38.7
63	5.0	-4.0	-11.0	-22.0	-2.0	-5.0	-3.0	-5.0	43.59
64	76.0	-96.0	11.0	118.0	-2.0	-5.0	-28.0	-3.0	37.91
65	39.0	-47.0	9.0	20.0	-5.0	0.0	12.0	3.0	44.47
66	-1.0	34.0	21.0	22.0	0.0	11.0	10.0	18.0	44.06
67	-103.0	16.0	-8.0	16.0	10.0	-4.0	3.0	-3.0	37.65
68	-34.0	-24.0	-78.0	-61.0	23.0	4.0	7.0	17.0	48.12
69	1.0	-1.0	-10.0	52.0	-16.0	5.0	-12.0	10.0	37.61
70	46.0	10.0	-23.0	-24.0	12.0	8.0	0.0	-44.0	60.63
71	10.0	-33.0	-12.0	96.0	17.0	4.0	5.0	-16.0	50.03
72	-31.0	-26.0	70.0	-7.0	13.0	-24.0	2.0	-4.0	56.29
73	-17.0	1.0	53.0	-128.0	-2.0	2.0	12.0	14.0	60.63
74	-4.0	52.0	71.0	-56.0	0.0	0.0	-4.0	5.0	45.26
75	-9.0	50.0	0.0	103.0	-35.0	-5.0	-12.0	3.0	44.06
76	-119.0	30.0	11.0	-98.0	7.0	3.0	6.0	-7.0	39.91
77	-32.0	-34.0	6.0	-19.0	-3.0	-16.0	1.0	25.0	48.12
78	-12.0	-12.0	-9.0	29.0	1.0	-1.0	-11.0	-5.0	41.2
79	6.0	68.0	-62.0	-20.0	0.0	3.0	-16.0	11.0	63.67
