0	30.0	-23.0	-13.0	-27.0	-11.0	-14.0	-15.0	4.0	64.14
1	-121.0	90.0	16.0	10.0	15.0	19.0	11.0	-3.0	82.4
2	65.0	-57.0	15.0	-52.0	-6.0	-5.0	-8.0	-12.0	79.44
3	-41.0	127.0	-63.0	18.0	-7.0	-3.0	-36.0	15.0	82.4
4	105.0	-128.0	40.0	7.0	11.0	57.0	-2.0	-6.0	68.41
5	-79.0	127.0	-61.0	-9.0	-2.0	29.0	-10.0	7.0	63.95
6	62.0	34.0	35.0	6.0	1.0	7.0	-18.0	-16.0	68.41
7	-19.0	62.0	-61.0	66.0	-5.0	-4.0	50.0	21.0	89.78
8	25.0	-23.0	-17.0	-3.0	-5.0	-8.0	-15.0	7.0	87.97
9	52.0	-9.0	19.0	-1.0	6.0	-7.0	22.0	30.0	95.55
10	-54.0	61.0	22.0	-19.0	-9.0	-16.0	13.0	-14.0	97.42
11	92.0	32.0	48.0	6.0	3.0	39.0	1.0	2.0	98.5
12	-64.0	104.0	17.0	-5.0	18.0	-17.0	-25.0	1.0	102.65
13	127.0	-95.0	32.0	15.0	2.0	-39.0	6.0	31.0	106.95
14	-29.0	127.0	1.0	-3.0	-8.0	-3.0	-19.0	1.0	113.88
15	-17.0	50.0	-4.0	-8.0	3.0	-18.0	25.0	2.0	108.51
16	-24.0	125.0	94.0	-1.0	-11.0	-9.0	40.0	10.0	106.95
17	50.0	-38.0	-1.0	-25.0	4.0	26.0	-16.0	-41.0	109.76
18	98.0	-128.0	113.0	-14.0	7.0	-16.0	-43.0	15.0	116.53
19	-65.0	53.0	-128.0	-32.0	-10.0	-22.0	-13.0	-11.0	114.41
20	-33.0	-29.0	-32.0	8.0	-3.0	11.0	0.0	-15.0	120.58
21	-128.0	-41.0	-97.0	-123.0	10.0	-6.0	28.0	5.0	118.93
22	-115.0	-5.0	-20.0	-26.0	-6.0	8.0	-17.0	3.0	122.74
23	-50.0	-39.0	80.0	-27.0	-5.0	20.0	5.0	6.0	126.19
24	29.0	0.0	-52.0	33.0	10.0	24.0	-11.0	-11.0	123.18
25	8.0	-30.0	1.0	-14.0	-4.0	15.0	-3.0	19.0	123.18
26	-61.0	-23.0	81.0	-8.0	-19.0	-36.0	8.0	-13.0	121.61
27	-23.0	-128.0	76.0	25.0	-19.0	-34.0	-5.0	10.0	122.48
28	-97.0	3.0	-55.0	1.0	-11.0	39.0	29.0	9.0	119.36
29	-46.0	-36.0	4.0	36.0	1.0	-6.0	13.0	-8.0	115.48
30	-128.0	-7.0	-46.0	-13.0	-3.0	-22.0	11.0	-5.0	112.56
31	44.0	-4.0	13.0	40.0	-4.0	-11.0	-22.0	-32.0	115.48
32	-64.0	-17.0	7.0	-10.0	3.0	13.0	1.0	7.0	123.18
33	-83.0	-29.0	64.0	-16.0	-3.0	10.0	12.0	3.0	121.61
34	127.0	68.0	-9.0	6.0	0.0	5.0	8.0	30.0	118.93
35	41.0	72.0	5.0	-26.0	-7.0	-16.0	9.0	24.0	110.44
36	-18.0	17.0	16.0	48.0	3.0	-8.0	-4.0	-1.0	110.44
37	91.0	-76.0	25.0	-12.0	9.0	9.0	-19.0	11.0	105.12
38	-57.0	50.0	-4.0	34.0	2.0	-12.0	-19.0	2.0	99.96
39	24.0	106.0	-46.0	-12.0	-9.0	-7.0	50.0	91.0	95.55
40	15.0	125.0	13.0	3.0	6.0	5.0	-38.0	-43.0	95.18
41	-16.0	-5.0	-14.0	6.0	7.0	10.0	-3.0	23.0	62.08
42	-79.0	-89.0	2.0	26.0	2.0	10.0	10.0	-44.0	60.93
43	127.0	-72.0	-53.0	11.0	24.0	-29.0	-2.0	-13.0	66.58
44	-67.0	-15.0	-3.0	-23.0	-12.0	-20.0	13.0	0.0	60.93
45	-23.0	54.0	-128.0	3.0	-12.0	-10.0	-10.0	-1.0	84.69
46	26.0	-18.0	50.0	28.0	3.0	-7.0	35.0	-6.0	95.18
47	-22.0	119.0	-21.0	31.0	-3.0	-10.0	3.0	31.0	87.97
48	-1.0	-66.0	-29.0	13.0	17.0	4.0	-21.0	2.0	105.16
49	53.0	4.0	37.0	12.0	-28.0	-34.0	-12.0	1.0	94.13
50	87.0	81.0	1.0	-8.0	-11.0	7.0	1.0	17.0	75.22
51	-26.0	29.0	9.0	21.0	5.0	16.0	-2.0	0.0	76.98
52	-45.0	-66.0	-37.0	22.0	-1.0	-5.0	-1.0	-31.0	85.98
53	1.0	9.0	76.0	-17.0	18.0	10.0	24.0	-5.0	60.47
54	-40.0	-23.0	16.0	23.0	12.0	-13.0	-11.0	32.0	55.56
55	-123.0	-61.0	4.0	8.0	-14.0	-5.0	25.0	-12.0	75.22
56	64.0	46.0	2.0	1.0	-3.0	14.0	7.0	-18.0	52.57
57	96.0	-5.0	9.0	-47.0	12.0	-6.0	-16.0	-24.0	51.92
58	24.0	12.0	34.0	-10.0	-3.0	-6.0	14.0	-1.0	51.79
59	77.0	37.0	-7.0	-36.0	-17.0	15.0	-18.0	3.0	52.14
60	62.0	39.0	-24.0	10.0	6.0	-20.0	13.0	11.0	51.68
61	-24.0	-1.0	27.0	-69.0	8.0	11.0	2.0	12.0	50.96
62	77.0	117.0	-5.0	24.0	-5.0	-4.0	3.0	-2.0	51.79
63	127.0	-22.0	53.0	12.0	-1.0	-20.0	25.0	-8.0	51.15
64	-13.0	88.0	-13.0	-6.0	-8.0	-2.0	-5.0	2.0	52.23
65	-11.0	3.0	-9.0	23.0	6.0	25.0	-28.0	-2.0	53.46
66	0.0	-109.0	-19.0	-7.0	1.0	1.0	19.0	2.0	55.36
67	8.0	109.0	-82.0	18.0	11.0	15.0	-17.0	19.0	50.96
68	84.0	127.0	38.0	-51.0	-11.0	-24.0	-5.0	-1.0	51.78
69	60.0	-52.0	-6.0	111.0	2.0	-22.0	-11.0	9.0	52.23
70	63.0	-72.0	60.0	-128.0	7.0	42.0	7.0	33.0	57.06
71	62.0	127.0	13.0	27.0	18.0	-3.0	13.0	5.0	53.46
72	12.0	-123.0	6.0	-16.0	-1.0	-9.0	-8.0	4.0	58.3
73	-18.0	-82.0	-17.0	38.0	3.0	10.0	-17.0	10.0	55.88
74	101.0	-1.0	47.0	1.0	1.0	5.0	-19.0	-27.0	58.61
75	-109.0	-80.0	12.0	-49.0	-10.0	4.0	30.0	-14.0	57.06
76	-73.0	-56.0	22.0	-47.0	-5.0	22.0	5.0	-11.0	60.47
77	27.0	-107.0	34.0	44.0	5.0	3.0	-1.0	63.0	70.99
78	-6.0	-26.0	-63.0	23.0	4.0	-15.0	-25.0	4.0	73.34
