0	-69.0	80.0	-53.0	18.0	-6.0	-14.0	21.0	39.0	94.6
1	-10.0	-9.0	80.0	-59.0	8.0	-8.0	-6.0	34.0	105.04
2	-93.0	8.0	95.0	-43.0	10.0	-8.0	-10.0	15.0	91.78
3	74.0	-83.0	-103.0	127.0	4.0	9.0	6.0	-8.0	81.94
4	41.0	0.0	43.0	-40.0	0.0	-22.0	-17.0	-15.0	74.93
5	33.0	5.0	2.0	-3.0	8.0	-24.0	32.0	-4.0	85.42
6	-128.0	61.0	3.0	52.0	0.0	8.0	25.0	1.0	76.82
7	-121.0	55.0	-50.0	13.0	9.0	-16.0	-12.0	-16.0	80.47
8	72.0	95.0	-19.0	-86.0	-22.0	0.0	-4.0	-21.0	55.43
9	-40.0	-1.0	-128.0	106.0	-5.0	-21.0	69.0	31.0	61.56
10	43.0	-30.0	85.0	28.0	16.0	11.0	5.0	19.0	59.68
11	127.0	51.0	4.0	-71.0	-4.0	1.0	3.0	6.0	85.3
12	11.0	-12.0	19.0	-32.0	2.0	7.0	4.0	36.0	61.56
13	-73.0	26.0	71.0	-28.0	-10.0	-5.0	-3.0	-9.0	63.51
14	60.0	-37.0	74.0	-19.0	-1.0	15.0	21.0	12.0	63.56
15	-11.0	-70.0	-75.0	-31.0	1.0	-26.0	82.0	-21.0	70.85
16	127.0	77.0	43.0	127.0	-20.0	32.0	-9.0	-20.0	78.42
17	-82.0	127.0	68.0	-26.0	-5.0	19.0	0.0	9.0	80.47
18	126.0	3.0	-120.0	-14.0	2.0	7.0	-11.0	-11.0	65.6
19	-73.0	75.0	2.0	-3.0	-5.0	55.0	3.0	-8.0	57.82
20	45.0	5.0	95.0	-25.0	17.0	38.0	11.0	20.0	51.61
21	-81.0	-67.0	-68.0	-15.0	-3.0	-4.0	-9.0	6.0	61.04
22	-40.0	-50.0	7.0	-13.0	-3.0	69.0	-17.0	-7.0	55.43
23	35.0	127.0	-43.0	14.0	0.0	-40.0	11.0	19.0	50.28
24	49.0	-71.0	-38.0	-8.0	9.0	6.0	32.0	-7.0	50.55
25	37.0	-11.0	-38.0	39.0	-6.0	3.0	-12.0	-30.0	50.36
26	19.0	25.0	93.0	-49.0	16.0	-13.0	-33.0	3.0	53.27
27	-4.0	-9.0	-33.0	-79.0	7.0	-5.0	-3.0	2.0	43.49
28	-74.0	-21.0	-104.0	-19.0	31.0	13.0	-19.0	-1.0	50.22
29	68.0	75.0	29.0	-2.0	8.0	38.0	-13.0	-26.0	57.43
30	-90.0	7.0	6.0	-111.0	-12.0	4.0	-26.0	9.0	50.55
31	-128.0	-3.0	-63.0	14.0	11.0	-5.0	-4.0	-1.0	59.39
32	22.0	19.0	-32.0	-19.0	19.0	0.0	-8.0	-10.0	60.14
33	22.0	-98.0	-4.0	-10.0	4.0	55.0	-64.0	-69.0	50.76
34	-25.0	-52.0	-36.0	37.0	-15.0	-40.0	-13.0	49.0	55.0
35	-12.0	102.0	66.0	10.0	17.0	-24.0	-12.0	-8.0	56.25
36	-88.0	127.0	-99.0	21.0	18.0	-11.0	7.0	37.0	56.25
37	-16.0	-128.0	-43.0	-14.0	20.0	26.0	30.0	9.0	56.58
38	87.0	88.0	-24.0	-16.0	-8.0	17.0	57.0	0.0	55.0
39	127.0	-98.0	127.0	-12.0	-14.0	6.0	-14.0	-25.0	52.92
40	-97.0	127.0	-128.0	3.0	1.0	-28.0	11.0	-1.0	51.61
41	-90.0	-128.0	-61.0	-17.0	-13.0	-9.0	6.0	19.0	60.92
42	-76.0	-65.0	-1.0	-67.0	7.0	6.0	26.0	-2.0	59.39
43	-5.0	19.0	-15.0	-10.0	23.0	16.0	-5.0	-2.0	78.42
44	-17.0	-17.0	49.0	65.0	-4.0	18.0	13.0	-25.0	70.85
45	73.0	18.0	-35.0	-4.0	3.0	24.0	26.0	10.0	89.03
46	-4.0	30.0	-104.0	5.0	-8.0	-12.0	43.0	-27.0	72.44
47	125.0	46.0	-128.0	-24.0	-3.0	-17.0	89.0	-2.0	67.76
48	95.0	-47.0	32.0	-74.0	-4.0	8.0	-22.0	19.0	74.15
49	-128.0	10.0	-16.0	68.0	2.0	-15.0	-15.0	9.0	63.56
50	-41.0	52.0	-23.0	-118.0	-10.0	31.0	-4.0	-21.0	87.7
51	43.0	-66.0	-1.0	-34.0	-1.0	2.0	-5.0	60.0	91.78
52	-75.0	-67.0	127.0	4.0	-5.0	-8.0	16.0	4.0	90.03
53	-81.0	-40.0	-2.0	127.0	-2.0	-3.0	-16.0	-22.0	93.2
54	4.0	120.0	3.0	-29.0	-1.0	-2.0	28.0	-2.0	97.13
55	-76.0	-3.0	-58.0	-17.0	16.0	15.0	1.0	17.0	93.2
56	89.0	-93.0	8.0	-4.0	-8.0	-6.0	-2.0	-11.0	97.02
57	-12.0	19.0	20.0	119.0	-5.0	-45.0	-23.0	-26.0	105.16
58	-63.0	-68.0	-39.0	21.0	-5.0	-25.0	6.0	-2.0	99.38
59	-11.0	19.0	-51.0	-79.0	19.0	-11.0	-4.0	-14.0	100.02
60	102.0	18.0	-8.0	-87.0	-8.0	19.0	12.0	4.0	110.2
61	127.0	-70.0	7.0	-7.0	3.0	-8.0	13.0	42.0	105.16
62	127.0	48.0	11.0	2.0	-4.0	-16.0	23.0	-11.0	114.38
63	127.0	98.0	80.0	1.0	13.0	-9.0	-3.0	10.0	105.04
64	-112.0	-8.0	-21.0	58.0	-6.0	12.0	5.0	24.0	117.86
65	-24.0	29.0	13.0	-128.0	-1.0	-5.0	-8.0	-34.0	117.19
66	4.0	-116.0	16.0	-34.0	1.0	-5.0	-21.0	-37.0	118.65
67	-1.0	12.0	-50.0	65.0	-12.0	2.0	-14.0	-34.0	114.44
68	114.0	76.0	-38.0	6.0	-6.0	-16.0	1.0	17.0	119.21
69	-24.0	70.0	18.0	-29.0	-4.0	-17.0	16.0	-28.0	118.76
70	15.0	-72.0	-13.0	31.0	-8.0	7.0	1.0	21.0	112.13
71	-104.0	127.0	-17.0	-3.0	0.0	-6.0	4.0	-7.0	117.12
72	127.0	-40.0	-12.0	-16.0	-10.0	-6.0	-8.0	-30.0	117.86
73	36.0	-67.0	-43.0	26.0	-15.0	9.0	0.0	1.0	111.09
74	-28.0	-21.0	40.0	-69.0	1.0	-17.0	45.0	24.0	117.19
75	106.0	-47.0	-39.0	-17.0	-4.0	-16.0	24.0	-6.0	112.13
76	127.0	-92.0	-7.0	127.0	-2.0	12.0	-17.0	8.0	100.02
77	-13.0	-71.0	5.0	-128.0	-11.0	3.0	-1.0	-5.0	107.08
78	-49.0	-86.0	78.0	-23.0	8.0	6.0	9.0	7.0	102.54
