0	44.0	-89.0	103.0	6.0	18.0	6.0	-2.0	2.0	72.14
1	40.0	116.0	4.0	2.0	3.0	10.0	-1.0	5.0	77.9
2	-15.0	-63.0	-50.0	12.0	-10.0	-18.0	-6.0	-16.0	65.82
3	127.0	127.0	-29.0	19.0	9.0	5.0	-13.0	-7.0	64.86
4	71.0	4.0	-74.0	31.0	-1.0	-12.0	8.0	-17.0	64.86
5	-24.0	-9.0	-24.0	38.0	-6.0	14.0	-2.0	-23.0	66.18
6	37.0	50.0	34.0	23.0	3.0	-24.0	10.0	32.0	55.15
7	-51.0	127.0	14.0	-128.0	26.0	-1.0	15.0	32.0	55.15
8	-18.0	-36.0	37.0	8.0	0.0	13.0	-14.0	4.0	57.66
9	6.0	44.0	73.0	-1.0	-4.0	0.0	1.0	7.0	53.88
10	63.0	-30.0	-32.0	-8.0	-2.0	9.0	-7.0	9.0	62.47
11	65.0	29.0	11.0	-6.0	9.0	22.0	1.0	1.0	50.82
12	-7.0	52.0	4.0	10.0	-20.0	-24.0	7.0	-10.0	46.45
13	114.0	-60.0	122.0	26.0	3.0	-19.0	-9.0	9.0	48.15
14	-56.0	-128.0	66.0	-60.0	2.0	22.0	10.0	-18.0	51.72
15	111.0	-98.0	-81.0	64.0	-5.0	-4.0	-14.0	12.0	44.68
16	-12.0	-15.0	-22.0	46.0	3.0	6.0	7.0	-15.0	49.69
17	-6.0	-77.0	-128.0	3.0	-7.0	2.0	-1.0	-28.0	49.69
18	61.0	-16.0	-41.0	102.0	-1.0	3.0	12.0	6.0	44.76
19	-121.0	127.0	57.0	7.0	-5.0	-18.0	4.0	-7.0	44.01
20	20.0	-8.0	-14.0	40.0	-4.0	4.0	-42.0	-3.0	43.66
21	20.0	8.0	-7.0	-46.0	2.0	-35.0	7.0	4.0	48.15
22	-1.0	5.0	73.0	64.0	-1.0	1.0	-13.0	47.0	44.68
23	10.0	23.0	-101.0	7.0	-3.0	-16.0	23.0	0.0	48.45
24	-6.0	27.0	-14.0	-17.0	0.0	22.0	8.0	-7.0	57.9
25	-7.0	5.0	24.0	-2.0	16.0	13.0	-5.0	-29.0	56.16
26	-18.0	81.0	-30.0	0.0	-2.0	-2.0	-18.0	10.0	57.66
27	104.0	-126.0	4.0	-10.0	-4.0	-18.0	8.0	-18.0	63.07
28	13.0	85.0	70.0	-4.0	-3.0	12.0	3.0	3.0	71.41
29	87.0	-128.0	18.0	11.0	-19.0	6.0	-13.0	-6.0	84.67
30	-41.0	33.0	-22.0	-14.0	-2.0	-17.0	-17.0	-43.0	96.27
31	-52.0	44.0	-30.0	102.0	-1.0	-3.0	-28.0	15.0	97.38
32	33.0	-15.0	-16.0	43.0	2.0	-10.0	3.0	2.0	119.79
33	-18.0	-32.0	-10.0	-5.0	1.0	-4.0	8.0	-4.0	126.6
34	114.0	99.0	9.0	-42.0	-3.0	11.0	8.0	18.0	121.67
35	-28.0	39.0	22.0	-13.0	-7.0	-49.0	-10.0	13.0	121.15
36	6.0	127.0	-9.0	-54.0	8.0	2.0	-4.0	4.0	106.56
37	127.0	36.0	-101.0	35.0	-4.0	-4.0	1.0	-4.0	101.58
38	50.0	-2.0	15.0	10.0	3.0	32.0	-5.0	-5.0	112.49
39	12.0	79.0	-30.0	-3.0	-6.0	17.0	9.0	1.0	96.61
40	-28.0	-118.0	31.0	30.0	-5.0	-19.0	-10.0	-13.0	94.98
41	-13.0	-98.0	70.0	-27.0	1.0	-16.0	-2.0	25.0	101.17
42	-52.0	-117.0	-50.0	-124.0	-3.0	15.0	-5.0	39.0	114.92
43	87.0	-33.0	-2.0	-11.0	-11.0	5.0	2.0	-2.0	126.03
44	-55.0	47.0	0.0	14.0	16.0	2.0	7.0	19.0	121.15
45	96.0	-35.0	21.0	-1.0	35.0	6.0	-33.0	-9.0	107.05
46	-43.0	12.0	12.0	25.0	-11.0	-29.0	11.0	-15.0	111.99
47	9.0	-51.0	13.0	19.0	-5.0	5.0	-9.0	-8.0	123.29
48	62.0	1.0	87.0	-46.0	0.0	-37.0	16.0	2.0	123.64
49	-100.0	96.0	-56.0	2.0	3.0	46.0	0.0	-8.0	126.6
50	-66.0	-47.0	2.0	-22.0	9.0	-10.0	10.0	29.0	122.47
51	13.0	-12.0	17.0	15.0	-3.0	-8.0	-2.0	18.0	110.43
52	24.0	87.0	16.0	-3.0	-6.0	20.0	-3.0	-12.0	121.67
53	-86.0	-87.0	79.0	-75.0	4.0	-44.0	-15.0	-1.0	125.34
54	-128.0	-98.0	20.0	-7.0	-3.0	7.0	25.0	-13.0	124.91
55	50.0	85.0	-17.0	-13.0	10.0	-17.0	-9.0	20.0	122.93
56	-67.0	-7.0	-24.0	53.0	-18.0	-3.0	26.0	0.0	127.18
57	-28.0	29.0	-18.0	-5.0	-8.0	-8.0	0.0	-6.0	127.18
58	117.0	27.0	-41.0	2.0	0.0	-29.0	-40.0	36.0	104.27
59	-23.0	-128.0	-3.0	19.0	16.0	-9.0	3.0	-9.0	107.05
60	-105.0	-46.0	9.0	-13.0	10.0	-8.0	-19.0	16.0	102.7
61	31.0	-25.0	13.0	-4.0	-2.0	-10.0	17.0	13.0	101.17
62	-50.0	20.0	73.0	38.0	6.0	-19.0	-19.0	-27.0	94.98
63	99.0	44.0	-11.0	-43.0	18.0	-9.0	-1.0	-16.0	94.19
64	-7.0	106.0	127.0	-15.0	-8.0	25.0	-16.0	-5.0	94.37
65	-63.0	110.0	41.0	25.0	-1.0	22.0	7.0	16.0	78.68
66	3.0	56.0	-13.0	-30.0	3.0	29.0	-30.0	4.0	79.49
67	-40.0	-4.0	16.0	-1.0	-4.0	-18.0	-28.0	15.0	76.3
68	42.0	-33.0	-78.0	-25.0	6.0	11.0	41.0	-8.0	76.3
69	108.0	72.0	18.0	-25.0	7.0	12.0	0.0	7.0	79.49
70	-52.0	-22.0	-100.0	21.0	-3.0	-6.0	6.0	3.0	74.92
71	-9.0	40.0	0.0	93.0	-12.0	12.0	8.0	13.0	84.67
72	-6.0	7.0	-32.0	127.0	7.0	-8.0	-11.0	-4.0	70.05
73	0.0	8.0	-82.0	-23.0	8.0	-19.0	0.0	-4.0	83.32
74	105.0	-16.0	13.0	64.0	-10.0	43.0	12.0	6.0	78.23
75	49.0	49.0	-23.0	-33.0	-1.0	-4.0	17.0	4.0	74.92
76	5.0	-84.0	23.0	-119.0	8.0	1.0	1.0	11.0	84.83
77	26.0	-128.0	5.0	73.0	8.0	-9.0	-1.0	10.0	89.41
