0	-10.0	22.0	40.0	-13.0	-14.0	25.0	18.0	6.0	114.66
1	7.0	-103.0	46.0	-90.0	-6.0	15.0	1.0	6.0	114.89
2	24.0	-52.0	-33.0	0.0	1.0	20.0	15.0	-14.0	116.82
3	-11.0	49.0	-6.0	-58.0	-5.0	-11.0	-22.0	-2.0	116.82
4	53.0	7.0	48.0	13.0	16.0	-30.0	-29.0	31.0	116.71
5	-116.0	-10.0	3.0	42.0	-9.0	7.0	-28.0	-19.0	116.73
6	-91.0	14.0	-42.0	-15.0	11.0	17.0	-27.0	-19.0	116.23
7	-70.0	-19.0	-29.0	-17.0	22.0	-12.0	-17.0	-8.0	116.12
8	-26.0	-62.0	11.0	19.0	-16.0	-4.0	-9.0	23.0	116.57
9	-42.0	-43.0	23.0	82.0	-11.0	-14.0	-24.0	-10.0	109.99
10	-24.0	-3.0	-9.0	-17.0	0.0	41.0	-39.0	-8.0	116.12
11	-128.0	-88.0	117.0	44.0	1.0	-59.0	9.0	6.0	112.64
12	53.0	25.0	-121.0	4.0	8.0	16.0	-16.0	3.0	114.66
13	7.0	77.0	11.0	11.0	0.0	18.0	2.0	4.0	111.37
14	104.0	49.0	13.0	-1.0	-11.0	41.0	34.0	-8.0	91.04
15	-87.0	-30.0	10.0	-20.0	-3.0	3.0	1.0	4.0	98.8
16	80.0	123.0	33.0	-7.0	1.0	-15.0	34.0	-19.0	102.76
17	-26.0	-2.0	43.0	9.0	11.0	-12.0	-13.0	-8.0	93.32
18	9.0	18.0	-128.0	28.0	10.0	-13.0	-3.0	-8.0	88.1
19	96.0	-17.0	35.0	-19.0	2.0	0.0	1.0	2.0	107.79
20	-23.0	-128.0	-5.0	6.0	-1.0	-18.0	-23.0	0.0	102.76
21	17.0	71.0	23.0	35.0	1.0	-1.0	20.0	-15.0	101.41
22	38.0	31.0	33.0	-11.0	0.0	44.0	-29.0	-50.0	95.1
23	-128.0	-72.0	23.0	65.0	-5.0	-11.0	1.0	10.0	93.71
24	-10.0	20.0	-40.0	125.0	3.0	22.0	-13.0	6.0	93.32
25	-128.0	-54.0	-1.0	-64.0	-4.0	-28.0	-12.0	15.0	112.65
26	24.0	-115.0	94.0	2.0	4.0	-6.0	10.0	8.0	108.72
27	-77.0	-79.0	19.0	-17.0	-1.0	24.0	2.0	-17.0	88.67
28	-2.0	127.0	33.0	-15.0	-20.0	-3.0	-34.0	8.0	88.1
29	-23.0	-87.0	-11.0	90.0	-9.0	14.0	2.0	6.0	60.56
30	-19.0	-103.0	-21.0	2.0	-10.0	-14.0	2.0	17.0	82.2
31	-22.0	-38.0	8.0	-31.0	-3.0	0.0	20.0	3.0	78.98
32	-6.0	-73.0	41.0	5.0	6.0	6.0	-2.0	10.0	76.34
33	9.0	53.0	-6.0	-1.0	11.0	-29.0	-2.0	-6.0	81.84
34	-21.0	81.0	-4.0	24.0	16.0	-3.0	22.0	-12.0	85.69
35	-27.0	75.0	-41.0	-105.0	5.0	-2.0	8.0	-2.0	65.53
36	-66.0	-93.0	-109.0	115.0	-4.0	-14.0	-28.0	1.0	65.43
37	118.0	87.0	29.0	127.0	4.0	-7.0	32.0	1.0	65.43
38	46.0	58.0	33.0	65.0	-10.0	7.0	22.0	25.0	59.78
39	35.0	35.0	117.0	-1.0	7.0	2.0	0.0	0.0	56.57
40	-14.0	15.0	61.0	-111.0	8.0	11.0	-13.0	-2.0	52.72
41	-26.0	6.0	10.0	23.0	10.0	-27.0	-8.0	0.0	54.52
42	-25.0	-23.0	-13.0	6.0	3.0	-1.0	-6.0	2.0	52.72
43	-23.0	-21.0	-95.0	7.0	5.0	-29.0	-7.0	0.0	52.69
44	-47.0	16.0	10.0	-35.0	-11.0	-3.0	2.0	-4.0	58.98
45	-87.0	-16.0	-11.0	35.0	-17.0	6.0	20.0	13.0	52.37
46	59.0	16.0	32.0	11.0	0.0	2.0	11.0	-2.0	53.74
47	77.0	-72.0	33.0	-11.0	5.0	-11.0	15.0	-11.0	56.77
48	117.0	53.0	-3.0	-87.0	-8.0	21.0	0.0	9.0	52.38
49	-16.0	85.0	-74.0	2.0	22.0	-29.0	-44.0	11.0	55.94
50	-80.0	-19.0	-14.0	5.0	-2.0	-40.0	-11.0	-18.0	52.69
51	-126.0	-18.0	54.0	-8.0	16.0	-2.0	14.0	2.0	56.36
52	89.0	-93.0	-5.0	23.0	-17.0	-17.0	-38.0	13.0	56.36
53	49.0	53.0	-24.0	-9.0	4.0	7.0	26.0	3.0	57.0
54	-97.0	3.0	-9.0	17.0	0.0	25.0	18.0	-11.0	72.85
55	-93.0	24.0	35.0	2.0	5.0	5.0	1.0	8.0	63.3
56	31.0	-38.0	8.0	-34.0	1.0	-14.0	13.0	15.0	56.77
57	-42.0	-44.0	-110.0	-128.0	1.0	-16.0	-8.0	-13.0	61.56
58	-11.0	-60.0	-29.0	69.0	5.0	-10.0	-20.0	-2.0	61.94
59	115.0	13.0	14.0	35.0	-5.0	18.0	-5.0	-22.0	57.17
60	72.0	70.0	9.0	-17.0	-5.0	-26.0	-6.0	-1.0	64.78
61	-98.0	-42.0	-16.0	-16.0	-26.0	8.0	-1.0	0.0	64.78
62	-104.0	96.0	-63.0	-34.0	1.0	14.0	1.0	14.0	57.99
63	-29.0	20.0	16.0	10.0	18.0	-16.0	29.0	0.0	61.39
64	42.0	127.0	90.0	15.0	2.0	-3.0	-36.0	1.0	68.23
65	-128.0	3.0	-3.0	81.0	-10.0	-25.0	-17.0	-6.0	57.17
66	127.0	-128.0	-20.0	-123.0	-6.0	-40.0	-2.0	1.0	78.7
67	-111.0	-12.0	-22.0	-16.0	7.0	-40.0	-22.0	0.0	76.34
68	33.0	-53.0	1.0	-80.0	9.0	3.0	4.0	1.0	89.71
69	29.0	-31.0	11.0	35.0	11.0	5.0	-9.0	-3.0	111.37
70	53.0	6.0	-50.0	16.0	-14.0	0.0	-20.0	-5.0	84.54
71	35.0	17.0	-87.0	19.0	11.0	51.0	9.0	-1.0	70.31
72	-102.0	53.0	72.0	-19.0	0.0	-2.0	-2.0	-16.0	88.67
73	-65.0	-15.0	83.0	-7.0	-6.0	-15.0	-28.0	-8.0	90.93
74	7.0	-128.0	-22.0	79.0	-5.0	19.0	-6.0	0.0	74.6
75	92.0	19.0	-4.0	-2.0	-4.0	-12.0	-22.0	2.0	78.98
76	-128.0	-128.0	67.0	127.0	-5.0	-2.0	4.0	-1.0	97.65
